0.000500 2.6207367226e-02
0.001000 2.6207268675e-02
0.001500 2.6206749804e-02
0.002000 2.6205363471e-02
0.002500 2.6202663322e-02
0.003000 2.6198208492e-02
0.003500 2.6191568798e-02
0.004000 2.6182330406e-02
0.004500 2.6170101892e-02
0.005000 2.6154520608e-02
0.005500 2.6135259250e-02
0.006000 2.6112032461e-02
0.006500 2.6084603339e-02
0.007000 2.6052789667e-02
0.007500 2.6016469685e-02
0.008000 2.5975587222e-02
0.008500 2.5930156014e-02
0.009000 2.5880263034e-02
0.009500 2.5826070682e-02
0.010000 2.5767817710e-02
0.010500 2.5705818782e-02
0.011000 2.5640462595e-02
0.011500 2.5572208549e-02
0.012000 2.5501581959e-02
0.012500 2.5429167877e-02
0.013000 2.5355603613e-02
0.013500 2.5281570095e-02
0.014000 2.5207782231e-02
0.014500 2.5134978484e-02
0.015000 2.5063909889e-02
0.015500 2.4995328758e-02
0.016000 2.4929977326e-02
0.016500 2.4868576620e-02
0.017000 2.4811815783e-02
0.017500 2.4760342117e-02
0.018000 2.4714752060e-02
0.018500 2.4675583289e-02
0.019000 2.4643308115e-02
0.019500 2.4618328294e-02
0.020000 2.4600971328e-02
0.020500 2.4591488316e-02
0.021000 2.4590053322e-02
0.021500 2.4596764256e-02
0.022000 2.4611645151e-02
0.022500 2.4634649757e-02
0.023000 2.4665666287e-02
0.023500 2.4704523174e-02
0.024000 2.4750995639e-02
0.024500 2.4804812911e-02
0.025000 2.4865665889e-02
0.025500 2.4933215078e-02
0.026000 2.5007098605e-02
0.026500 2.5086940174e-02
0.027000 2.5172356801e-02
0.027500 2.5262966202e-02
0.028000 2.5358393737e-02
0.028500 2.5458278828e-02
0.029000 2.5562280773e-02
0.029500 2.5670083936e-02
0.030000 2.5781402270e-02
0.030500 2.5895983179e-02
0.031000 2.6013610713e-02
0.031500 2.6134108117e-02
0.032000 2.6257339758e-02
0.032500 2.6383212450e-02
0.033000 2.6511676218e-02
0.033500 2.6642724522e-02
0.034000 2.6776393978e-02
0.034500 2.6912763598e-02
0.035000 2.7051953582e-02
0.035500 2.7194123678e-02
0.036000 2.7339471138e-02
0.036500 2.7488228281e-02
0.037000 2.7640659687e-02
0.037500 2.7797059032e-02
0.038000 2.7957745590e-02
0.038500 2.8123060417e-02
0.039000 2.8293362227e-02
0.039500 2.8469022999e-02
0.040000 2.8650423330e-02
0.040500 2.8837947550e-02
0.041000 2.9031978658e-02
0.041500 2.9232893068e-02
0.042000 2.9441055238e-02
0.042500 2.9656812183e-02
0.043000 2.9880487930e-02
0.043500 3.0112377927e-02
0.044000 3.0352743461e-02
0.044500 3.0601806106e-02
0.045000 3.0859742240e-02
0.045500 3.1126677669e-02
0.046000 3.1402682387e-02
0.046500 3.1687765521e-02
0.047000 3.1981870488e-02
0.047500 3.2284870427e-02
0.048000 3.2596563935e-02
0.048500 3.2916671170e-02
0.049000 3.3244830387e-02
0.049500 3.3580594953e-02
0.050000 3.3923430929e-02
0.050500 3.4272715292e-02
0.051000 3.4627734862e-02
0.051500 3.4987686041e-02
0.052000 3.5351675432e-02
0.052500 3.5718721429e-02
0.053000 3.6087756867e-02
0.053500 3.6457632796e-02
0.054000 3.6827123467e-02
0.054500 3.7194932570e-02
0.055000 3.7559700795e-02
0.055500 3.7920014718e-02
0.056000 3.8274417056e-02
0.056500 3.8621418249e-02
0.057000 3.8959509372e-02
0.057500 3.9287176296e-02
0.058000 3.9602915029e-02
0.058500 3.9905248136e-02
0.059000 4.0192742090e-02
0.059500 4.0464025413e-02
0.060000 4.0717807417e-02
0.060500 4.0952897326e-02
0.061000 4.1168223569e-02
0.061500 4.1362852971e-02
0.062000 4.1536009584e-02
0.062500 4.1687092859e-02
0.063000 4.1815694857e-02
0.063500 4.1921616190e-02
0.064000 4.2004880355e-02
0.064500 4.2065746149e-02
0.065000 4.2104717826e-02
0.065500 4.2122552679e-02
0.066000 4.2120265738e-02
0.066500 4.2099131290e-02
0.067000 4.2060680946e-02
0.067500 4.2006698035e-02
0.068000 4.1939208098e-02
0.068500 4.1860465367e-02
0.069000 4.1772935101e-02
0.069500 4.1679271764e-02
0.070000 4.1582293080e-02
0.070500 4.1484950086e-02
0.071000 4.1390293371e-02
0.071500 4.1301435806e-02
0.072000 4.1221512128e-02
0.072500 4.1153635867e-02
0.073000 4.1100854158e-02
0.073500 4.1066101104e-02
0.074000 4.1052150394e-02
0.074500 4.1061567992e-02
0.075000 4.1096665731e-02
0.075500 4.1159456705e-02
0.076000 4.1251613374e-02
0.076500 4.1374429305e-02
0.077000 4.1528785421e-02
0.077500 4.1715121645e-02
0.078000 4.1933414703e-02
0.078500 4.2183162804e-02
0.079000 4.2463377779e-02
0.079500 4.2772585153e-02
0.080000 4.3108832461e-02
0.080500 4.3469705960e-02
0.081000 4.3852355725e-02
0.081500 4.4253528928e-02
0.082000 4.4669610913e-02
0.082500 4.5096673529e-02
0.083000 4.5530529959e-02
0.083500 4.5966795191e-02
0.084000 4.6400951059e-02
0.084500 4.6828414737e-02
0.085000 4.7244609402e-02
0.085500 4.7645035760e-02
0.086000 4.8025343074e-02
0.086500 4.8381398306e-02
0.087000 4.8709352043e-02
0.087500 4.9005699904e-02
0.088000 4.9267338218e-02
0.088500 4.9491612886e-02
0.089000 4.9676360458e-02
0.089500 4.9819940646e-02
0.090000 4.9921259654e-02
0.090500 4.9979783897e-02
0.091000 4.9995543912e-02
0.091500 4.9969128428e-02
0.092000 4.9901668811e-02
0.092500 4.9794814279e-02
0.093000 4.9650698454e-02
0.093500 4.9471898039e-02
0.094000 4.9261384505e-02
0.094500 4.9022469861e-02
0.095000 4.8758747634e-02
0.095500 4.8474030296e-02
0.096000 4.8172284422e-02
0.096500 4.7857564863e-02
0.097000 4.7533949220e-02
0.097500 4.7205473869e-02
0.098000 4.6876072705e-02
0.098500 4.6549519696e-02
0.099000 4.6229376206e-02
0.099500 4.5918943935e-02
0.100000 4.5621224160e-02
0.100500 4.5338883798e-02
0.101000 4.5074228672e-02
0.101500 4.4829184165e-02
0.102000 4.4605283303e-02
0.102500 4.4403662139e-02
0.103000 4.4225062168e-02
0.103500 4.4069839358e-02
0.104000 4.3937979289e-02
0.104500 4.3829117754e-02
0.105000 4.3742566136e-02
0.105500 4.3677340790e-02
0.106000 4.3632195634e-02
0.106500 4.3605657147e-02
0.107000 4.3596060955e-02
0.107500 4.3601589235e-02
0.108000 4.3620308197e-02
0.108500 4.3650204960e-02
0.109000 4.3689223224e-02
0.109500 4.3735297183e-02
0.110000 4.3786383254e-02
0.110500 4.3840489247e-02
0.111000 4.3895700707e-02
0.111500 4.3950204244e-02
0.112000 4.4002307745e-02
0.112500 4.4050457437e-02
0.113000 4.4093251836e-02
0.113500 4.4129452678e-02
0.114000 4.4157992970e-02
0.114500 4.4177982338e-02
0.115000 4.4188709878e-02
0.115500 4.4189644720e-02
0.116000 4.4180434539e-02
0.116500 4.4160902238e-02
0.117000 4.4131041014e-02
0.117500 4.4091008008e-02
0.118000 4.4041116743e-02
0.118500 4.3981828488e-02
0.119000 4.3913742723e-02
0.119500 4.3837586809e-02
0.120000 4.3754204978e-02
0.120500 4.3664546732e-02
0.121000 4.3569654725e-02
0.121500 4.3470652189e-02
0.122000 4.3368729971e-02
0.122500 4.3265133230e-02
0.123000 4.3161147848e-02
0.123500 4.3058086625e-02
0.124000 4.2957275313e-02
0.124500 4.2860038575e-02
0.125000 4.2767685944e-02
0.125500 4.2681497896e-02
0.126000 4.2602712120e-02
0.126500 4.2532510124e-02
0.127000 4.2472004300e-02
0.127500 4.2422225563e-02
0.128000 4.2384111724e-02
0.128500 4.2358496726e-02
0.129000 4.2346100870e-02
0.129500 4.2347522186e-02
0.130000 4.2363229048e-02
0.130500 4.2393554167e-02
0.131000 4.2438690046e-02
0.131500 4.2498685999e-02
0.132000 4.2573446784e-02
0.132500 4.2662732896e-02
0.133000 4.2766162564e-02
0.133500 4.2883215425e-02
0.134000 4.3013237875e-02
0.134500 4.3155450041e-02
0.135000 4.3308954308e-02
0.135500 4.3472745308e-02
0.136000 4.3645721255e-02
0.136500 4.3826696490e-02
0.137000 4.4014415084e-02
0.137500 4.4207565315e-02
0.138000 4.4404794831e-02
0.138500 4.4604726294e-02
0.139000 4.4805973285e-02
0.139500 4.5007156227e-02
0.140000 4.5206918115e-02
0.140500 4.5403939781e-02
0.141000 4.5596954471e-02
0.141500 4.5784761492e-02
0.142000 4.5966238689e-02
0.142500 4.6140353531e-02
0.143000 4.6306172609e-02
0.143500 4.6462869345e-02
0.144000 4.6609729764e-02
0.144500 4.6746156187e-02
0.145000 4.6871668756e-02
0.145500 4.6985904723e-02
0.146000 4.7088615505e-02
0.146500 4.7179661513e-02
0.147000 4.7259004862e-02
0.147500 4.7326700077e-02
0.148000 4.7382882981e-02
0.148500 4.7427758012e-02
0.149000 4.7461584240e-02
0.149500 4.7484660422e-02
0.150000 4.7497309459e-02
0.150500 4.7499862659e-02
0.151000 4.7492644233e-02
0.151500 4.7475956456e-02
0.152000 4.7450065939e-02
0.152500 4.7415191440e-02
0.153000 4.7371493618e-02
0.153500 4.7319067100e-02
0.154000 4.7257935178e-02
0.154500 4.7188047400e-02
0.155000 4.7109280222e-02
0.155500 4.7021440833e-02
0.156000 4.6924274165e-02
0.156500 4.6817472986e-02
0.157000 4.6700690924e-02
0.157500 4.6573558114e-02
0.158000 4.6435699133e-02
0.158500 4.6286752760e-02
0.159000 4.6126393055e-02
0.159500 4.5954351168e-02
0.160000 4.5770437293e-02
0.160500 4.5574562095e-02
0.161000 4.5366757001e-02
0.161500 4.5147192707e-02
0.162000 4.4916195323e-02
0.162500 4.4674259616e-02
0.163000 4.4422058872e-02
0.163500 4.4160451016e-02
0.164000 4.3890480665e-02
0.164500 4.3613376977e-02
0.165000 4.3330547171e-02
0.165500 4.3043565805e-02
0.166000 4.2754159915e-02
0.166500 4.2464190313e-02
0.167000 4.2175629357e-02
0.167500 4.1890535661e-02
0.168000 4.1611026246e-02
0.168500 4.1339246706e-02
0.169000 4.1077340019e-02
0.169500 4.0827414634e-02
0.170000 4.0591512509e-02
0.170500 4.0371577750e-02
0.171000 4.0169426481e-02
0.171500 3.9986718568e-02
0.172000 3.9824931730e-02
0.172500 3.9685338562e-02
0.173000 3.9568986897e-02
0.173500 3.9476683868e-02
0.174000 3.9408983962e-02
0.174500 3.9366181263e-02
0.175000 3.9348306009e-02
0.175500 3.9355125490e-02
0.176000 3.9386149234e-02
0.176500 3.9440638352e-02
0.177000 3.9517618828e-02
0.177500 3.9615898459e-02
0.178000 3.9734087092e-02
0.178500 3.9870619740e-02
0.179000 4.0023782106e-02
0.179500 4.0191737983e-02
0.180000 4.0372557993e-02
0.180500 4.0564249081e-02
0.181000 4.0764784177e-02
0.181500 4.0972131426e-02
0.182000 4.1184282439e-02
0.182500 4.1399278989e-02
0.183000 4.1615237666e-02
0.183500 4.1830372029e-02
0.184000 4.2043011868e-02
0.184500 4.2251619271e-02
0.185000 4.2454801254e-02
0.185500 4.2651318830e-02
0.186000 4.2840092466e-02
0.186500 4.3020203978e-02
0.187000 4.3190895021e-02
0.187500 4.3351562394e-02
0.188000 4.3501750488e-02
0.188500 4.3641141256e-02
0.189000 4.3769542158e-02
0.189500 4.3886872558e-02
0.190000 4.3993149093e-02
0.190500 4.4088470543e-02
0.191000 4.4173002701e-02
0.191500 4.4246963755e-02
0.192000 4.4310610614e-02
0.192500 4.4364226590e-02
0.193000 4.4408110751e-02
0.193500 4.4442569228e-02
0.194000 4.4467908614e-02
0.194500 4.4484431592e-02
0.195000 4.4492434772e-02
0.195500 4.4492208683e-02
0.196000 4.4484039782e-02
0.196500 4.4468214270e-02
0.197000 4.4445023463e-02
0.197500 4.4414770410e-02
0.198000 4.4377777441e-02
0.198500 4.4334394285e-02
0.199000 4.4285006417e-02
0.199500 4.4230043283e-02
0.200000 4.4169986086e-02
0.200500 4.4105374818e-02
0.201000 4.4036814293e-02
0.201500 4.3964978938e-02
0.202000 4.3890616166e-02
0.202500 4.3814548198e-02
0.203000 4.3737672237e-02
0.203500 4.3660958954e-02
0.204000 4.3585449267e-02
0.204500 4.3512249474e-02
0.205000 4.3442524786e-02
0.205500 4.3377491373e-02
0.206000 4.3318407054e-02
0.206500 4.3266560768e-02
0.207000 4.3223261015e-02
0.207500 4.3189823425e-02
0.208000 4.3167557665e-02
0.208500 4.3157753878e-02
0.209000 4.3161668854e-02
0.209500 4.3180512137e-02
0.210000 4.3215432284e-02
0.210500 4.3267503465e-02
0.211000 4.3337712602e-02
0.211500 4.3426947250e-02
0.212000 4.3535984384e-02
0.212500 4.3665480283e-02
0.213000 4.3815961649e-02
0.213500 4.3987818117e-02
0.214000 4.4181296285e-02
0.214500 4.4396495342e-02
0.215000 4.4633364412e-02
0.215500 4.4891701634e-02
0.216000 4.5171155024e-02
0.216500 4.5471225112e-02
0.217000 4.5791269315e-02
0.217500 4.6130507978e-02
0.218000 4.6488031994e-02
0.218500 4.6862811860e-02
0.219000 4.7253708014e-02
0.219500 4.7659482275e-02
0.220000 4.8078810165e-02
0.220500 4.8510293895e-02
0.221000 4.8952475768e-02
0.221500 4.9403851762e-02
0.222000 4.9862885038e-02
0.222500 5.0328019135e-02
0.223000 5.0797690625e-02
0.223500 5.1270341021e-02
0.224000 5.1744427761e-02
0.224500 5.2218434102e-02
0.225000 5.2690877833e-02
0.225500 5.3160318710e-02
0.226000 5.3625364589e-02
0.226500 5.4084676267e-02
0.227000 5.4536971073e-02
0.227500 5.4981025292e-02
0.228000 5.5415675556e-02
0.228500 5.5839819342e-02
0.229000 5.6252414751e-02
0.229500 5.6652479764e-02
0.230000 5.7039091176e-02
0.230500 5.7411383397e-02
0.231000 5.7768547328e-02
0.231500 5.8109829477e-02
0.232000 5.8434531486e-02
0.232500 5.8742010195e-02
0.233000 5.9031678328e-02
0.233500 5.9303005892e-02
0.234000 5.9555522282e-02
0.234500 5.9788819099e-02
0.235000 6.0002553621e-02
0.235500 6.0196452842e-02
0.236000 6.0370317947e-02
0.236500 6.0524029094e-02
0.237000 6.0657550313e-02
0.237500 6.0770934346e-02
0.238000 6.0864327222e-02
0.238500 6.0937972375e-02
0.239000 6.0992214098e-02
0.239500 6.1027500153e-02
0.240000 6.1044383362e-02
0.240500 6.1043522024e-02
0.241000 6.1025679048e-02
0.241500 6.0991719690e-02
0.242000 6.0942607853e-02
0.242500 6.0879400904e-02
0.243000 6.0803243035e-02
0.243500 6.0715357212e-02
0.244000 6.0617035789e-02
0.244500 6.0509629916e-02
0.245000 6.0394537888e-02
0.245500 6.0273192612e-02
0.246000 6.0147048407e-02
0.246500 6.0017567360e-02
0.247000 5.9886205477e-02
0.247500 5.9754398902e-02
0.248000 5.9623550447e-02
0.248500 5.9495016699e-02
0.249000 5.9370095967e-02
0.249500 5.9250017291e-02
0.250000 5.9135930757e-02
0.250500 5.9028899286e-02
0.251000 5.8929892087e-02
0.251500 5.8839779881e-02
0.252000 5.8759331994e-02
0.252500 5.8689215362e-02
0.253000 5.8629995431e-02
0.253500 5.8582138911e-02
0.254000 5.8546018283e-02
0.254500 5.8521917895e-02
0.255000 5.8510041473e-02
0.255500 5.8510520792e-02
0.256000 5.8523425252e-02
0.256500 5.8548772055e-02
0.257000 5.8586536660e-02
0.257500 5.8636663179e-02
0.258000 5.8699074395e-02
0.258500 5.8773681048e-02
0.259000 5.8860390104e-02
0.259500 5.8959111699e-02
0.260000 5.9069764525e-02
0.260500 5.9192279442e-02
0.261000 5.9326601179e-02
0.261500 5.9472688023e-02
0.262000 5.9630509457e-02
0.262500 5.9800041811e-02
0.263000 5.9981261992e-02
0.263500 6.0174139488e-02
0.264000 6.0378626857e-02
0.264500 6.0594648981e-02
0.265000 6.0822091427e-02
0.265500 6.1060788263e-02
0.266000 6.1310509737e-02
0.266500 6.1570950231e-02
0.267000 6.1841716890e-02
0.267500 6.2122319356e-02
0.268000 6.2412160987e-02
0.268500 6.2710531918e-02
0.269000 6.3016604293e-02
0.269500 6.3329429938e-02
0.270000 6.3647940682e-02
0.270500 6.3970951497e-02
0.271000 6.4297166517e-02
0.271500 6.4625187993e-02
0.272000 6.4953528093e-02
0.272500 6.5280623462e-02
0.273000 6.5604852343e-02
0.273500 6.5924554021e-02
0.274000 6.6238050289e-02
0.274500 6.6543668593e-02
0.275000 6.6839766455e-02
0.275500 6.7124756758e-02
0.276000 6.7397133434e-02
0.276500 6.7655497080e-02
0.277000 6.7898580027e-02
0.277500 6.8125270361e-02
0.278000 6.8334634426e-02
0.278500 6.8525937344e-02
0.279000 6.8698661087e-02
0.279500 6.8852519717e-02
0.280000 6.8987471382e-02
0.280500 6.9103726771e-02
0.281000 6.9201753723e-02
0.281500 6.9282277792e-02
0.282000 6.9346278606e-02
0.282500 6.9394981953e-02
0.283000 6.9429847593e-02
0.283500 6.9452552874e-02
0.284000 6.9464972333e-02
0.284500 6.9469153524e-02
0.285000 6.9467289416e-02
0.285500 6.9461687784e-02
0.286000 6.9454738081e-02
0.286500 6.9448876365e-02
0.287000 6.9446548896e-02
0.287500 6.9450175078e-02
0.288000 6.9462110458e-02
0.288500 6.9484610494e-02
0.289000 6.9519795822e-02
0.289500 6.9569619739e-02
0.290000 6.9635838571e-02
0.290500 6.9719985544e-02
0.291000 6.9823348736e-02
0.291500 6.9946953557e-02
0.292000 7.0091550149e-02
0.292500 7.0257605961e-02
0.293000 7.0445303658e-02
0.293500 7.0654544369e-02
0.294000 7.0884956205e-02
0.294500 7.1135907787e-02
0.295000 7.1406526484e-02
0.295500 7.1695720884e-02
0.296000 7.2002206968e-02
0.296500 7.2324537367e-02
0.297000 7.2661133003e-02
0.297500 7.3010316385e-02
0.298000 7.3370345810e-02
0.298500 7.3739449694e-02
0.299000 7.4115860288e-02
0.299500 7.4497846073e-02
0.300000 7.4883742169e-02
0.300500 7.5271978151e-02
0.301000 7.5661102790e-02
0.301500 7.6049805261e-02
0.302000 7.6436932528e-02
0.302500 7.6821502657e-02
0.303000 7.7202713968e-02
0.303500 7.7579949987e-02
0.304000 7.7952780292e-02
0.304500 7.8320957425e-02
0.305000 7.8684410112e-02
0.305500 7.9043233118e-02
0.306000 7.9397674106e-02
0.306500 7.9748117926e-02
0.307000 8.0095068768e-02
0.307500 8.0439130652e-02
0.308000 8.0780986708e-02
0.308500 8.1121377723e-02
0.309000 8.1461080355e-02
0.309500 8.1800885459e-02
0.310000 8.2141576868e-02
0.310500 8.2483910960e-02
0.311000 8.2828597312e-02
0.311500 8.3176280654e-02
0.312000 8.3527524316e-02
0.312500 8.3882795322e-02
0.313000 8.4242451212e-02
0.313500 8.4606728663e-02
0.314000 8.4975733924e-02
0.314500 8.5349435073e-02
0.315000 8.5727656052e-02
0.315500 8.6110072454e-02
0.316000 8.6496208982e-02
0.316500 8.6885438537e-02
0.317000 8.7276982854e-02
0.317500 8.7669914619e-02
0.318000 8.8063161007e-02
0.318500 8.8455508588e-02
0.319000 8.8845609531e-02
0.319500 8.9231989072e-02
0.320000 8.9613054200e-02
0.320500 8.9987103514e-02
0.321000 9.0352338217e-02
0.321500 9.0706874209e-02
0.322000 9.1048755220e-02
0.322500 9.1375966942e-02
0.323000 9.1686452089e-02
0.323500 9.1978126318e-02
0.324000 9.2248894912e-02
0.324500 9.2496670126e-02
0.325000 9.2719389080e-02
0.325500 9.2915032055e-02
0.326000 9.3081641052e-02
0.326500 9.3217338440e-02
0.327000 9.3320345521e-02
0.327500 9.3389000833e-02
0.328000 9.3421777993e-02
0.328500 9.3417302880e-02
0.329000 9.3374369974e-02
0.329500 9.3291957660e-02
0.330000 9.3169242293e-02
0.330500 9.3005610874e-02
0.331000 9.2800672154e-02
0.331500 9.2554266036e-02
0.332000 9.2266471129e-02
0.332500 9.1937610359e-02
0.333000 9.1568254540e-02
0.333500 9.1159223838e-02
0.334000 9.0711587096e-02
0.334500 9.0226658978e-02
0.335000 8.9705994949e-02
0.335500 8.9151384114e-02
0.336000 8.8564839939e-02
0.336500 8.7948588943e-02
0.337000 8.7305057425e-02
0.337500 8.6636856316e-02
0.338000 8.5946764293e-02
0.338500 8.5237709250e-02
0.339000 8.4512748283e-02
0.339500 8.3775046327e-02
0.340000 8.3027853604e-02
0.340500 8.2274482044e-02
0.341000 8.1518280857e-02
0.341500 8.0762611419e-02
0.342000 8.0010821678e-02
0.342500 7.9266220254e-02
0.343000 7.8532050429e-02
0.343500 7.7811464245e-02
0.344000 7.7107496895e-02
0.344500 7.6423041649e-02
0.345000 7.5760825513e-02
0.345500 7.5123385867e-02
0.346000 7.4513048306e-02
0.346500 7.3931905940e-02
0.347000 7.3381800388e-02
0.347500 7.2864304733e-02
0.348000 7.2380708679e-02
0.348500 7.1932006177e-02
0.349000 7.1518885770e-02
0.349500 7.1141723894e-02
0.350000 7.0800581374e-02
0.350500 7.0495203318e-02
0.351000 7.0225022602e-02
0.351500 6.9989167087e-02
0.352000 6.9786470683e-02
0.352500 6.9615488316e-02
0.353000 6.9474514797e-02
0.353500 6.9361607520e-02
0.354000 6.9274612851e-02
0.354500 6.9211195994e-02
0.355000 6.9168873999e-02
0.355500 6.9145051545e-02
0.356000 6.9137058997e-02
0.356500 6.9142192170e-02
0.357000 6.9157753150e-02
0.357500 6.9181091450e-02
0.358000 6.9209644725e-02
0.358500 6.9240978213e-02
0.359000 6.9272822065e-02
0.359500 6.9303105708e-02
0.360000 6.9329988419e-02
0.360500 6.9351885322e-02
0.361000 6.9367488117e-02
0.361500 6.9375779919e-02
0.362000 6.9376043753e-02
0.362500 6.9367864357e-02
0.363000 6.9351123149e-02
0.363500 6.9325986372e-02
0.364000 6.9292886646e-02
0.364500 6.9252498329e-02
0.365000 6.9205707300e-02
0.365500 6.9153575938e-02
0.366000 6.9097304247e-02
0.366500 6.9038188203e-02
0.367000 6.8977576502e-02
0.367500 6.8916826964e-02
0.368000 6.8857263853e-02
0.368500 6.8800137388e-02
0.369000 6.8746586620e-02
0.369500 6.8697606799e-02
0.370000 6.8654022153e-02
0.370500 6.8616464900e-02
0.371000 6.8585361045e-02
0.371500 6.8560923347e-02
0.372000 6.8543151588e-02
0.372500 6.8531840031e-02
0.373000 6.8526591762e-02
0.373500 6.8526839363e-02
0.374000 6.8531871192e-02
0.374500 6.8540862391e-02
0.375000 6.8552909579e-02
0.375500 6.8567068149e-02
0.376000 6.8582390984e-02
0.376500 6.8597967428e-02
0.377000 6.8612961351e-02
0.377500 6.8626647223e-02
0.378000 6.8638443175e-02
0.378500 6.8647940171e-02
0.379000 6.8654926532e-02
0.379500 6.8659407195e-02
0.380000 6.8661617278e-02
0.380500 6.8662029664e-02
0.381000 6.8661356463e-02
0.381500 6.8660544418e-02
0.382000 6.8660764402e-02
0.382500 6.8663395338e-02
0.383000 6.8670002952e-02
0.383500 6.8682313889e-02
0.384000 6.8702185811e-02
0.384500 6.8731574131e-02
0.385000 6.8772496110e-02
0.385500 6.8826993069e-02
0.386000 6.8897091474e-02
0.386500 6.8984763667e-02
0.387000 6.9091888982e-02
0.387500 6.9220215988e-02
0.388000 6.9371326553e-02
0.388500 6.9546602362e-02
0.389000 6.9747194522e-02
0.389500 6.9973996759e-02
0.390000 7.0227622716e-02
0.390500 7.0508387731e-02
0.391000 7.0816295454e-02
0.391500 7.1151029526e-02
0.392000 7.1511950507e-02
0.392500 7.1898098131e-02
0.393000 7.2308198880e-02
0.393500 7.2740678772e-02
0.394000 7.3193681199e-02
0.394500 7.3665089515e-02
0.395000 7.4152554032e-02
0.395500 7.4653522978e-02
0.396000 7.5165276885e-02
0.396500 7.5684965847e-02
0.397000 7.6209648961e-02
0.397500 7.6736335296e-02
0.398000 7.7262025620e-02
0.398500 7.7783754145e-02
0.399000 7.8298629523e-02
0.399500 7.8803874319e-02
0.400000 7.9296862243e-02
0.400500 7.9775152427e-02
0.401000 8.0236520114e-02
0.401500 8.0678983193e-02
0.402000 8.1100824078e-02
0.402500 8.1500606574e-02
0.403000 8.1877187419e-02
0.403500 8.2229722366e-02
0.404000 8.2557666754e-02
0.404500 8.2860770649e-02
0.405000 8.3139068761e-02
0.405500 8.3392865460e-02
0.406000 8.3622715310e-02
0.406500 8.3829399654e-02
0.407000 8.4013899851e-02
0.407500 8.4177367825e-02
0.408000 8.4321094661e-02
0.408500 8.4446477976e-02
0.409000 8.4554988809e-02
0.409500 8.4648138766e-02
0.410000 8.4727448113e-02
0.410500 8.4794415448e-02
0.411000 8.4850489521e-02
0.411500 8.4897043685e-02
0.412000 8.4935353355e-02
0.412500 8.4966576762e-02
0.413000 8.4991739163e-02
0.413500 8.5011720586e-02
0.414000 8.5027247057e-02
0.414500 8.5038885197e-02
0.415000 8.5047039950e-02
0.415500 8.5051955171e-02
0.416000 8.5053716731e-02
0.416500 8.5052257758e-02
0.417000 8.5047365618e-02
0.417500 8.5038690244e-02
0.418000 8.5025753429e-02
0.418500 8.5007958734e-02
0.419000 8.4984601717e-02
0.419500 8.4954880234e-02
0.420000 8.4917904641e-02
0.420500 8.4872707788e-02
0.421000 8.4818254783e-02
0.421500 8.4753452543e-02
0.422000 8.4677159269e-02
0.422500 8.4588193972e-02
0.423000 8.4485346275e-02
0.423500 8.4367386714e-02
0.424000 8.4233077792e-02
0.424500 8.4081186027e-02
0.425000 8.3910495217e-02
0.425500 8.3719821106e-02
0.426000 8.3508027581e-02
0.426500 8.3274044462e-02
0.427000 8.3016886857e-02
0.427500 8.2735675977e-02
0.428000 8.2429661187e-02
0.428500 8.2098242999e-02
0.429000 8.1740996592e-02
0.429500 8.1357695364e-02
0.430000 8.0948333942e-02
0.430500 8.0513150014e-02
0.431000 8.0052644297e-02
0.431500 7.9567597921e-02
0.432000 7.9059086540e-02
0.432500 7.8528490459e-02
0.433000 7.7977500162e-02
0.433500 7.7408116657e-02
0.434000 7.6822646205e-02
0.434500 7.6223689063e-02
0.435000 7.5614122062e-02
0.435500 7.4997074962e-02
0.436000 7.4375900713e-02
0.436500 7.3754139900e-02
0.437000 7.3135479829e-02
0.437500 7.2523708881e-02
0.438000 7.1922666886e-02
0.438500 7.1336192431e-02
0.439000 7.0768068093e-02
0.439500 7.0221964709e-02
0.440000 6.9701385815e-02
0.440500 6.9209613433e-02
0.441000 6.8749656370e-02
0.441500 6.8324202156e-02
0.442000 6.7935573665e-02
0.442500 6.7585691398e-02
0.443000 6.7276042236e-02
0.443500 6.7007655386e-02
0.444000 6.6781086029e-02
0.444500 6.6596407043e-02
0.445000 6.6453208992e-02
0.445500 6.6350608379e-02
0.446000 6.6287264009e-02
0.446500 6.6261401111e-02
0.447000 6.6270842752e-02
0.447500 6.6313047900e-02
0.448000 6.6385155382e-02
0.448500 6.6484032889e-02
0.449000 6.6606330088e-02
0.449500 6.6748534823e-02
0.450000 6.6907031382e-02
0.450500 6.7078159752e-02
0.451000 6.7258274806e-02
0.451500 6.7443804365e-02
0.452000 6.7631305154e-02
0.452500 6.7817515678e-02
0.453000 6.7999405151e-02
0.453500 6.8174217692e-02
0.454000 6.8339511085e-02
0.454500 6.8493189529e-02
0.455000 6.8633529914e-02
0.455500 6.8759201288e-02
0.456000 6.8869277316e-02
0.456500 6.8963241665e-02
0.457000 6.9040986375e-02
0.457500 6.9102803434e-02
0.458000 6.9149369871e-02
0.458500 6.9181726823e-02
0.459000 6.9201253126e-02
0.459500 6.9209634087e-02
0.460000 6.9208826153e-02
0.460500 6.9201018270e-02
0.461000 6.9188590757e-02
0.461500 6.9174072527e-02
0.462000 6.9160097519e-02
0.462500 6.9149361127e-02
0.463000 6.9144577438e-02
0.463500 6.9148437954e-02
0.464000 6.9163572479e-02
0.464500 6.9192512686e-02
0.465000 6.9237658835e-02
0.465500 6.9301249995e-02
0.466000 6.9385338000e-02
0.466500 6.9491765294e-02
0.467000 6.9622146695e-02
0.467500 6.9777855046e-02
0.468000 6.9960010609e-02
0.468500 7.0169474016e-02
0.469000 7.0406842543e-02
0.469500 7.0672449414e-02
0.470000 7.0966365838e-02
0.470500 7.1288405490e-02
0.471000 7.1638131115e-02
0.471500 7.2014863014e-02
0.472000 7.2417689136e-02
0.472500 7.2845476599e-02
0.473000 7.3296884449e-02
0.473500 7.3770377564e-02
0.474000 7.4264241593e-02
0.474500 7.4776598903e-02
0.475000 7.5305425507e-02
0.475500 7.5848568979e-02
0.476000 7.6403767357e-02
0.476500 7.6968669048e-02
0.477000 7.7540853726e-02
0.477500 7.8117854182e-02
0.478000 7.8697179062e-02
0.478500 7.9276336374e-02
0.479000 7.9852857611e-02
0.479500 8.0424322250e-02
0.480000 8.0988382391e-02
0.480500 8.1542787175e-02
0.481000 8.2085406655e-02
0.481500 8.2614254684e-02
0.482000 8.3127510420e-02
0.482500 8.3623537992e-02
0.483000 8.4100903901e-02
0.483500 8.4558391746e-02
0.484000 8.4995013883e-02
0.484500 8.5410019696e-02
0.485000 8.5802900218e-02
0.485500 8.6173388895e-02
0.486000 8.6521458420e-02
0.486500 8.6847313587e-02
0.487000 8.7151380270e-02
0.487500 8.7434290700e-02
0.488000 8.7696865277e-02
0.488500 8.7940091289e-02
0.489000 8.8165098930e-02
0.489500 8.8373135090e-02
0.490000 8.8565535431e-02
0.490500 8.8743695284e-02
0.491000 8.8909039921e-02
0.491500 8.9062994736e-02
0.492000 8.9206955879e-02
0.492500 8.9342261817e-02
0.493000 8.9470166301e-02
0.493500 8.9591813112e-02
0.494000 8.9708212975e-02
0.494500 8.9820222890e-02
0.495000 8.9928528160e-02
0.495500 9.0033627258e-02
0.496000 9.0135819692e-02
0.496500 9.0235196930e-02
0.497000 9.0331636451e-02
0.497500 9.0424798908e-02
0.498000 9.0514128408e-02
0.498500 9.0598855856e-02
0.499000 9.0678005319e-02
0.499500 9.0750403322e-02
0.500000 9.0814691011e-02
0.500500 9.0869339070e-02
0.501000 9.0912665285e-02
0.501500 9.0942854624e-02
0.502000 9.0957981682e-02
0.502500 9.0956035310e-02
0.503000 9.0934945228e-02
0.503500 9.0892610376e-02
0.504000 9.0826928726e-02
0.504500 9.0735828251e-02
0.505000 9.0617298684e-02
0.505500 9.0469423690e-02
0.506000 9.0290413012e-02
0.506500 9.0078634158e-02
0.507000 8.9832643136e-02
0.507500 8.9551213760e-02
0.508000 8.9233365033e-02
0.508500 8.8878386129e-02
0.509000 8.8485858507e-02
0.509500 8.8055674731e-02
0.510000 8.7588053612e-02
0.510500 8.7083551339e-02
0.511000 8.6543068335e-02
0.511500 8.5967851650e-02
0.512000 8.5359492772e-02
0.512500 8.4719920836e-02
0.513000 8.4051391281e-02
0.513500 8.3356470107e-02
0.514000 8.2638013951e-02
0.514500 8.1899146277e-02
0.515000 8.1143230074e-02
0.515500 8.0373837469e-02
0.516000 7.9594716750e-02
0.516500 7.8809757318e-02
0.517000 7.8022953101e-02
0.517500 7.7238365005e-02
0.518000 7.6460082934e-02
0.518500 7.5692187937e-02
0.519000 7.4938715001e-02
0.519500 7.4203616945e-02
0.520000 7.3490729893e-02
0.520500 7.2803740676e-02
0.521000 7.2146156512e-02
0.521500 7.1521277223e-02
0.522000 7.0932170211e-02
0.522500 7.0381648318e-02
0.523000 6.9872250676e-02
0.523500 6.9406226571e-02
0.524000 6.8985522305e-02
0.524500 6.8611770995e-02
0.525000 6.8286285209e-02
0.525500 6.8010052323e-02
0.526000 6.7783732435e-02
0.526500 6.7607658705e-02
0.527000 6.7481839923e-02
0.527500 6.7405965177e-02
0.528000 6.7379410447e-02
0.528500 6.7401246987e-02
0.529000 6.7470251373e-02
0.529500 6.7584917118e-02
0.530000 6.7743467746e-02
0.530500 6.7943871281e-02
0.531000 6.8183856074e-02
0.531500 6.8460927953e-02
0.532000 6.8772388648e-02
0.532500 6.9115355484e-02
0.533000 6.9486782299e-02
0.533500 6.9883481585e-02
0.534000 7.0302147788e-02
0.534500 7.0739381728e-02
0.535000 7.1191716057e-02
0.535500 7.1655641666e-02
0.536000 7.2127634903e-02
0.536500 7.2604185459e-02
0.537000 7.3081824731e-02
0.537500 7.3557154447e-02
0.538000 7.4026875322e-02
0.538500 7.4487815458e-02
0.539000 7.4936958211e-02
0.539500 7.5371469207e-02
0.540000 7.5788722182e-02
0.540500 7.6186323324e-02
0.541000 7.6562133769e-02
0.541500 7.6914289931e-02
0.542000 7.7241221355e-02
0.542500 7.7541665776e-02
0.543000 7.7814681131e-02
0.543500 7.8059654263e-02
0.544000 7.8276306132e-02
0.544500 7.8464693337e-02
0.545000 7.8625205868e-02
0.545500 7.8758560981e-02
0.546000 7.8865793205e-02
0.546500 7.8948240498e-02
0.547000 7.9007526651e-02
0.547500 7.9045540066e-02
0.548000 7.9064409117e-02
0.548500 7.9066474321e-02
0.549000 7.9054257610e-02
0.549500 7.9030429029e-02
0.550000 7.8997771238e-02
0.550500 7.8959142201e-02
0.551000 7.8917436494e-02
0.551500 7.8875545687e-02
0.552000 7.8836318258e-02
0.552500 7.8802519516e-02
0.553000 7.8776792018e-02
0.553500 7.8761616963e-02
0.554000 7.8759277038e-02
0.554500 7.8771821193e-02
0.555000 7.8801031798e-02
0.555500 7.8848394618e-02
0.556000 7.8915072037e-02
0.556500 7.9001879917e-02
0.557000 7.9109268459e-02
0.557500 7.9237307399e-02
0.558000 7.9385675848e-02
0.558500 7.9553657023e-02
0.559000 7.9740138083e-02
0.559500 7.9943615252e-02
0.560000 8.0162204331e-02
0.560500 8.0393656648e-02
0.561000 8.0635380460e-02
0.561500 8.0884467711e-02
0.562000 8.1137726011e-02
0.562500 8.1391715592e-02
0.563000 8.1642790960e-02
0.563500 8.1887146817e-02
0.564000 8.2120867800e-02
0.564500 8.2339981443e-02
0.565000 8.2540513735e-02
0.565500 8.2718546519e-02
0.566000 8.2870275926e-02
0.566500 8.2992070971e-02
0.567000 8.3080531381e-02
0.567500 8.3132543665e-02
0.568000 8.3145334460e-02
0.568500 8.3116520117e-02
0.569000 8.3044151579e-02
0.569500 8.2926753582e-02
0.570000 8.2763357317e-02
0.570500 8.2553525752e-02
0.571000 8.2297370944e-02
0.571500 8.1995562800e-02
0.572000 8.1649328881e-02
0.572500 8.1260445052e-02
0.573000 8.0831216926e-02
0.573500 8.0364452277e-02
0.574000 7.9863424757e-02
0.574500 7.9331829487e-02
0.575000 7.8773731241e-02
0.575500 7.8193506134e-02
0.576000 7.7595777887e-02
0.576500 7.6985349841e-02
0.577000 7.6367134035e-02
0.577500 7.5746078691e-02
0.578000 7.5127095516e-02
0.578500 7.4514988223e-02
0.579000 7.3914383623e-02
0.579500 7.3329666586e-02
0.580000 7.2764920060e-02
0.580500 7.2223871216e-02
0.581000 7.1709844598e-02
0.581500 7.1225723033e-02
0.582000 7.0773916817e-02
0.582500 7.0356341532e-02
0.583000 6.9974404633e-02
0.583500 6.9629000750e-02
0.584000 6.9320515490e-02
0.584500 6.9048837321e-02
0.585000 6.8813377001e-02
0.585500 6.8613093876e-02
0.586000 6.8446528277e-02
0.586500 6.8311839166e-02
0.587000 6.8206846129e-02
0.587500 6.8129074812e-02
0.588000 6.8075804866e-02
0.588500 6.8044119521e-02
0.589000 6.8030955915e-02
0.589500 6.8033155400e-02
0.590000 6.8047513071e-02
0.590500 6.8070825877e-02
0.591000 6.8099938716e-02
0.591500 6.8131788033e-02
0.592000 6.8163442479e-02
0.592500 6.8192140294e-02
0.593000 6.8215323144e-02
0.593500 6.8230666164e-02
0.594000 6.8236104090e-02
0.594500 6.8229853321e-02
0.595000 6.8210429881e-02
0.595500 6.8176663213e-02
0.596000 6.8127705820e-02
0.596500 6.8063038772e-02
0.597000 6.7982473126e-02
0.597500 6.7886147330e-02
0.598000 6.7774520722e-02
0.598500 6.7648363236e-02
0.599000 6.7508741472e-02
0.599500 6.7357001322e-02
0.600000 6.7194747349e-02
0.600500 6.7023819184e-02
0.601000 6.6846265214e-02
0.601500 6.6664313880e-02
0.602000 6.6480342944e-02
0.602500 6.6296847090e-02
0.603000 6.6116404296e-02
0.603500 6.5941641383e-02
0.604000 6.5775199217e-02
0.604500 6.5619698016e-02
0.605000 6.5477703223e-02
0.605500 6.5351692414e-02
0.606000 6.5244023686e-02
0.606500 6.5156905940e-02
0.607000 6.5092371456e-02
0.607500 6.5052251107e-02
0.608000 6.5038152527e-02
0.608500 6.5051441466e-02
0.609000 6.5093226542e-02
0.609500 6.5164347524e-02
0.610000 6.5265367205e-02
0.610500 6.5396566887e-02
0.611000 6.5557945429e-02
0.611500 6.5749221739e-02
0.612000 6.5969840569e-02
0.612500 6.6218981395e-02
0.613000 6.6495570143e-02
0.613500 6.6798293503e-02
0.614000 6.7125615508e-02
0.614500 6.7475796103e-02
0.615000 6.7846911368e-02
0.615500 6.8236875094e-02
0.616000 6.8643461414e-02
0.616500 6.9064328203e-02
0.617000 6.9497040985e-02
0.617500 6.9939097097e-02
0.618000 7.0387949913e-02
0.618500 7.0841032915e-02
0.619000 7.1295783451e-02
0.619500 7.1749666035e-02
0.620000 7.2200195041e-02
0.620500 7.2644956676e-02
0.621000 7.3081630104e-02
0.621500 7.3508007613e-02
0.622000 7.3922013679e-02
0.622500 7.4321722804e-02
0.623000 7.4705375967e-02
0.623500 7.5071395535e-02
0.624000 7.5418398427e-02
0.624500 7.5745207352e-02
0.625000 7.6050859901e-02
0.625500 7.6334615282e-02
0.626000 7.6595958473e-02
0.626500 7.6834601590e-02
0.627000 7.7050482291e-02
0.627500 7.7243759034e-02
0.628000 7.7414803100e-02
0.628500 7.7564187283e-02
0.629000 7.7692671271e-02
0.629500 7.7801183758e-02
0.630000 7.7890801449e-02
0.630500 7.7962725168e-02
0.631000 7.8018253402e-02
0.631500 7.8058753648e-02
0.632000 7.8085632079e-02
0.632500 7.8100302048e-02
0.633000 7.8104152076e-02
0.633500 7.8098513971e-02
0.634000 7.8084631804e-02
0.634500 7.8063632459e-02
0.635000 7.8036498470e-02
0.635500 7.8004043864e-02
0.636000 7.7966893642e-02
0.636500 7.7925467505e-02
0.637000 7.7879968330e-02
0.637500 7.7830375778e-02
0.638000 7.7776445353e-02
0.638500 7.7717713026e-02
0.639000 7.7653505480e-02
0.639500 7.7582955817e-02
0.640000 7.7505024483e-02
0.640500 7.7418524991e-02
0.641000 7.7322153904e-02
0.641500 7.7214524446e-02
0.642000 7.7094202963e-02
0.642500 7.6959747415e-02
0.643000 7.6809747007e-02
0.643500 7.6642862021e-02
0.644000 7.6457862918e-02
0.644500 7.6253667775e-02
0.645000 7.6029377176e-02
0.645500 7.5784305717e-02
0.646000 7.5518009383e-02
0.646500 7.5230308147e-02
0.647000 7.4921303251e-02
0.647500 7.4591388770e-02
0.648000 7.4241257180e-02
0.648500 7.3871898807e-02
0.649000 7.3484595149e-02
0.649500 7.3080906252e-02
0.650000 7.2662652385e-02
0.650500 7.2231890457e-02
0.651000 7.1790885670e-02
0.651500 7.1342079035e-02
0.652000 7.0888051453e-02
0.652500 7.0431485124e-02
0.653000 6.9975123083e-02
0.653500 6.9521727719e-02
0.654000 6.9074039106e-02
0.654500 6.8634733971e-02
0.655000 6.8206386133e-02
0.655500 6.7791429135e-02
0.656000 6.7392121786e-02
0.656500 6.7010517234e-02
0.657000 6.6648436105e-02
0.657500 6.6307444148e-02
0.658000 6.5988834735e-02
0.658500 6.5693616445e-02
0.659000 6.5422505866e-02
0.659500 6.5175925635e-02
0.660000 6.4954007618e-02
0.660500 6.4756601064e-02
0.661000 6.4583285434e-02
0.661500 6.4433387534e-02
0.662000 6.4306002518e-02
0.662500 6.4200018231e-02
0.663000 6.4114142323e-02
0.663500 6.4046931529e-02
0.664000 6.3996822457e-02
0.664500 6.3962163240e-02
0.665000 6.3941245371e-02
0.665500 6.3932335091e-02
0.666000 6.3933703688e-02
0.666500 6.3943656124e-02
0.667000 6.3960557449e-02
0.667500 6.3982856523e-02
0.668000 6.4009106625e-02
0.668500 6.4037982618e-02
0.669000 6.4068294407e-02
0.669500 6.4098996522e-02
0.670000 6.4129193744e-02
0.670500 6.4158142768e-02
0.671000 6.4185249998e-02
0.671500 6.4210065650e-02
0.672000 6.4232274398e-02
0.672500 6.4251682893e-02
0.673000 6.4268204536e-02
0.673500 6.4281841930e-02
0.674000 6.4292667497e-02
0.674500 6.4300802766e-02
0.675000 6.4306396861e-02
0.675500 6.4309604733e-02
0.676000 6.4310565672e-02
0.676500 6.4309382632e-02
0.677000 6.4306102860e-02
0.677500 6.4300700327e-02
0.678000 6.4293060368e-02
0.678500 6.4282966932e-02
0.679000 6.4270092775e-02
0.679500 6.4253992844e-02
0.680000 6.4234101084e-02
0.680500 6.4209730781e-02
0.681000 6.4180078512e-02
0.681500 6.4144231697e-02
0.682000 6.4101179658e-02
0.682500 6.4049828044e-02
0.683000 6.3989016381e-02
0.683500 6.3917538474e-02
0.684000 6.3834165294e-02
0.684500 6.3737669932e-02
0.685000 6.3626854189e-02
0.685500 6.3500576264e-02
0.686000 6.3357779026e-02
0.686500 6.3197518308e-02
0.687000 6.3018990639e-02
0.687500 6.2821559859e-02
0.688000 6.2604782028e-02
0.688500 6.2368428110e-02
0.689000 6.2112503898e-02
0.689500 6.1837266734e-02
0.690000 6.1543238592e-02
0.690500 6.1231215180e-02
0.691000 6.0902270800e-02
0.691500 6.0557758737e-02
0.692000 6.0199307085e-02
0.692500 5.9828809982e-02
0.693000 5.9448414300e-02
0.693500 5.9060501951e-02
0.694000 5.8667668049e-02
0.694500 5.8272695221e-02
0.695000 5.7878524479e-02
0.695500 5.7488223087e-02
0.696000 5.7104949954e-02
0.696500 5.6731919070e-02
0.697000 5.6372361615e-02
0.697500 5.6029487302e-02
0.698000 5.5706445601e-02
0.698500 5.5406287417e-02
0.699000 5.5131927838e-02
0.699500 5.4886110485e-02
0.700000 5.4671373998e-02
0.700500 5.4490021114e-02
0.701000 5.4344090752e-02
0.701500 5.4235333455e-02
0.702000 5.4165190462e-02
0.702500 5.4134776631e-02
0.703000 5.4144867348e-02
0.703500 5.4195889499e-02
0.704000 5.4287916516e-02
0.704500 5.4420667438e-02
0.705000 5.4593509885e-02
0.705500 5.4805466781e-02
0.706000 5.5055226626e-02
0.706500 5.5341157089e-02
0.707000 5.5661321639e-02
0.707500 5.6013498954e-02
0.708000 5.6395204787e-02
0.708500 5.6803716002e-02
0.709000 5.7236096468e-02
0.709500 5.7689224514e-02
0.710000 5.8159821647e-02
0.710500 5.8644482268e-02
0.711000 5.9139704106e-02
0.711500 5.9641919137e-02
0.712000 6.0147524738e-02
0.712500 6.0652914879e-02
0.713000 6.1154511139e-02
0.713500 6.1648793358e-02
0.714000 6.2132329753e-02
0.714500 6.2601806331e-02
0.715000 6.3054055419e-02
0.715500 6.3486083179e-02
0.716000 6.3895095918e-02
0.716500 6.4278525049e-02
0.717000 6.4634050534e-02
0.717500 6.4959622627e-02
0.718000 6.5253481747e-02
0.718500 6.5514176289e-02
0.719000 6.5740578170e-02
0.719500 6.5931895922e-02
0.720000 6.6087685114e-02
0.720500 6.6207855894e-02
0.721000 6.6292677441e-02
0.721500 6.6342779134e-02
0.722000 6.6359148224e-02
0.722500 6.6343123842e-02
0.723000 6.6296387187e-02
0.723500 6.6220947753e-02
0.724000 6.6119125501e-02
0.724500 6.5993528934e-02
0.725000 6.5847029049e-02
0.725500 6.5682729229e-02
0.726000 6.5503931185e-02
0.726500 6.5314097124e-02
0.727000 6.5116808393e-02
0.727500 6.4915720933e-02
0.728000 6.4714517949e-02
0.728500 6.4516860275e-02
0.729000 6.4326335017e-02
0.729500 6.4146403096e-02
0.730000 6.3980346417e-02
0.730500 6.3831215439e-02
0.731000 6.3701777967e-02
0.731500 6.3594470048e-02
0.732000 6.3511349864e-02
0.732500 6.3454055531e-02
0.733000 6.3423767704e-02
0.733500 6.3421177876e-02
0.734000 6.3446463174e-02
0.734500 6.3499268431e-02
0.735000 6.3578696183e-02
0.735500 6.3683305151e-02
0.736000 6.3811117619e-02
0.736500 6.3959635976e-02
0.737000 6.4125868522e-02
0.737500 6.4306364452e-02
0.738000 6.4497257744e-02
0.738500 6.4694319492e-02
0.739000 6.4893018009e-02
0.739500 6.5088585871e-02
0.740000 6.5276092862e-02
0.740500 6.5450523632e-02
0.741000 6.5606858756e-02
0.741500 6.5740157728e-02
0.742000 6.5845642394e-02
0.742500 6.5918779219e-02
0.743000 6.5955358822e-02
0.743500 6.5951571195e-02
0.744000 6.5904075122e-02
0.744500 6.5810060369e-02
0.745000 6.5667301393e-02
0.745500 6.5474201461e-02
0.746000 6.5229826262e-02
0.746500 6.4933926330e-02
0.747000 6.4586947810e-02
0.747500 6.4190031363e-02
0.748000 6.3744999223e-02
0.748500 6.3254330718e-02
0.749000 6.2721126734e-02
0.749500 6.2149063874e-02
0.750000 6.1542339255e-02
0.750500 6.0905607017e-02
0.751000 6.0243907827e-02
0.751500 5.9562592722e-02
0.752000 5.8867242733e-02
0.752500 5.8163585781e-02
0.753000 5.7457412341e-02
0.753500 5.6754491349e-02
0.754000 5.6060487792e-02
0.754500 5.5380883337e-02
0.755000 5.4720901250e-02
0.755500 5.4085436766e-02
0.756000 5.3478993924e-02
0.756500 5.2905629730e-02
0.757000 5.2368906396e-02
0.757500 5.1871852205e-02
0.758000 5.1416931436e-02
0.758500 5.1006023605e-02
0.759000 5.0640412136e-02
0.759500 5.0320782418e-02
0.760000 5.0047229084e-02
0.760500 4.9819272189e-02
0.761000 4.9635881853e-02
0.761500 4.9495510818e-02
0.762000 4.9396134255e-02
0.762500 4.9335296055e-02
0.763000 4.9310160777e-02
0.763500 4.9317570319e-02
0.764000 4.9354104340e-02
0.764500 4.9416143419e-02
0.765000 4.9499933885e-02
0.765500 4.9601653254e-02
0.766000 4.9717475209e-02
0.766500 4.9843633069e-02
0.767000 4.9976480736e-02
0.767500 5.0112550162e-02
0.768000 5.0248604437e-02
0.768500 5.0381685708e-02
0.769000 5.0509157198e-02
0.769500 5.0628738754e-02
0.770000 5.0738535438e-02
0.770500 5.0837058829e-02
0.771000 5.0923240816e-02
0.771500 5.0996439844e-02
0.772000 5.1056439655e-02
0.772500 5.1103440765e-02
0.773000 5.1138044990e-02
0.773500 5.1161233502e-02
0.774000 5.1174338973e-02
0.774500 5.1179012473e-02
0.775000 5.1177185879e-02
0.775500 5.1171030587e-02
0.776000 5.1162913399e-02
0.776500 5.1155350454e-02
0.777000 5.1150960095e-02
0.777500 5.1152415562e-02
0.778000 5.1162398344e-02
0.778500 5.1183553023e-02
0.779000 5.1218444332e-02
0.779500 5.1269517122e-02
0.780000 5.1339059829e-02
0.780500 5.1429171922e-02
0.781000 5.1541735748e-02
0.781500 5.1678393059e-02
0.782000 5.1840526388e-02
0.782500 5.2029245376e-02
0.783000 5.2245377984e-02
0.783500 5.2489466488e-02
0.784000 5.2761767999e-02
0.784500 5.3062259215e-02
0.785000 5.3390645008e-02
0.785500 5.3746370394e-02
0.786000 5.4128635401e-02
0.786500 5.4536412299e-02
0.787000 5.4968464655e-02
0.787500 5.5423367668e-02
0.788000 5.5899529264e-02
0.788500 5.6395211452e-02
0.789000 5.6908551502e-02
0.789500 5.7437582537e-02
0.790000 5.7980253233e-02
0.790500 5.8534446353e-02
0.791000 5.9097995960e-02
0.791500 5.9668703185e-02
0.792000 6.0244350550e-02
0.792500 6.0822714878e-02
0.793000 6.1401578898e-02
0.793500 6.1978741724e-02
0.794000 6.2552028390e-02
0.794500 6.3119298697e-02
0.795000 6.3678455591e-02
0.795500 6.4227453347e-02
0.796000 6.4764305767e-02
0.796500 6.5287094616e-02
0.797000 6.5793978454e-02
0.797500 6.6283201987e-02
0.798000 6.6753106004e-02
0.798500 6.7202137904e-02
0.799000 6.7628862761e-02
0.799500 6.8031974805e-02
0.800000 6.8410309148e-02
0.800500 6.8762853518e-02
0.801000 6.9088759737e-02
0.801500 6.9387354619e-02
0.802000 6.9658149960e-02
0.802500 6.9900851259e-02
0.803000 7.0115364822e-02
0.803500 7.0301802898e-02
0.804000 7.0460486536e-02
0.804500 7.0591945862e-02
0.805000 7.0696917550e-02
0.805500 7.0776339291e-02
0.806000 7.0831341135e-02
0.806500 7.0863233667e-02
0.807000 7.0873493018e-02
0.807500 7.0863742821e-02
0.808000 7.0835733280e-02
0.808500 7.0791317594e-02
0.809000 7.0732426069e-02
0.809500 7.0661038278e-02
0.810000 7.0579153736e-02
0.810500 7.0488761551e-02
0.811000 7.0391809605e-02
0.811500 7.0290173805e-02
0.812000 7.0185627977e-02
0.812500 7.0079814979e-02
0.813000 6.9974219597e-02
0.813500 6.9870143765e-02
0.814000 6.9768684625e-02
0.814500 6.9670715876e-02
0.815000 6.9576872846e-02
0.815500 6.9487541609e-02
0.816000 6.9402852436e-02
0.816500 6.9322677776e-02
0.817000 6.9246634871e-02
0.817500 6.9174093047e-02
0.818000 6.9104185610e-02
0.818500 6.9035826202e-02
0.819000 6.8967729392e-02
0.819500 6.8898435175e-02
0.820000 6.8826337001e-02
0.820500 6.8749712848e-02
0.821000 6.8666758840e-02
0.821500 6.8575624802e-02
0.822000 6.8474451146e-02
0.822500 6.8361406406e-02
0.823000 6.8234724768e-02
0.823500 6.8092742881e-02
0.824000 6.7933935272e-02
0.824500 6.7756947704e-02
0.825000 6.7560627823e-02
0.825500 6.7344052513e-02
0.826000 6.7106551418e-02
0.826500 6.6847726150e-02
0.827000 6.6567464809e-02
0.827500 6.6265951493e-02
0.828000 6.5943670594e-02
0.828500 6.5601405770e-02
0.829000 6.5240233589e-02
0.829500 6.4861511931e-02
0.830000 6.4466863372e-02
0.830500 6.4058153832e-02
0.831000 6.3637466896e-02
0.831500 6.3207074298e-02
0.832000 6.2769403114e-02
0.832500 6.2327000314e-02
0.833000 6.1882495328e-02
0.833500 6.1438561350e-02
0.834000 6.0997876123e-02
0.834500 6.0563082922e-02
0.835000 6.0136752475e-02
0.835500 5.9721346512e-02
0.836000 5.9319183585e-02
0.836500 5.8932407759e-02
0.837000 5.8562960685e-02
0.837500 5.8212557490e-02
0.838000 5.7882666831e-02
0.838500 5.7574495350e-02
0.839000 5.7288976684e-02
0.839500 5.7026765057e-02
0.840000 5.6788233410e-02
0.840500 5.6573475892e-02
0.841000 5.6382314480e-02
0.841500 5.6214309393e-02
0.842000 5.6068772899e-02
0.842500 5.5944786057e-02
0.843000 5.5841217898e-02
0.843500 5.5756746501e-02
0.844000 5.5689881437e-02
0.844500 5.5638987016e-02
0.845000 5.5602305825e-02
0.845500 5.5577982045e-02
0.846000 5.5564084101e-02
0.846500 5.5558626243e-02
0.847000 5.5559588712e-02
0.847500 5.5564936244e-02
0.848000 5.5572634702e-02
0.848500 5.5580665755e-02
0.849000 5.5587039557e-02
0.849500 5.5589805478e-02
0.850000 5.5587061028e-02
0.850500 5.5576959141e-02
0.851000 5.5557714075e-02
0.851500 5.5527606215e-02
0.852000 5.5484986092e-02
0.852500 5.5428277964e-02
0.853000 5.5355983282e-02
0.853500 5.5266684375e-02
0.854000 5.5159048635e-02
0.854500 5.5031833475e-02
0.855000 5.4883892223e-02
0.855500 5.4714181126e-02
0.856000 5.4521767480e-02
0.856500 5.4305838900e-02
0.857000 5.4065713613e-02
0.857500 5.3800851606e-02
0.858000 5.3510866369e-02
0.858500 5.3195536928e-02
0.859000 5.2854819776e-02
0.859500 5.2488860315e-02
0.860000 5.2098003326e-02
0.860500 5.1682802052e-02
0.861000 5.1244025417e-02
0.861500 5.0782662969e-02
0.862000 5.0299927149e-02
0.862500 4.9797252581e-02
0.863000 4.9276292088e-02
0.863500 4.8738909284e-02
0.864000 4.8187167639e-02
0.864500 4.7623316017e-02
0.865000 4.7049770794e-02
0.865500 4.6469094747e-02
0.866000 4.5883973005e-02
0.866500 4.5297186417e-02
0.867000 4.4711582784e-02
0.867500 4.4130046462e-02
0.868000 4.3555466857e-02
0.868500 4.2990706411e-02
0.869000 4.2438568640e-02
0.869500 4.1901766838e-02
0.870000 4.1382893977e-02
0.870500 4.0884394371e-02
0.871000 4.0408537564e-02
0.871500 3.9957394889e-02
0.872000 3.9532819056e-02
0.872500 3.9136427058e-02
0.873000 3.8769586614e-02
0.873500 3.8433406277e-02
0.874000 3.8128729262e-02
0.874500 3.7856130963e-02
0.875000 3.7615920072e-02
0.875500 3.7408143116e-02
0.876000 3.7232592190e-02
0.876500 3.7088815610e-02
0.877000 3.6976131144e-02
0.877500 3.6893641475e-02
0.878000 3.6840251509e-02
0.878500 3.6814687134e-02
0.879000 3.6815515037e-02
0.879500 3.6841163182e-02
0.880000 3.6889941596e-02
0.880500 3.6960063098e-02
0.881000 3.7049663685e-02
0.881500 3.7156822280e-02
0.882000 3.7279579636e-02
0.882500 3.7415956202e-02
0.883000 3.7563968827e-02
0.883500 3.7721646219e-02
0.884000 3.7887043116e-02
0.884500 3.8058253175e-02
0.885000 3.8233420629e-02
0.885500 3.8410750774e-02
0.886000 3.8588519389e-02
0.886500 3.8765081210e-02
0.887000 3.8938877567e-02
0.887500 3.9108443329e-02
0.888000 3.9272413255e-02
0.888500 3.9429527878e-02
0.889000 3.9578638985e-02
0.889500 3.9718714774e-02
0.890000 3.9848844715e-02
0.890500 3.9968244102e-02
0.891000 4.0076258299e-02
0.891500 4.0172366576e-02
0.892000 4.0256185485e-02
0.892500 4.0327471625e-02
0.893000 4.0386123681e-02
0.893500 4.0432183563e-02
0.894000 4.0465836493e-02
0.894500 4.0487409858e-02
0.895000 4.0497370685e-02
0.895500 4.0496321562e-02
0.896000 4.0484994904e-02
0.896500 4.0464245439e-02
0.897000 4.0435040862e-02
0.897500 4.0398450638e-02
0.898000 4.0355632963e-02
0.898500 4.0307819971e-02
0.899000 4.0256301315e-02
0.899500 4.0202406296e-02
0.900000 4.0147484795e-02
0.900500 4.0092887276e-02
0.901000 4.0039944214e-02
0.901500 3.9989945312e-02
0.902000 3.9944118917e-02
0.902500 3.9903612062e-02
0.903000 3.9869471580e-02
0.903500 3.9842626727e-02
0.904000 3.9823873730e-02
0.904500 3.9813862668e-02
0.905000 3.9813087042e-02
0.905500 3.9821876335e-02
0.906000 3.9840391803e-02
0.906500 3.9868625667e-02
0.907000 3.9906403793e-02
0.907500 3.9953391858e-02
0.908000 4.0009104914e-02
0.908500 4.0072920172e-02
0.909000 4.0144092743e-02
0.909500 4.0221773989e-02
0.910000 4.0305032072e-02
0.910500 4.0392874216e-02
0.911000 4.0484270169e-02
0.911500 4.0578176291e-02
0.912000 4.0673559706e-02
0.912500 4.0769421926e-02
0.913000 4.0864821393e-02
0.913500 4.0958894405e-02
0.914000 4.1050873926e-02
0.914500 4.1140105858e-02
0.915000 4.1226062415e-02
0.915500 4.1308352304e-02
0.916000 4.1386727509e-02
0.916500 4.1461086581e-02
0.917000 4.1531474383e-02
0.917500 4.1598078363e-02
0.918000 4.1661221495e-02
0.918500 4.1721352099e-02
0.919000 4.1779030836e-02
0.919500 4.1834915208e-02
0.920000 4.1889741976e-02
0.920500 4.1944307903e-02
0.921000 4.1999449293e-02
0.921500 4.2056020797e-02
0.922000 4.2114873939e-02
0.922500 4.2176835851e-02
0.923000 4.2242688640e-02
0.923500 4.2313149818e-02
0.924000 4.2388854179e-02
0.924500 4.2470337461e-02
0.925000 4.2558022090e-02
0.925500 4.2652205262e-02
0.926000 4.2753049552e-02
0.926500 4.2860576187e-02
0.927000 4.2974661086e-02
0.927500 4.3095033691e-02
0.928000 4.3221278584e-02
0.928500 4.3352839813e-02
0.929000 4.3489027843e-02
0.929500 4.3629028958e-02
0.930000 4.3771916954e-02
0.930500 4.3916666885e-02
0.931000 4.4062170630e-02
0.931500 4.4207254013e-02
0.932000 4.4350695188e-02
0.932500 4.4491243979e-02
0.933000 4.4627641894e-02
0.933500 4.4758642470e-02
0.934000 4.4883031654e-02
0.934500 4.4999647901e-02
0.935000 4.5107401688e-02
0.935500 4.5205294151e-02
0.936000 4.5292434559e-02
0.936500 4.5368056371e-02
0.937000 4.5431531613e-02
0.937500 4.5482383377e-02
0.938000 4.5520296219e-02
0.938500 4.5545124296e-02
0.939000 4.5556897102e-02
0.939500 4.5555822673e-02
0.940000 4.5542288206e-02
0.940500 4.5516858023e-02
0.941000 4.5480268891e-02
0.941500 4.5433422708e-02
0.942000 4.5377376637e-02
0.942500 4.5313330778e-02
0.943000 4.5242613535e-02
0.943500 4.5166664838e-02
0.944000 4.5087017459e-02
0.944500 4.5005276649e-02
0.945000 4.4923098393e-02
0.945500 4.4842166576e-02
0.946000 4.4764169409e-02
0.946500 4.4690775441e-02
0.947000 4.4623609546e-02
0.947500 4.4564229225e-02
0.948000 4.4514101620e-02
0.948500 4.4474581571e-02
0.949000 4.4446891101e-02
0.949500 4.4432100624e-02
0.950000 4.4431112202e-02
0.950500 4.4444645114e-02
0.951000 4.4473223972e-02
0.951500 4.4517169575e-02
0.952000 4.4576592662e-02
0.952500 4.4651390646e-02
0.953000 4.4741247408e-02
0.953500 4.4845636137e-02
0.954000 4.4963825189e-02
0.954500 4.5094886881e-02
0.955000 4.5237709074e-02
0.955500 4.5391009408e-02
0.956000 4.5553351957e-02
0.956500 4.5723166089e-02
0.957000 4.5898767260e-02
0.957500 4.6078379464e-02
0.958000 4.6260159028e-02
0.958500 4.6442219437e-02
0.959000 4.6622656864e-02
0.959500 4.6799576054e-02
0.960000 4.6971116228e-02
0.960500 4.7135476670e-02
0.961000 4.7290941627e-02
0.961500 4.7435904212e-02
0.962000 4.7568888956e-02
0.962500 4.7688572695e-02
0.963000 4.7793803475e-02
0.963500 4.7883617183e-02
0.964000 4.7957251635e-02
0.964500 4.8014157860e-02
0.965000 4.8054008368e-02
0.965500 4.8076702209e-02
0.966000 4.8082366680e-02
0.966500 4.8071355565e-02
0.967000 4.8044243853e-02
0.967500 4.8001818929e-02
0.968000 4.7945068274e-02
0.968500 4.7875163795e-02
0.969000 4.7793442935e-02
0.969500 4.7701386791e-02
0.970000 4.7600595537e-02
0.970500 4.7492761476e-02
0.971000 4.7379640139e-02
0.971500 4.7263019870e-02
0.972000 4.7144690398e-02
0.972500 4.7026410928e-02
0.973000 4.6909878314e-02
0.973500 4.6796695886e-02
0.974000 4.6688343531e-02
0.974500 4.6586149600e-02
0.975000 4.6491265210e-02
0.975500 4.6404641465e-02
0.976000 4.6327010094e-02
0.976500 4.6258867935e-02
0.977000 4.6200465618e-02
0.977500 4.6151800740e-02
0.978000 4.6112615720e-02
0.978500 4.6082400435e-02
0.979000 4.6060399630e-02
0.979500 4.6045625011e-02
0.980000 4.6036871797e-02
0.980500 4.6032739447e-02
0.981000 4.6031656159e-02
0.981500 4.6031906655e-02
0.982000 4.6031662729e-02
0.982500 4.6029015922e-02
0.983000 4.6022011699e-02
0.983500 4.6008684438e-02
0.984000 4.5987092548e-02
0.984500 4.5955353037e-02
0.985000 4.5911674872e-02
0.985500 4.5854390502e-02
0.986000 4.5781984988e-02
0.986500 4.5693122217e-02
0.987000 4.5586667771e-02
0.987500 4.5461708097e-02
0.988000 4.5317565695e-02
0.988500 4.5153810145e-02
0.989000 4.4970264864e-02
0.989500 4.4767009588e-02
0.990000 4.4544378622e-02
0.990500 4.4302955012e-02
0.991000 4.4043560830e-02
0.991500 4.3767243840e-02
0.992000 4.3475260851e-02
0.992500 4.3169058116e-02
0.993000 4.2850249163e-02
0.993500 4.2520590456e-02
0.994000 4.2181955329e-02
0.994500 4.1836306610e-02
0.995000 4.1485668377e-02
0.995500 4.1132097271e-02
0.996000 4.0777653790e-02
0.996500 4.0424373951e-02
0.997000 4.0074241734e-02
0.997500 3.9729162636e-02
0.998000 3.9390938701e-02
0.998500 3.9061245327e-02
0.999000 3.8741610134e-02
0.999500 3.8433394155e-02
1.000000 3.8137775574e-02
