0.000500 0.0000000000e+00
0.001000 -4.4342905465e-04
0.001500 -1.7794457649e-03
0.002000 -4.0106214544e-03
0.002500 -7.1306607220e-03
0.003000 -1.1123365353e-02
0.003500 -1.5961652281e-02
0.004000 -2.1606677916e-02
0.004500 -2.8007121447e-02
0.005000 -3.5098677996e-02
0.005500 -4.2803808517e-02
0.006000 -5.1031787344e-02
0.006500 -5.9679080242e-02
0.007000 -6.8630075994e-02
0.007500 -7.7758183272e-02
0.008000 -8.6927292091e-02
0.008500 -9.5993586008e-02
0.009000 -1.0480767791e-01
0.009500 -1.1321702917e-01
0.010000 -1.2106859982e-01
0.010500 -1.2821166645e-01
0.011000 -1.3450073582e-01
0.011500 -1.3979847515e-01
0.012000 -1.4397857649e-01
0.012500 -1.4692847107e-01
0.013000 -1.4855181172e-01
0.013500 -1.4877064646e-01
0.014000 -1.4752721428e-01
0.014500 -1.4478530470e-01
0.015000 -1.4053113607e-01
0.015500 -1.3477372174e-01
0.016000 -1.2754471007e-01
0.016500 -1.1889770035e-01
0.017000 -1.0890705357e-01
0.017500 -9.7666233005e-02
0.018000 -8.5285723997e-02
0.018500 -7.1890594824e-02
0.019000 -5.7617770985e-02
0.019500 -4.2613102338e-02
0.020000 -2.7028306944e-02
0.020500 -1.1017876607e-02
0.021000 5.2639728730e-03
0.021500 2.1666228566e-02
0.022000 3.8043813722e-02
0.022500 5.4260066526e-02
0.023000 7.0188914645e-02
0.023500 8.5716708418e-02
0.024000 1.0074368856e-01
0.024500 1.1518507727e-01
0.025000 1.2897179412e-01
0.025500 1.4205080927e-01
0.026000 1.5438515685e-01
0.026500 1.6595363902e-01
0.027000 1.7675025782e-01
0.027500 1.8678341565e-01
0.028000 1.9607492757e-01
0.028500 2.0465888843e-01
0.029000 2.1258043638e-01
0.029500 2.1989445119e-01
0.030000 2.2666422133e-01
0.030500 2.3296010885e-01
0.031000 2.3885823558e-01
0.031500 2.4443920833e-01
0.032000 2.4978689549e-01
0.032500 2.5498726239e-01
0.033000 2.6012726847e-01
0.033500 2.6529382596e-01
0.034000 2.7057281698e-01
0.034500 2.7604816476e-01
0.035000 2.8180095359e-01
0.035500 2.8790859222e-01
0.036000 2.9444401649e-01
0.036500 3.0147492765e-01
0.037000 3.0906306456e-01
0.037500 3.1726350977e-01
0.038000 3.2612403048e-01
0.038500 3.3568445738e-01
0.039000 3.4597610483e-01
0.039500 3.5702123697e-01
0.040000 3.6883258441e-01
0.040500 3.8141291602e-01
0.041000 3.9475467010e-01
0.041500 4.0883964829e-01
0.042000 4.2363877491e-01
0.042500 4.3911192347e-01
0.043000 4.5520781145e-01
0.043500 4.7186396371e-01
0.044000 4.8900674471e-01
0.044500 5.0655145999e-01
0.045000 5.2440252744e-01
0.045500 5.4245372023e-01
0.046000 5.6058848411e-01
0.046500 5.7868033361e-01
0.047000 5.9659333297e-01
0.047500 6.1418266973e-01
0.048000 6.3129533001e-01
0.048500 6.4777088627e-01
0.049000 6.6344240871e-01
0.049500 6.7813751220e-01
0.050000 6.9167954990e-01
0.050500 7.0388896382e-01
0.051000 7.1458480036e-01
0.051500 7.2358639639e-01
0.052000 7.3071523757e-01
0.052500 7.3579698662e-01
0.053000 7.3866367413e-01
0.053500 7.3915603966e-01
0.054000 7.3712600472e-01
0.054500 7.3243925432e-01
0.055000 7.2497789754e-01
0.055500 7.1464317301e-01
0.056000 7.0135815980e-01
0.056500 6.8507045044e-01
0.057000 6.6575473919e-01
0.057500 6.4341527583e-01
0.058000 6.1808813373e-01
0.058500 5.8984323959e-01
0.059000 5.5878611249e-01
0.059500 5.2505926029e-01
0.060000 4.8884318330e-01
0.060500 4.5035693692e-01
0.061000 4.0985820852e-01
0.061500 3.6764286686e-01
0.062000 3.2404394743e-01
0.062500 2.7943004129e-01
0.063000 2.3420306168e-01
0.063500 1.8879536851e-01
0.064000 1.4366623876e-01
0.064500 9.9297679170e-02
0.065000 5.6189587044e-02
0.065500 1.4854275827e-02
0.066000 -2.4189606206e-02
0.066500 -6.0423722642e-02
0.067000 -9.3337205398e-02
0.067500 -1.2243425024e-01
0.068000 -1.4724206480e-01
0.068500 -1.6731906617e-01
0.069000 -1.8226320909e-01
0.069500 -1.9172030978e-01
0.070000 -1.9539221589e-01
0.070500 -1.9304466038e-01
0.071000 -1.8451462627e-01
0.071500 -1.6971704230e-01
0.072000 -1.4865062584e-01
0.072500 -1.2140269048e-01
0.073000 -8.8152741708e-02
0.073500 -4.9174695292e-02
0.074000 -4.8375703101e-03
0.074500 4.4395468852e-02
0.075000 9.7969818718e-02
0.075500 1.5524395501e-01
0.076000 2.1549578879e-01
0.076500 2.7793084454e-01
0.077000 3.4169219960e-01
0.077500 4.0587207852e-01
0.078000 4.6952494956e-01
0.078500 5.3168192547e-01
0.079000 5.9136622846e-01
0.079500 6.4760944126e-01
0.080000 6.9946823322e-01
0.080500 7.4604122504e-01
0.081000 7.8648563770e-01
0.081500 8.2003336199e-01
0.082000 8.4600608562e-01
0.082500 8.6382912465e-01
0.083000 8.7304362579e-01
0.083500 8.7331683529e-01
0.084000 8.6445016765e-01
0.084500 8.4638485357e-01
0.085000 8.1920499850e-01
0.085500 7.8313794121e-01
0.086000 7.3855186301e-01
0.086500 6.8595066208e-01
0.087000 6.2596617099e-01
0.087500 5.5934785826e-01
0.088000 4.8695021399e-01
0.088500 4.0971807420e-01
0.089000 3.2867018714e-01
0.089500 2.4488136549e-01
0.090000 1.5946360098e-01
0.090500 7.3546540774e-02
0.091000 -1.1742261746e-02
0.091500 -9.5296906469e-02
0.092000 -1.7605210800e-01
0.092500 -2.5300116809e-01
0.093000 -3.2521259440e-01
0.093500 -3.9184503613e-01
0.094000 -4.5216024938e-01
0.094500 -5.0553385445e-01
0.095000 -5.5146370070e-01
0.095500 -5.8957571268e-01
0.096000 -6.1962715038e-01
0.096500 -6.4150727681e-01
0.097000 -6.5523548486e-01
0.097500 -6.6095699214e-01
0.098000 -6.5893626456e-01
0.098500 -6.4954837714e-01
0.099000 -6.3326856096e-01
0.099500 -6.1066021895e-01
0.100000 -5.8236171888e-01
0.100500 -5.4907228871e-01
0.101000 -5.1153734810e-01
0.101500 -4.7053360952e-01
0.102000 -4.2685427341e-01
0.102500 -3.8129462555e-01
0.103000 -3.3463832053e-01
0.103500 -2.8764460531e-01
0.104000 -2.4103670123e-01
0.104500 -1.9549152378e-01
0.105000 -1.5163087683e-01
0.105500 -1.1001421517e-01
0.106000 -7.1133025004e-02
0.106500 -3.5406830400e-02
0.107000 -3.1807932476e-03
0.107500 2.5275161718e-02
0.108000 4.9765797492e-02
0.108500 7.0168718487e-02
0.109000 8.6431376181e-02
0.109500 9.8567090948e-02
0.110000 1.0665026378e-01
0.110500 1.1081095512e-01
0.111000 1.1122900620e-01
0.111500 1.0812787102e-01
0.112000 1.0176831620e-01
0.112500 9.2442130330e-02
0.113000 8.0465967133e-02
0.113500 6.6175426598e-02
0.114000 4.9919457617e-02
0.114500 3.2055144479e-02
0.115000 1.2942919136e-02
0.115500 -7.0577780742e-03
0.116000 -2.7592383884e-02
0.116500 -4.8314653329e-02
0.117000 -6.8889678644e-02
0.117500 -8.8996517072e-02
0.118000 -1.0833046522e-01
0.118500 -1.2660502116e-01
0.119000 -1.4355357610e-01
0.119500 -1.5893087595e-01
0.120000 -1.7251428924e-01
0.120500 -1.8410491238e-01
0.121000 -1.9352853673e-01
0.121500 -2.0063649450e-01
0.122000 -2.0530639288e-01
0.122500 -2.0744273838e-01
0.123000 -2.0697744635e-01
0.123500 -2.0387022472e-01
0.124000 -1.9810881603e-01
0.124500 -1.8970907853e-01
0.125000 -1.7871488467e-01
0.125500 -1.6519781510e-01
0.126000 -1.4925662694e-01
0.126500 -1.3101647746e-01
0.127000 -1.1062788749e-01
0.127500 -8.8265433751e-02
0.128000 -6.4126164129e-02
0.128500 -3.8427736009e-02
0.129000 -1.1406283821e-02
0.129500 1.6685971766e-02
0.130000 4.5583354443e-02
0.130500 7.5009578267e-02
0.131000 1.0468077931e-01
0.131500 1.3430869845e-01
0.132000 1.6360397665e-01
0.132500 1.9227952084e-01
0.133000 2.2005389592e-01
0.133500 2.4665469657e-01
0.134000 2.7182185173e-01
0.134500 2.9531081422e-01
0.135000 3.1689558852e-01
0.135500 3.3637155077e-01
0.136000 3.5355801680e-01
0.136500 3.6830051628e-01
0.137000 3.8047273376e-01
0.137500 3.8997808096e-01
0.138000 3.9675086803e-01
0.138500 4.0075704620e-01
0.139000 4.0199449880e-01
0.139500 4.0049286304e-01
0.140000 3.9631287080e-01
0.140500 3.8954520310e-01
0.141000 3.8030886009e-01
0.141500 3.6874905596e-01
0.142000 3.5503465632e-01
0.142500 3.3935518458e-01
0.143000 3.2191743294e-01
0.143500 3.0294172311e-01
0.144000 2.8265787164e-01
0.144500 2.6130092450e-01
0.145000 2.3910673461e-01
0.145500 2.1630746496e-01
0.146000 1.9312710757e-01
0.146500 1.6977711492e-01
0.147000 1.4645224508e-01
0.147500 1.2332672415e-01
0.148000 1.0055082983e-01
0.148500 7.8247996692e-02
0.149000 5.6512537984e-02
0.149500 3.5408069270e-02
0.150000 1.4966706737e-02
0.150500 -4.8109031968e-03
0.151000 -2.3954685352e-02
0.151500 -4.2523352646e-02
0.152000 -6.0601746826e-02
0.152500 -7.8297337347e-02
0.153000 -9.5735939350e-02
0.153500 -1.1305673827e-01
0.154000 -1.3040673421e-01
0.154500 -1.4793474290e-01
0.155000 -1.6578511038e-01
0.155500 -1.8409131539e-01
0.156000 -2.0296964499e-01
0.156500 -2.2251313509e-01
0.157000 -2.4278596761e-01
0.157500 -2.6381850974e-01
0.158000 -2.8560316771e-01
0.158500 -3.0809120851e-01
0.159000 -3.3119067813e-01
0.159500 -3.5476551482e-01
0.160000 -3.7863592193e-01
0.160500 -4.0258002778e-01
0.161000 -4.2633682136e-01
0.161500 -4.4961031390e-01
0.162000 -4.7207483823e-01
0.162500 -4.9338136290e-01
0.163000 -5.1316466643e-01
0.163500 -5.3105119026e-01
0.164000 -5.4666736864e-01
0.164500 -5.5964821894e-01
0.165000 -5.6964596868e-01
0.165500 -5.7633849507e-01
0.166000 -5.7943735910e-01
0.166500 -5.7869522921e-01
0.167000 -5.7391250772e-01
0.167500 -5.6494299708e-01
0.168000 -5.5169847000e-01
0.168500 -5.3415203791e-01
0.169000 -5.1234024445e-01
0.169500 -4.8636384306e-01
0.170000 -4.5638725069e-01
0.170500 -4.2263670044e-01
0.171000 -3.8539714560e-01
0.171500 -3.4500799402e-01
0.172000 -3.0185777535e-01
0.172500 -2.5637786391e-01
0.173000 -2.0903539660e-01
0.173500 -1.6032553820e-01
0.174000 -1.1076325616e-01
0.174500 -6.0874772814e-02
0.175000 -1.1188866159e-02
0.175500 3.7771809795e-02
0.176000 8.5499217006e-02
0.176500 1.3150807499e-01
0.177000 1.7534349733e-01
0.177500 2.1658797864e-01
0.178000 2.5486760042e-01
0.178500 2.8985733879e-01
0.179000 3.2128537467e-01
0.179500 3.4893632580e-01
0.180000 3.7265334191e-01
0.180500 3.9233902676e-01
0.181000 4.0795517638e-01
0.181500 4.1952134808e-01
0.182000 4.2711230193e-01
0.182500 4.3085438273e-01
0.183000 4.3092093707e-01
0.183500 4.2752688422e-01
0.184000 4.2092258238e-01
0.184500 4.1138715072e-01
0.185000 3.9922142322e-01
0.185500 3.8474072046e-01
0.186000 3.6826763109e-01
0.186500 3.5012499362e-01
0.187000 3.3062926296e-01
0.187500 3.1008443315e-01
0.188000 2.8877666957e-01
0.188500 2.6696977987e-01
0.189000 2.4490162547e-01
0.189500 2.2278154321e-01
0.190000 2.0078881356e-01
0.190500 1.7907217663e-01
0.191000 1.5775036319e-01
0.191500 1.3691357491e-01
0.192000 1.1662581865e-01
0.192500 9.6927973940e-02
0.193000 7.7841452484e-02
0.193500 5.9372293650e-02
0.194000 4.1515531592e-02
0.194500 2.4259667385e-02
0.195000 7.5910835911e-03
0.195500 -8.5017515422e-03
0.196000 -2.4024428224e-02
0.196500 -3.8973206461e-02
0.197000 -5.3332191148e-02
0.197500 -6.7071143022e-02
0.198000 -8.0143972096e-02
0.198500 -9.2487934832e-02
0.199000 -1.0402353193e-01
0.199500 -1.1465508132e-01
0.200000 -1.2427192110e-01
0.200500 -1.3275018084e-01
0.201000 -1.3995504641e-01
0.201500 -1.4574343456e-01
0.202000 -1.4996698729e-01
0.202500 -1.5247529425e-01
0.203000 -1.5311925199e-01
0.203500 -1.5175447225e-01
0.204000 -1.4824465750e-01
0.204500 -1.4246486860e-01
0.205000 -1.3430461823e-01
0.205500 -1.2367073246e-01
0.206000 -1.1048993173e-01
0.206500 -9.4711091509e-02
0.207000 -7.6307151100e-02
0.207500 -5.5276646729e-02
0.208000 -3.1644851771e-02
0.208500 -5.4645131646e-03
0.209000 2.3183821732e-02
0.209500 5.4191888839e-02
0.210000 8.7424198331e-02
0.210500 1.2271892566e-01
0.211000 1.5988919146e-01
0.211500 1.9872471515e-01
0.212000 2.3899382302e-01
0.212500 2.8044578689e-01
0.213000 3.2281346488e-01
0.213500 3.6581621061e-01
0.214000 4.0916301193e-01
0.214500 4.5255581487e-01
0.215000 4.9569298359e-01
0.215500 5.3827284187e-01
0.216000 5.7999723792e-01
0.216500 6.2057507073e-01
0.217000 6.5972571417e-01
0.217500 6.9718227454e-01
0.218000 7.3269461776e-01
0.218500 7.6603210573e-01
0.219000 7.9698598537e-01
0.219500 8.2537138088e-01
0.220000 8.5102884765e-01
0.220500 8.7382545665e-01
0.221000 8.9365538919e-01
0.221500 9.1044003500e-01
0.222000 9.2412759941e-01
0.222500 9.3469223965e-01
0.223000 9.4213276315e-01
0.223500 9.4647093410e-01
0.224000 9.4774944585e-01
0.224500 9.4602962658e-01
0.225000 9.4138895398e-01
0.225500 9.3391845951e-01
0.226000 9.2372010580e-01
0.226500 9.1090422041e-01
0.227000 8.9558706583e-01
0.227500 8.7788861935e-01
0.228000 8.5793062788e-01
0.228500 8.3583499099e-01
0.229000 8.1172251275e-01
0.229500 7.8571204766e-01
0.230000 7.5792005077e-01
0.230500 7.2846052580e-01
0.231000 6.9744534997e-01
0.231500 6.6498493907e-01
0.232000 6.3118920386e-01
0.232500 5.9616873744e-01
0.233000 5.6003616497e-01
0.233500 5.2290758089e-01
0.234000 4.8490399646e-01
0.234500 4.4615271979e-01
0.235000 4.0678859400e-01
0.235500 3.6695502430e-01
0.236000 3.2680473316e-01
0.236500 2.8650019243e-01
0.237000 2.4621369311e-01
0.237500 2.0612702608e-01
0.238000 1.6643076057e-01
0.238500 1.2732312075e-01
0.239000 8.9008473878e-02
0.239500 5.1695456489e-02
0.240000 1.5594776121e-02
0.240500 -1.9083263144e-02
0.241000 -5.2131454695e-02
0.241500 -8.3348539158e-02
0.242000 -1.1254214097e-01
0.242500 -1.3953171947e-01
0.243000 -1.6415146064e-01
0.243500 -1.8625303613e-01
0.244000 -2.0570815813e-01
0.244500 -2.2241086230e-01
0.245000 -2.3627945669e-01
0.245500 -2.4725808077e-01
0.246000 -2.5531782736e-01
0.246500 -2.6045738902e-01
0.247000 -2.6270320122e-01
0.247500 -2.6210906543e-01
0.248000 -2.5875524761e-01
0.248500 -2.5274705950e-01
0.249000 -2.4421294318e-01
0.249500 -2.3330209168e-01
0.250000 -2.2018165114e-01
0.250500 -2.0503356151e-01
0.251000 -1.8805110382e-01
0.251500 -1.6943523174e-01
0.252000 -1.4939077310e-01
0.252500 -1.2812259346e-01
0.253000 -1.0583181772e-01
0.253500 -8.2712207432e-02
0.254000 -5.8946790493e-02
0.254500 -3.4704836235e-02
0.255000 -1.0139262193e-02
0.255500 1.4615450347e-02
0.256000 3.9444767034e-02
0.256500 6.4254986793e-02
0.257000 8.8973469846e-02
0.257500 1.1354819174e-01
0.258000 1.3794662722e-01
0.258500 1.6215398792e-01
0.259000 1.8617085810e-01
0.259500 2.1001029212e-01
0.260000 2.3369445555e-01
0.260500 2.5725090822e-01
0.261000 2.8070864090e-01
0.261500 3.0409398799e-01
0.262000 3.2742654554e-01
0.262500 3.5071522667e-01
0.263000 3.7395458551e-01
0.263500 3.9712153544e-01
0.264000 4.2017257771e-01
0.264500 4.4304164367e-01
0.265000 4.6563863688e-01
0.265500 4.8784874203e-01
0.266000 5.0953254566e-01
0.266500 5.3052699074e-01
0.267000 5.5064716285e-01
0.267500 5.6968888215e-01
0.268000 5.8743205220e-01
0.268500 6.0364469516e-01
0.269000 6.1808758406e-01
0.269500 6.3051936592e-01
0.270000 6.4070205669e-01
0.270500 6.4840677885e-01
0.271000 6.5341960646e-01
0.271500 6.5554737953e-01
0.272000 6.5462335047e-01
0.272500 6.5051252943e-01
0.273000 6.4311660177e-01
0.273500 6.3237830059e-01
0.274000 6.1828512869e-01
0.274500 6.0087233696e-01
0.275000 5.8022508146e-01
0.275500 5.5647969590e-01
0.276000 5.2982403309e-01
0.276500 5.0049684468e-01
0.277000 4.6878618554e-01
0.277500 4.3502684561e-01
0.278000 3.9959682866e-01
0.278500 3.6291291417e-01
0.279000 3.2542535458e-01
0.279500 2.8761177657e-01
0.280000 2.4997037089e-01
0.280500 2.1301247037e-01
0.281000 1.7725463085e-01
0.281500 1.4321034327e-01
0.282000 1.1138151810e-01
0.282500 8.2249893933e-02
0.283000 5.6268531221e-02
0.283500 3.3853558560e-02
0.284000 1.5376342143e-02
0.284500 1.1562491423e-03
0.285000 -8.5458282226e-03
0.285500 -1.3533029298e-02
0.286000 -1.3677016141e-02
0.286500 -8.9212701017e-03
0.287000 7.1691389819e-04
0.287500 1.5145817541e-02
0.288000 3.4200126737e-02
0.288500 5.7643217392e-02
0.289000 8.5170885565e-02
0.289500 1.1641647245e-01
0.290000 1.5095729869e-01
0.290500 1.8832228739e-01
0.291000 2.2800062245e-01
0.291500 2.6945125903e-01
0.292000 3.1211307784e-01
0.292500 3.5541545495e-01
0.293000 3.9878900535e-01
0.293500 4.4167625117e-01
0.294000 4.8354196606e-01
0.294500 5.2388295442e-01
0.295000 5.6223703879e-01
0.295500 5.9819105010e-01
0.296000 6.3138764226e-01
0.296500 6.6153078534e-01
0.297000 6.8838982759e-01
0.297500 7.1180205581e-01
0.298000 7.3167372400e-01
0.298500 7.4797956127e-01
0.299000 7.6076080922e-01
0.299500 7.7012187615e-01
0.300000 7.7622572932e-01
0.300500 7.7928817488e-01
0.301000 7.7957119925e-01
0.301500 7.7737556300e-01
0.302000 7.7303285010e-01
0.302500 7.6689718016e-01
0.303000 7.5933679042e-01
0.303500 7.5072568697e-01
0.304000 7.4143555238e-01
0.304500 7.3182807964e-01
0.305000 7.2224788141e-01
0.305500 7.1301609939e-01
0.306000 7.0442481256e-01
0.306500 6.9673231595e-01
0.307000 6.9015931422e-01
0.307500 6.8488604777e-01
0.308000 6.8105034419e-01
0.308500 6.7874656512e-01
0.309000 6.7802539897e-01
0.309500 6.7889443293e-01
0.310000 6.8131942538e-01
0.310500 6.8522619017e-01
0.311000 6.9050299893e-01
0.311500 6.9700340570e-01
0.312000 7.0454939954e-01
0.312500 7.1293479542e-01
0.313000 7.2192878035e-01
0.313500 7.3127954080e-01
0.314000 7.4071790786e-01
0.314500 7.4996096761e-01
0.315000 7.5871559590e-01
0.315500 7.6668188771e-01
0.316000 7.7355646221e-01
0.316500 7.7903563335e-01
0.317000 7.8281844452e-01
0.317500 7.8460957110e-01
0.318000 7.8412209984e-01
0.318500 7.8108019581e-01
0.319000 7.7522166850e-01
0.319500 7.6630044738e-01
0.320000 7.5408897468e-01
0.320500 7.3838051913e-01
0.321000 7.1899140965e-01
0.321500 6.9576318286e-01
0.322000 6.6856463246e-01
0.322500 6.3729374345e-01
0.323000 6.0187948917e-01
0.323500 5.6228346511e-01
0.324000 5.1850133039e-01
0.324500 4.7056402569e-01
0.325000 4.1853873617e-01
0.325500 3.6252956826e-01
0.326000 3.0267791134e-01
0.326500 2.3916245875e-01
0.327000 1.7219886662e-01
0.327500 1.0203903442e-01
0.328000 2.8969997305e-02
0.328500 -4.6687573584e-02
0.329000 -1.2458125948e-01
0.329500 -2.0432916119e-01
0.330000 -2.8552252841e-01
0.330500 -3.6772872851e-01
0.331000 -4.5049452618e-01
0.331500 -5.3334964048e-01
0.332000 -6.1581054180e-01
0.332500 -6.9738444776e-01
0.333000 -7.7757347489e-01
0.333500 -8.5587890130e-01
0.334000 -9.3180549529e-01
0.334500 -1.0048658648e+00
0.335000 -1.0745847837e+00
0.335500 -1.1405034534e+00
0.336000 -1.2021836582e+00
0.336500 -1.2592117789e+00
0.337000 -1.3112026288e+00
0.337500 -1.3578030811e+00
0.338000 -1.3986954601e+00
0.338500 -1.4336006700e+00
0.339000 -1.4622810396e+00
0.339500 -1.4845428641e+00
0.340000 -1.5002386248e+00
0.340500 -1.5092688741e+00
0.341000 -1.5115837691e+00
0.341500 -1.5071842437e+00
0.342000 -1.4961228056e+00
0.342500 -1.4785039463e+00
0.343000 -1.4544841534e+00
0.343500 -1.4242715111e+00
0.344000 -1.3881248776e+00
0.344500 -1.3463526242e+00
0.345000 -1.2993109233e+00
0.345500 -1.2474015706e+00
0.346000 -1.1910693272e+00
0.346500 -1.1307987705e+00
0.347000 -1.0671106406e+00
0.347500 -1.0005576779e+00
0.348000 -9.3171994665e-01
0.348500 -8.6119964982e-01
0.349000 -7.8961544527e-01
0.349500 -7.1759628527e-01
0.350000 -6.4577481157e-01
0.350500 -5.7478035146e-01
0.351000 -5.0523157535e-01
0.351500 -4.3772889177e-01
0.352000 -3.7284667245e-01
0.352500 -3.1112541727e-01
0.353000 -2.5306398525e-01
0.353500 -1.9911203351e-01
0.354000 -1.4966281983e-01
0.354500 -1.0504653572e-01
0.355000 -6.5524344115e-02
0.355500 -3.1283299362e-02
0.356000 -2.4323247569e-03
0.356500 2.1000584947e-02
0.357000 3.9069783226e-02
0.357500 5.1911882089e-02
0.358000 5.9744049685e-02
0.358500 6.2860626814e-02
0.359000 6.1628035097e-02
0.359500 5.6477995967e-02
0.360000 4.7899130209e-02
0.360500 3.6427060836e-02
0.361000 2.2633195833e-02
0.361500 7.1124197146e-03
0.362000 -9.5300285130e-03
0.362500 -2.6692170608e-02
0.363000 -4.3789042715e-02
0.363500 -6.0266208336e-02
0.364000 -7.5612639616e-02
0.364500 -8.9372577416e-02
0.365000 -1.0115599654e-01
0.365500 -1.1064733306e-01
0.366000 -1.1761217527e-01
0.366500 -1.2190167789e-01
0.367000 -1.2345452795e-01
0.367500 -1.2229636884e-01
0.368000 -1.1853667289e-01
0.368500 -1.1236313904e-01
0.369000 -1.0403377760e-01
0.369500 -9.3866924349e-02
0.370000 -8.2229499129e-02
0.370500 -6.9523884513e-02
0.371000 -5.6173847639e-02
0.371500 -4.2609959097e-02
0.372000 -2.9254976679e-02
0.372500 -1.6509657963e-02
0.373000 -4.7394447382e-03
0.373500 5.7375747475e-03
0.374000 1.4661070713e-02
0.374500 2.1836951479e-02
0.375000 2.7143696378e-02
0.375500 3.0536396848e-02
0.376000 3.2048438928e-02
0.376500 3.1790837437e-02
0.377000 2.9949304960e-02
0.377500 2.6779204838e-02
0.378000 2.2598594537e-02
0.378500 1.7779612580e-02
0.379000 1.2738497701e-02
0.379500 7.9245527316e-03
0.380000 3.8083780263e-03
0.380500 8.6970083715e-04
0.381000 -4.1488120785e-04
0.381500 4.1605903437e-04
0.382000 3.7972310529e-03
0.382500 1.0125822428e-02
0.383000 1.9751654201e-02
0.383500 3.2968477868e-02
0.384000 5.0006560415e-02
0.384500 7.1026668537e-02
0.385000 9.6115529100e-02
0.385500 1.2528281073e-01
0.386000 1.5845964161e-01
0.386500 1.9549865131e-01
0.387000 2.3617550011e-01
0.387500 2.8019183716e-01
0.388000 3.2717960969e-01
0.388500 3.7670662803e-01
0.389000 4.2828327629e-01
0.389500 4.8137024475e-01
0.390000 5.3538714841e-01
0.390500 5.8972188531e-01
0.391000 6.4374057917e-01
0.391500 6.9679794270e-01
0.392000 7.4824789161e-01
0.392500 7.9745423391e-01
0.393000 8.4380125619e-01
0.393500 8.8670402674e-01
0.394000 9.2561823695e-01
0.394500 9.6004940533e-01
0.395000 9.8956127565e-01
0.395500 1.0137832497e+00
0.396000 1.0324167084e+00
0.396500 1.0452400914e+00
0.397000 1.0521126245e+00
0.397500 1.0529766073e+00
0.398000 1.0478582008e+00
0.398500 1.0368666805e+00
0.399000 1.0201921544e+00
0.399500 9.9810177487e-01
0.400000 9.7093450904e-01
0.400500 9.3909456216e-01
0.401000 9.0304358312e-01
0.401500 8.6329180927e-01
0.402000 8.2038833552e-01
0.402500 7.7491071545e-01
0.403000 7.2745412054e-01
0.403500 6.7862029646e-01
0.404000 6.2900656192e-01
0.404500 5.7919509580e-01
0.405000 5.2974275143e-01
0.405500 4.8117162351e-01
0.406000 4.3396057272e-01
0.406500 3.8853788731e-01
0.407000 3.4527522872e-01
0.407500 3.0448297270e-01
0.408000 2.6640701752e-01
0.408500 2.3122708961e-01
0.409000 1.9905653460e-01
0.409500 1.6994354036e-01
0.410000 1.4387369927e-01
0.410500 1.2077378149e-01
0.411000 1.0051656006e-01
0.411500 8.2926503490e-02
0.412000 6.7786133947e-02
0.412500 5.4842837763e-02
0.413000 4.3815912413e-02
0.413500 3.4403638545e-02
0.414000 2.6290177871e-02
0.414500 1.9152116672e-02
0.415000 1.2664499646e-02
0.415500 6.5062287956e-03
0.416000 3.6473557567e-04
0.416500 -6.0601295716e-03
0.417000 -1.3053009567e-02
0.417500 -2.0880738251e-02
0.418000 -2.9790772707e-02
0.418500 -4.0010279637e-02
0.419000 -5.1745769526e-02
0.419500 -6.5183152473e-02
0.420000 -8.0488076188e-02
0.420500 -9.7806400258e-02
0.421000 -1.1726466159e-01
0.421500 -1.3897039387e-01
0.422000 -1.6301217872e-01
0.422500 -1.8945932706e-01
0.423000 -2.1836111567e-01
0.423500 -2.4974553446e-01
0.424000 -2.8361753366e-01
0.424500 -3.1995679541e-01
0.425000 -3.5871508996e-01
0.425500 -3.9981331057e-01
0.426000 -4.4313831312e-01
0.426500 -4.8853971334e-01
0.427000 -5.3582681654e-01
0.427500 -5.8476586992e-01
0.428000 -6.3507783517e-01
0.428500 -6.8643687865e-01
0.429000 -7.3846976756e-01
0.429500 -7.9075634300e-01
0.430000 -8.4283121517e-01
0.430500 -8.9418679262e-01
0.431000 -9.4427771766e-01
0.431500 -9.9252673455e-01
0.432000 -1.0383319679e+00
0.432500 -1.0810755372e+00
0.433000 -1.1201333822e+00
0.433500 -1.1548861226e+00
0.434000 -1.1847307304e+00
0.434500 -1.2090927522e+00
0.435000 -1.2274387841e+00
0.435500 -1.2392888779e+00
0.436000 -1.2442285435e+00
0.436500 -1.2419200062e+00
0.437000 -1.2321123878e+00
0.437500 -1.2146504966e+00
0.438000 -1.1894819439e+00
0.438500 -1.1566623409e+00
0.439000 -1.1163583822e+00
0.439500 -1.0688486726e+00
0.440000 -1.0145222199e+00
0.440500 -9.5387457414e-01
0.441000 -8.8750166195e-01
0.441500 -8.1609142436e-01
0.442000 -7.4041342705e-01
0.442500 -6.6130666375e-01
0.443000 -5.7966581997e-01
0.443500 -4.9642630137e-01
0.444000 -4.1254835879e-01
0.444500 -3.2900065956e-01
0.445000 -2.4674366252e-01
0.445500 -1.6671315197e-01
0.446000 -8.9804274408e-02
0.446500 -1.6856402481e-02
0.447000 5.1360875851e-02
0.447500 1.1416037758e-01
0.448000 1.7094832551e-01
0.448500 2.2123354107e-01
0.449000 2.6463468218e-01
0.449500 3.0088542229e-01
0.450000 3.2983750898e-01
0.450500 3.5146168277e-01
0.451000 3.6584647661e-01
0.451500 3.7319495514e-01
0.452000 3.7381948890e-01
0.452500 3.6813469174e-01
0.453000 3.5664868088e-01
0.453500 3.3995284629e-01
0.454000 3.1871034050e-01
0.454500 2.9364352100e-01
0.455000 2.6552059392e-01
0.455500 2.3514172051e-01
0.456000 2.0332485600e-01
0.456500 1.7089159292e-01
0.457000 1.3865327885e-01
0.457500 1.0739767006e-01
0.458000 7.7876368661e-02
0.458500 5.0793270926e-02
0.459000 2.6794229329e-02
0.459500 6.4581002005e-03
0.460000 -9.7106857604e-03
0.460500 -2.1287931368e-02
0.461000 -2.7933801263e-02
0.461500 -2.9395254790e-02
0.462000 -2.5506809535e-02
0.462500 -1.6189702100e-02
0.463000 -1.4495503428e-03
0.463500 1.8627345250e-02
0.464000 4.3878895129e-02
0.464500 7.4073121347e-02
0.465000 1.0891486243e-01
0.465500 1.4805307186e-01
0.466000 1.9108849941e-01
0.466500 2.3758155147e-01
0.467000 2.8706014041e-01
0.467500 3.3902735260e-01
0.468000 3.9296878948e-01
0.468500 4.4835946427e-01
0.469000 5.0467016774e-01
0.469500 5.6137324791e-01
0.470000 6.1794777963e-01
0.470500 6.7388412929e-01
0.471000 7.2868794559e-01
0.471500 7.8188362929e-01
0.472000 8.3301735125e-01
0.472500 8.8165969909e-01
0.473000 9.2740803764e-01
0.473500 9.6988866696e-01
0.474000 1.0087588550e+00
0.474500 1.0437088097e+00
0.475000 1.0744636379e+00
0.475500 1.1007853198e+00
0.476000 1.1224747039e+00
0.476500 1.1393735045e+00
0.477000 1.1513662609e+00
0.477500 1.1583821967e+00
0.478000 1.1603968969e+00
0.478500 1.1574337097e+00
0.479000 1.1495647677e+00
0.479500 1.1369115207e+00
0.480000 1.1196446748e+00
0.480500 1.0979834408e+00
0.481000 1.0721940100e+00
0.481500 1.0425871958e+00
0.482000 1.0095152037e+00
0.482500 9.7336752183e-01
0.483000 9.3456595509e-01
0.483500 8.9355885628e-01
0.484000 8.5081464184e-01
0.484500 8.0681470635e-01
0.485000 7.6204587766e-01
0.485500 7.1699257460e-01
0.486000 6.7212884492e-01
0.486500 6.2791046980e-01
0.487000 5.8476732267e-01
0.487500 5.4309616510e-01
0.488000 5.0325404995e-01
0.488500 4.6555248360e-01
0.489000 4.3025247567e-01
0.489500 3.9756057632e-01
0.490000 3.6762597127e-01
0.490500 3.4053867222e-01
0.491000 3.1632880950e-01
0.491500 2.9496700301e-01
0.492000 2.7636576118e-01
0.492500 2.6038183409e-01
0.493000 2.4681942871e-01
0.493500 2.3543418116e-01
0.494000 2.2593777300e-01
0.494500 2.1800307610e-01
0.495000 2.1126971300e-01
0.495500 2.0534992572e-01
0.496000 1.9983465568e-01
0.496500 1.9429974891e-01
0.497000 1.8831221328e-01
0.497500 1.8143646740e-01
0.498000 1.7324053196e-01
0.498500 1.6330212464e-01
0.499000 1.5121462652e-01
0.499500 1.3659289269e-01
0.500000 1.1907888071e-01
0.500500 9.8347069361e-02
0.501000 7.4109635470e-02
0.501500 4.6121350337e-02
0.502000 1.4184149411e-02
0.502500 -2.1848679611e-02
0.503000 -6.2068753300e-02
0.503500 -1.0650936370e-01
0.504000 -1.5514283941e-01
0.504500 -2.0787857410e-01
0.505000 -2.6456179910e-01
0.505500 -3.2497317221e-01
0.506000 -3.8882924631e-01
0.506500 -4.5578386924e-01
0.507000 -5.2543055041e-01
0.507500 -5.9730581069e-01
0.508000 -6.7089351048e-01
0.508500 -7.4563012774e-01
0.509000 -8.2091093336e-01
0.509500 -8.9609698732e-01
0.510000 -9.7052285601e-01
0.510500 -1.0435049297e+00
0.511000 -1.1143502009e+00
0.511500 -1.1823653500e+00
0.512000 -1.2468659730e+00
0.512500 -1.3071857801e+00
0.513000 -1.3626855947e+00
0.513500 -1.4127619813e+00
0.514000 -1.4568553452e+00
0.514500 -1.4944573542e+00
0.515000 -1.5251175522e+00
0.515500 -1.5484490549e+00
0.516000 -1.5641332386e+00
0.516500 -1.5719233600e+00
0.517000 -1.5716470701e+00
0.517500 -1.5632078096e+00
0.518000 -1.5465851033e+00
0.518500 -1.5218337883e+00
0.519000 -1.4890822404e+00
0.519500 -1.4485296762e+00
0.520000 -1.4004426287e+00
0.520500 -1.3451507040e+00
0.521000 -1.2830417387e+00
0.521500 -1.2145564795e+00
0.522000 -1.1401829080e+00
0.522500 -1.0604503342e+00
0.523000 -9.7592337113e-01
0.523500 -8.8719589765e-01
0.524000 -7.9488510301e-01
0.524500 -6.9962569316e-01
0.525000 -6.0206432387e-01
0.525500 -5.0285430932e-01
0.526000 -4.0265063914e-01
0.526500 -3.0210532082e-01
0.527000 -2.0186305039e-01
0.527500 -1.0255720090e-01
0.528000 -4.8061078502e-03
0.528500 9.0790377959e-02
0.529000 1.8365410523e-01
0.529500 2.7323164279e-01
0.530000 3.5899714433e-01
0.530500 4.4045509315e-01
0.531000 5.1714295793e-01
0.531500 5.8863378358e-01
0.532000 6.5453873277e-01
0.532500 7.1450958361e-01
0.533000 7.6824117868e-01
0.533500 8.1547380962e-01
0.534000 8.5599551113e-01
0.534500 8.8964422845e-01
0.535000 9.1630981390e-01
0.535500 9.3593580097e-01
0.536000 9.4852089954e-01
0.536500 9.5412015253e-01
0.537000 9.5284569359e-01
0.537500 9.4486704680e-01
0.538000 9.3041091286e-01
0.538500 9.0976039226e-01
0.539000 8.8325360329e-01
0.539500 8.5128166254e-01
0.540000 8.1428600607e-01
0.540500 7.7275504184e-01
0.541000 7.2722013660e-01
0.541500 6.7825095390e-01
0.542000 6.2645017332e-01
0.542500 5.7244763436e-01
0.543000 5.1689396084e-01
0.543500 4.6045373378e-01
0.544000 4.0379829111e-01
0.544500 3.4759824180e-01
0.545000 2.9251578968e-01
0.545500 2.3919696774e-01
0.546000 1.8826388794e-01
0.546500 1.4030711293e-01
0.547000 9.5878256575e-02
0.547500 5.5482917630e-02
0.548000 1.9574047484e-02
0.548500 -1.1454152893e-02
0.549000 -3.7271718576e-02
0.549500 -5.7617709002e-02
0.550000 -7.2304228446e-02
0.550500 -8.1219618251e-02
0.551000 -8.4330771099e-02
0.551500 -8.1684528501e-02
0.552000 -7.3408133733e-02
0.552500 -5.9708723192e-02
0.553000 -4.0871849691e-02
0.553500 -1.7259041189e-02
0.554000 1.0695592028e-02
0.554500 4.2489679816e-02
0.555000 7.7557813986e-02
0.555500 1.1527763129e-01
0.556000 1.5497671186e-01
0.556500 1.9594024004e-01
0.557000 2.3741936733e-01
0.557500 2.7864020982e-01
0.558000 3.1881340466e-01
0.558500 3.5714414218e-01
0.559000 3.9284258173e-01
0.559500 4.2513454973e-01
0.560000 4.5327240934e-01
0.560500 4.7654598029e-01
0.561000 4.9429337764e-01
0.561500 5.0591162769e-01
0.562000 5.1086690938e-01
0.562500 5.0870426104e-01
0.563000 4.9905658475e-01
0.563500 4.8165277568e-01
0.564000 4.5632480151e-01
0.564500 4.2301355820e-01
0.565000 3.8177333380e-01
0.565500 3.3277472192e-01
0.566000 2.7630584186e-01
0.566500 2.1277174255e-01
0.567000 1.4269189392e-01
0.567500 6.6695700557e-02
0.568000 -1.4483990892e-02
0.568500 -1.0001937805e-01
0.569000 -1.8899812573e-01
0.569500 -2.8043562119e-01
0.570000 -3.7328890885e-01
0.570500 -4.6647210375e-01
0.571000 -5.5887303667e-01
0.571500 -6.4937084102e-01
0.572000 -7.3685415477e-01
0.572500 -8.2023957990e-01
0.573000 -8.9849002020e-01
0.573500 -9.7063250603e-01
0.574000 -1.0357751131e+00
0.574500 -1.0931225923e+00
0.575000 -1.1419903487e+00
0.575500 -1.1818164401e+00
0.576000 -1.2121713102e+00
0.576500 -1.2327650219e+00
0.577000 -1.2434518173e+00
0.577500 -1.2442319001e+00
0.578000 -1.2352504020e+00
0.578500 -1.2167935706e+00
0.579000 -1.1892822852e+00
0.579500 -1.1532630741e+00
0.580000 -1.1093968705e+00
0.580500 -1.0584457961e+00
0.581000 -1.0012583064e+00
0.581500 -9.3875306493e-01
0.582000 -8.7190193464e-01
0.582500 -8.0171248331e-01
0.583000 -7.2921039698e-01
0.583500 -6.5542217933e-01
0.584000 -5.8135848975e-01
0.584500 -5.0799843765e-01
0.585000 -4.3627510769e-01
0.585500 -3.6706254303e-01
0.586000 -3.0116436167e-01
0.586500 -2.3930412881e-01
0.587000 -1.8211755545e-01
0.587500 -1.3014654438e-01
0.588000 -8.3835059476e-02
0.588500 -4.3526754051e-02
0.589000 -9.4642611927e-03
0.589500 1.8209977647e-02
0.590000 3.9451488344e-02
0.590500 5.4310298640e-02
0.591000 6.2926391306e-02
0.591500 6.5524235115e-02
0.592000 6.2406547134e-02
0.592500 5.3947430351e-02
0.593000 4.0585018379e-02
0.593500 2.2813745088e-02
0.594000 1.1763426831e-03
0.594500 -2.3744342100e-02
0.595000 -5.1333636575e-02
0.595500 -8.0953368888e-02
0.596000 -1.1195017459e-01
0.596500 -1.4366373023e-01
0.597000 -1.7543486400e-01
0.597500 -2.0661349432e-01
0.598000 -2.3656634544e-01
0.598500 -2.6468438646e-01
0.599000 -2.9038993607e-01
0.599500 -3.1314337116e-01
0.600000 -3.3244937356e-01
0.600500 -3.4786264647e-01
0.601000 -3.5899303056e-01
0.601500 -3.6550995081e-01
0.602000 -3.6714612772e-01
0.602500 -3.6370049258e-01
0.603000 -3.5504025433e-01
0.603500 -3.4110207621e-01
0.604000 -3.2189233368e-01
0.604500 -2.9748643956e-01
0.605000 -2.6802723890e-01
0.605500 -2.3372249354e-01
0.606000 -1.9484149378e-01
0.606500 -1.5171085219e-01
0.607000 -1.0470955128e-01
0.607500 -5.4263331718e-02
0.608000 -8.3852119173e-04
0.608500 5.5064585343e-02
0.609000 1.1291867544e-01
0.609500 1.7217657559e-01
0.610000 2.3227848952e-01
0.610500 2.9265919558e-01
0.611000 3.5275508574e-01
0.611500 4.1201093694e-01
0.612000 4.6988631699e-01
0.612500 5.2586154058e-01
0.613000 5.7944310637e-01
0.613500 6.3016856296e-01
0.614000 6.7761076842e-01
0.614500 7.2138152572e-01
0.615000 7.6113459216e-01
0.615500 7.9656807630e-01
0.616000 8.2742624849e-01
0.616500 8.5350080156e-01
0.617000 8.7463160572e-01
0.617500 8.9070700595e-01
0.618000 9.0166371130e-01
0.618500 9.0748632354e-01
0.619000 9.0820654743e-01
0.619500 9.0390211791e-01
0.620000 8.9469546957e-01
0.620500 8.8075216367e-01
0.621000 8.6227907633e-01
0.621500 8.3952234103e-01
0.622000 8.1276502818e-01
0.622500 7.8232453689e-01
0.623000 7.4854966816e-01
0.623500 7.1181734630e-01
0.624000 6.7252895642e-01
0.624500 6.3110627044e-01
0.625000 5.8798694268e-01
0.625500 5.4361956853e-01
0.626000 4.9845831491e-01
0.626500 4.5295715019e-01
0.627000 4.0756372153e-01
0.627500 3.6271294948e-01
0.628000 3.1882043209e-01
0.628500 2.7627577195e-01
0.629000 2.3543595917e-01
0.629500 1.9661896024e-01
0.630000 1.6009767493e-01
0.630500 1.2609443164e-01
0.631000 9.4776193578e-02
0.631500 6.6250644343e-02
0.632000 4.0563311064e-02
0.632500 1.7695866234e-02
0.633000 -2.4342737668e-03
0.633500 -1.9972964667e-02
0.634000 -3.5126910116e-02
0.634500 -4.8159780925e-02
0.635000 -5.9386902388e-02
0.635500 -6.9168576971e-02
0.636000 -7.7902152170e-02
0.636500 -8.6012984374e-02
0.637000 -9.3944487438e-02
0.637500 -1.0214748803e-01
0.638000 -1.1106913731e-01
0.638500 -1.2114164888e-01
0.639000 -1.3277114579e-01
0.639500 -1.4632690335e-01
0.640000 -1.6213127011e-01
0.640500 -1.8045053619e-01
0.641000 -2.0148699663e-01
0.641500 -2.2537242844e-01
0.642000 -2.5216316396e-01
0.642500 -2.8183690220e-01
0.643000 -3.1429135404e-01
0.643500 -3.4934476893e-01
0.644000 -3.8673834153e-01
0.644500 -4.2614044731e-01
0.645000 -4.6715260930e-01
0.645500 -5.0931705350e-01
0.646000 -5.5212567165e-01
0.646500 -5.9503017517e-01
0.647000 -6.3745319680e-01
0.647500 -6.7880007553e-01
0.648000 -7.1847104674e-01
0.648500 -7.5587355366e-01
0.649000 -7.9043439752e-01
0.649500 -8.2161145223e-01
0.650000 -8.4890468452e-01
0.650500 -8.7186624161e-01
0.651000 -8.9010939462e-01
0.651500 -9.0331615689e-01
0.652000 -9.1124343000e-01
0.652500 -9.1372756720e-01
0.653000 -9.1068728164e-01
0.653500 -9.0212486539e-01
0.654000 -8.8812572311e-01
0.654500 -8.6885626106e-01
0.655000 -8.4456020667e-01
0.655500 -8.1555346573e-01
0.656000 -7.8221765295e-01
0.656500 -7.4499245603e-01
0.657000 -7.0436701404e-01
0.657500 -6.6087050703e-01
0.658000 -6.1506216489e-01
0.658500 -5.6752091072e-01
0.659000 -5.1883485590e-01
0.659500 -4.6959086181e-01
0.660000 -4.2036437687e-01
0.660500 -3.7170974682e-01
0.661000 -3.2415118227e-01
0.661500 -2.7817455005e-01
0.662000 -2.3422013454e-01
0.662500 -1.9267649265e-01
0.663000 -1.5387550131e-01
0.663500 -1.1808867024e-01
0.664000 -8.5524765803e-02
0.664500 -5.6328763998e-02
0.665000 -3.0582123387e-02
0.665500 -8.3043417322e-03
0.666000 1.0544265565e-02
0.666500 2.6058651326e-02
0.667000 3.8384094925e-02
0.667500 4.7710360794e-02
0.668000 5.4265101436e-02
0.668500 5.8306662643e-02
0.669000 6.0116458421e-02
0.669500 5.9991089267e-02
0.670000 5.8234379709e-02
0.670500 5.5149509502e-02
0.671000 5.1031407620e-02
0.671500 4.6159569379e-02
0.672000 4.0791444963e-02
0.672500 3.5156532666e-02
0.673000 2.9451292691e-02
0.673500 2.3834977897e-02
0.674000 1.8426456904e-02
0.674500 1.3302083017e-02
0.675000 8.4946399867e-03
0.675500 3.9933732257e-03
0.676000 -2.5490684482e-04
0.676500 -4.3436837159e-03
0.677000 -8.4036101999e-03
0.677500 -1.2598472882e-02
0.678000 -1.7120334740e-02
0.678500 -2.2183959718e-02
0.679000 -2.8020635653e-02
0.679500 -3.4871522425e-02
0.680000 -4.2980660503e-02
0.680500 -5.2587781096e-02
0.681000 -6.3921062948e-02
0.681500 -7.7189982328e-02
0.682000 -9.2578401999e-02
0.682500 -1.1023804188e-01
0.683000 -1.3028246869e-01
0.683500 -1.5278173410e-01
0.684000 -1.7775778088e-01
0.684500 -2.0518072410e-01
0.685000 -2.3496609989e-01
0.685500 -2.6697315758e-01
0.686000 -3.0100425237e-01
0.686500 -3.3680537553e-01
0.687000 -3.7406783730e-01
0.687500 -4.1243109519e-01
0.688000 -4.5148669709e-01
0.688500 -4.9078328529e-01
0.689000 -5.2983258499e-01
0.689500 -5.6811627880e-01
0.690000 -6.0509364888e-01
0.690500 -6.4020985031e-01
0.691000 -6.7290466415e-01
0.691500 -7.0262156631e-01
0.692000 -7.2881694015e-01
0.692500 -7.5096925589e-01
0.693000 -7.6858803927e-01
0.693500 -7.8122245557e-01
0.694000 -7.8846934270e-01
0.694500 -7.8998053844e-01
0.695000 -7.8546936233e-01
0.695500 -7.7471613104e-01
0.696000 -7.5757260708e-01
0.696500 -7.3396530422e-01
0.697000 -7.0389759765e-01
0.697500 -6.6745061260e-01
0.698000 -6.2478289084e-01
0.698500 -5.7612885971e-01
0.699000 -5.2179615226e-01
0.699500 -4.6216184880e-01
0.700000 -3.9766773031e-01
0.700500 -3.2881465029e-01
0.701000 -2.5615614547e-01
0.701500 -1.8029141570e-01
0.702000 -1.0185780954e-01
0.702500 -2.1522955049e-02
0.703000 6.0023325628e-02
0.703500 1.4207718338e-01
0.704000 2.2392886336e-01
0.704500 3.0487066257e-01
0.705000 3.8420461748e-01
0.705500 4.6124982928e-01
0.706000 5.3534934819e-01
0.706500 6.0587655399e-01
0.707000 6.7224098454e-01
0.707500 7.3389357920e-01
0.708000 7.9033131763e-01
0.708500 8.4110124736e-01
0.709000 8.8580390453e-01
0.709500 9.2409614177e-01
0.710000 9.5569338462e-01
0.710500 9.8037134356e-01
0.711000 9.9796721248e-01
0.711500 1.0083803860e+00
0.712000 1.0115727280e+00
0.712500 1.0075684233e+00
0.713000 9.9645343906e-01
0.713500 9.7837462183e-01
0.714000 9.5353844848e-01
0.714500 9.2220944574e-01
0.715000 8.8470828664e-01
0.715500 8.4140956695e-01
0.716000 7.9273925945e-01
0.716500 7.3917183902e-01
0.717000 6.8122706789e-01
0.717500 6.1946642732e-01
0.718000 5.5448918033e-01
0.718500 4.8692804978e-01
0.719000 4.1744449706e-01
0.719500 3.4672358937e-01
0.720000 2.7546844773e-01
0.720500 2.0439427371e-01
0.721000 1.3422196019e-01
0.721500 6.5671300396e-02
0.722000 -5.4618004364e-04
0.722500 -6.3734732099e-02
0.723000 -1.2322218439e-01
0.723500 -1.7836797414e-01
0.724000 -2.2857133178e-01
0.724500 -2.7327952874e-01
0.725000 -3.1199608416e-01
0.725500 -3.4428881254e-01
0.726000 -3.6979758236e-01
0.726500 -3.8824164449e-01
0.727000 -3.9942638075e-01
0.727500 -4.0324931630e-01
0.728000 -3.9970523623e-01
0.728500 -3.8889024700e-01
0.729000 -3.7100462683e-01
0.729500 -3.4635431757e-01
0.730000 -3.1535092281e-01
0.730500 -2.7851009431e-01
0.731000 -2.3644821061e-01
0.731500 -1.8987727802e-01
0.732000 -1.3959801531e-01
0.732500 -8.6491117932e-02
0.733000 -3.1506736357e-02
0.733500 2.4347756225e-02
0.734000 8.0021588198e-02
0.734500 1.3443584361e-01
0.735000 1.8649994021e-01
0.735500 2.3512908376e-01
0.736000 2.7926241186e-01
0.736500 3.1788150605e-01
0.737000 3.5002892202e-01
0.737500 3.7482636580e-01
0.738000 3.9149213033e-01
0.738500 3.9935740241e-01
0.739000 3.9788105566e-01
0.739500 3.8666256137e-01
0.740000 3.6545267618e-01
0.740500 3.3416160287e-01
0.741000 2.9286436814e-01
0.741500 2.4180321791e-01
0.742000 1.8138689462e-01
0.742500 1.1218673170e-01
0.743000 3.4929574510e-02
0.743500 -4.9512386319e-02
0.744000 -1.4013470762e-01
0.744500 -2.3581647759e-01
0.745000 -3.3533848834e-01
0.745500 -4.3740343383e-01
0.746000 -5.4065771939e-01
0.746500 -6.4371442862e-01
0.747000 -7.4517696651e-01
0.747500 -8.4366288309e-01
0.748000 -9.3782738136e-01
0.748500 -1.0263860260e+00
0.749000 -1.1081361951e+00
0.749500 -1.1819768531e+00
0.750000 -1.2469262729e+00
0.750500 -1.3021373862e+00
0.751000 -1.3469105082e+00
0.751500 -1.3807032422e+00
0.752000 -1.4031374433e+00
0.752500 -1.4140031811e+00
0.753000 -1.4132597106e+00
0.753500 -1.4010335196e+00
0.754000 -1.3776135734e+00
0.754500 -1.3434439307e+00
0.755000 -1.2991139425e+00
0.755500 -1.2453462806e+00
0.756000 -1.1829830688e+00
0.756500 -1.1129704090e+00
0.757000 -1.0363416060e+00
0.757500 -9.5419940106e-01
0.758000 -8.6769752610e-01
0.758500 -7.7802188428e-01
0.759000 -6.8637165822e-01
0.759500 -5.9394063375e-01
0.760000 -5.0189901551e-01
0.760500 -4.1137599473e-01
0.761000 -3.2344331286e-01
0.761500 -2.3910004557e-01
0.762000 -1.5925881187e-01
0.762500 -8.4733590868e-02
0.763000 -1.6229305010e-02
0.763500 4.5666696324e-02
0.764000 1.0049114676e-01
0.764500 1.4790928906e-01
0.765000 1.8771717111e-01
0.765500 2.1984179780e-01
0.766000 2.4433915838e-01
0.766500 2.6139018330e-01
0.767000 2.7129471876e-01
0.767500 2.7446364117e-01
0.768000 2.7140926618e-01
0.768500 2.6273423724e-01
0.769000 2.4911910590e-01
0.769500 2.3130883970e-01
0.770000 2.1009851253e-01
0.770500 1.8631844637e-01
0.771000 1.6081908166e-01
0.771500 1.3445585619e-01
0.772000 1.0807436891e-01
0.772500 8.2496095800e-02
0.773000 5.8504909666e-02
0.773500 3.6834635432e-02
0.774000 1.8157847320e-02
0.774500 3.0760849351e-03
0.775000 -7.8883672415e-03
0.775500 -1.4299027544e-02
0.776000 -1.5810019219e-02
0.776500 -1.2169091483e-02
0.777000 -3.2188612338e-03
0.777500 1.1103686768e-02
0.778000 3.0769369044e-02
0.778500 5.5660537816e-02
0.779000 8.5576247770e-02
0.779500 1.2023869701e-01
0.780000 1.5930076277e-01
0.780500 2.0235443564e-01
0.781000 2.4893994359e-01
0.781500 2.9855534975e-01
0.782000 3.5066640531e-01
0.782500 4.0471644101e-01
0.783000 4.6013608821e-01
0.783500 5.1635263229e-01
0.784000 5.7279881768e-01
0.784500 6.2892094436e-01
0.785000 6.8418612022e-01
0.785500 7.3808856089e-01
0.786000 7.9015485877e-01
0.786500 8.3994817462e-01
0.787000 8.8707133710e-01
0.787500 9.3116886813e-01
0.788000 9.7192798259e-01
0.788500 1.0090786394e+00
0.789000 1.0423927467e+00
0.789500 1.0716826445e+00
0.790000 1.0967990053e+00
0.790500 1.1176283029e+00
0.791000 1.1340900057e+00
0.791500 1.1461336488e+00
0.792000 1.1537359326e+00
0.792500 1.1568979822e+00
0.793000 1.1556428855e+00
0.793500 1.1500136049e+00
0.794000 1.1400713317e+00
0.794500 1.1258943279e+00
0.795000 1.1075772666e+00
0.795500 1.0852310591e+00
0.796000 1.0589831275e+00
0.796500 1.0289780558e+00
0.797000 9.9537853515e-01
0.797500 9.5836649758e-01
0.798000 9.1814432425e-01
0.798500 8.7493600405e-01
0.799000 8.2898811843e-01
0.799500 7.8057053062e-01
0.800000 7.2997666627e-01
0.800500 6.7752328497e-01
0.801000 6.2354965914e-01
0.801500 5.6841609670e-01
0.802000 5.1250176667e-01
0.802500 4.5620181102e-01
0.803000 3.9992375130e-01
0.803500 3.4408322371e-01
0.804000 2.8909910052e-01
0.804500 2.3538807879e-01
0.805000 1.8335883756e-01
0.805500 1.3340588273e-01
0.806000 8.5903213012e-02
0.806500 4.1197951246e-02
0.807000 -3.9590809625e-04
0.807500 -3.8603481626e-02
0.808000 -7.3194558063e-02
0.808500 -1.0398859130e-01
0.809000 -1.3085898876e-01
0.809500 -1.5373657168e-01
0.810000 -1.7261210004e-01
0.810500 -1.8753777470e-01
0.811000 -1.9862765010e-01
0.811500 -2.0605691491e-01
0.812000 -2.1006002178e-01
0.812500 -2.1092767266e-01
0.813000 -2.0900269092e-01
0.813500 -2.0467483576e-01
0.814000 -1.9837463731e-01
0.814500 -1.9056635269e-01
0.815000 -1.8174016212e-01
0.815500 -1.7240374131e-01
0.816000 -1.6307336069e-01
0.816500 -1.5426467264e-01
0.817000 -1.4648335665e-01
0.817500 -1.4021579628e-01
0.818000 -1.3591996398e-01
0.818500 -1.3401668754e-01
0.819000 -1.3488146694e-01
0.819500 -1.3883700251e-01
0.820000 -1.4614658350e-01
0.820500 -1.5700847269e-01
0.821000 -1.7155140548e-01
0.821500 -1.8983130315e-01
0.822000 -2.1182927840e-01
0.822500 -2.3745098848e-01
0.823000 -2.6652736618e-01
0.823500 -2.9881673389e-01
0.824000 -3.3400827877e-01
0.824500 -3.7172684124e-01
0.825000 -4.1153894197e-01
0.825500 -4.5295994761e-01
0.826000 -4.9546225110e-01
0.826500 -5.3848432006e-01
0.827000 -5.8144044749e-01
0.827500 -6.2373102177e-01
0.828000 -6.6475312026e-01
0.828500 -7.0391122108e-01
0.829000 -7.4062782329e-01
0.829500 -7.7435376477e-01
0.830000 -8.0457803191e-01
0.830500 -8.3083686416e-01
0.831000 -8.5272197039e-01
0.831500 -8.6988769233e-01
0.832000 -8.8205697252e-01
0.832500 -8.8902601057e-01
0.833000 -8.9066751987e-01
0.833500 -8.8693252882e-01
0.834000 -8.7785070272e-01
0.834500 -8.6352919639e-01
0.835000 -8.4415008032e-01
0.835500 -8.1996641546e-01
0.836000 -7.9129708173e-01
0.836500 -7.5852049269e-01
0.837000 -7.2206735255e-01
0.837500 -6.8241263143e-01
0.838000 -6.4006694988e-01
0.838500 -5.9556757344e-01
0.839000 -5.4946922316e-01
0.839500 -5.0233490703e-01
0.840000 -4.5472697169e-01
0.840500 -4.0719856274e-01
0.841000 -3.6028566644e-01
0.841500 -3.1449988564e-01
0.842000 -2.7032207924e-01
0.842500 -2.2819696824e-01
0.843000 -1.8852878236e-01
0.843500 -1.5167799135e-01
0.844000 -1.1795913442e-01
0.844500 -8.7639730540e-02
0.845000 -6.0940223217e-02
0.845500 -3.8034885932e-02
0.846000 -1.9053589514e-02
0.846500 -4.0843114370e-03
0.847000 6.8237504506e-03
0.847500 1.3656610226e-02
0.848000 1.6431630755e-02
0.848500 1.5193526641e-02
0.849000 1.0010392456e-02
0.849500 9.6990796620e-04
0.850000 -1.1824140562e-02
0.850500 -2.8254901128e-02
0.851000 -4.8194958506e-02
0.851500 -7.1508223195e-02
0.852000 -9.8051159330e-02
0.852500 -1.2767333369e-01
0.853000 -1.6021729845e-01
0.853500 -1.9551785046e-01
0.854000 -2.3340073878e-01
0.854500 -2.7368091838e-01
0.855000 -3.1616047100e-01
0.855500 -3.6062633200e-01
0.856000 -4.0684797565e-01
0.856500 -4.5457521777e-01
0.857000 -5.0353629571e-01
0.857500 -5.5343637968e-01
0.858000 -6.0395665726e-01
0.858500 -6.5475411448e-01
0.859000 -7.0546211333e-01
0.859500 -7.5569183705e-01
0.860000 -8.0503464288e-01
0.860500 -8.5306532781e-01
0.861000 -8.9934627790e-01
0.861500 -9.4343243723e-01
0.862000 -9.8487699990e-01
0.862500 -1.0232376990e+00
0.863000 -1.0580835412e+00
0.863500 -1.0890018159e+00
0.864000 -1.1156051940e+00
0.864500 -1.1375387239e+00
0.865000 -1.1544865325e+00
0.865500 -1.1661780439e+00
0.866000 -1.1723935424e+00
0.866500 -1.1729689240e+00
0.867000 -1.1677995037e+00
0.867500 -1.1568427732e+00
0.868000 -1.1401200347e+00
0.868500 -1.1177168657e+00
0.869000 -1.0897824066e+00
0.869500 -1.0565274889e+00
0.870000 -1.0182216582e+00
0.870500 -9.7518916962e-01
0.871000 -9.2780405876e-01
0.871500 -8.7648441416e-01
0.872000 -8.2168598998e-01
0.872500 -7.6389531218e-01
0.873000 -7.0362243700e-01
0.873500 -6.4139352353e-01
0.874000 -5.7774338016e-01
0.874500 -5.1320813831e-01
0.875000 -4.4831819736e-01
0.875500 -3.8359157156e-01
0.876000 -3.1952775357e-01
0.876500 -2.5660219171e-01
0.877000 -1.9526145794e-01
0.877500 -1.3591916291e-01
0.878000 -7.8952653233e-02
0.878500 -2.4700504580e-02
0.879000 2.6539196167e-02
0.879500 7.4509806314e-02
0.880000 1.1899636475e-01
0.880500 1.5982517171e-01
0.881000 1.9686278473e-01
0.881500 2.3001451520e-01
0.882000 2.5922251733e-01
0.882500 2.8446356579e-01
0.883000 3.0574661894e-01
0.883500 3.2311026225e-01
0.884000 3.3662012094e-01
0.884500 3.4636632223e-01
0.885000 3.5246107678e-01
0.885500 3.5503643559e-01
0.886000 3.5424226407e-01
0.886500 3.5024445946e-01
0.887000 3.4322342167e-01
0.887500 3.3337277228e-01
0.888000 3.2089830139e-01
0.888500 3.0601710896e-01
0.889000 2.8895689585e-01
0.889500 2.6995535068e-01
0.890000 2.4925957238e-01
0.890500 2.2712546482e-01
0.891000 2.0381703892e-01
0.891500 1.7960556068e-01
0.892000 1.5476848802e-01
0.892500 1.2958814773e-01
0.893000 1.0435011363e-01
0.893500 7.9341259428e-02
0.894000 5.4847473749e-02
0.894500 3.1151039498e-02
0.895000 8.5276958763e-03
0.895500 -1.2756582908e-02
0.896000 -3.2449042407e-02
0.896500 -5.0313771548e-02
0.897000 -6.6135416906e-02
0.897500 -7.9722897843e-02
0.898000 -9.0913023286e-02
0.898500 -9.9573904376e-02
0.899000 -1.0560805367e-01
0.899500 -1.0895506151e-01
0.900000 -1.0959374384e-01
0.900500 -1.0754366282e-01
0.901000 -1.0286593306e-01
0.901500 -9.5663240658e-02
0.902000 -8.6079020481e-02
0.902500 -7.4295758184e-02
0.903000 -6.0532406922e-02
0.903500 -4.5040933917e-02
0.904000 -2.8102038328e-02
0.904500 -1.0020108175e-02
0.905000 8.8824903951e-03
0.905500 2.8271674465e-02
0.906000 4.7808318205e-02
0.906500 6.7155183646e-02
0.907000 8.5983939659e-02
0.907500 1.0398209224e-01
0.908000 1.2085964661e-01
0.908500 1.3635532446e-01
0.909000 1.5024216883e-01
0.909500 1.6233238289e-01
0.910000 1.7248126893e-01
0.910500 1.8059015753e-01
0.911000 1.8660824464e-01
0.911500 1.9053328486e-01
0.912000 1.9241112132e-01
0.912500 1.9233406496e-01
0.913000 1.9043816863e-01
0.913500 1.8689947116e-01
0.914000 1.8192931482e-01
0.914500 1.7576886318e-01
0.915000 1.6868296650e-01
0.915500 1.6095353655e-01
0.916000 1.5287260258e-01
0.916500 1.4473522462e-01
0.917000 1.3683243959e-01
0.917500 1.2944440990e-01
0.918000 1.2283393417e-01
0.918500 1.1724046524e-01
0.919000 1.1287476339e-01
0.919500 1.0991429223e-01
0.920000 1.0849944309e-01
0.920500 1.0873065031e-01
0.921000 1.1066643688e-01
0.921500 1.1432240629e-01
0.922000 1.1967117482e-01
0.922500 1.2664321750e-01
0.923000 1.3512858250e-01
0.923500 1.4497941186e-01
0.924000 1.5601319291e-01
0.924500 1.6801665270e-01
0.925000 1.8075019945e-01
0.925500 1.9395280866e-01
0.926000 2.0734724773e-01
0.926500 2.2064553193e-01
0.927000 2.3355450532e-01
0.927500 2.4578144298e-01
0.928000 2.5703957557e-01
0.928500 2.6705344321e-01
0.929000 2.7556399270e-01
0.929500 2.8233334026e-01
0.930000 2.8714913065e-01
0.930500 2.8982843269e-01
0.931000 2.9022112054e-01
0.931500 2.8821269968e-01
0.932000 2.8372654568e-01
0.932500 2.7672553317e-01
0.933000 2.6721304096e-01
0.933500 2.5523332789e-01
0.934000 2.4087128180e-01
0.934500 2.2425155153e-01
0.935000 2.0553707895e-01
0.935500 1.8492705452e-01
0.936000 1.6265432626e-01
0.936500 1.3898229746e-01
0.937000 1.1420135449e-01
0.937500 8.8624870582e-02
0.938000 6.2584836866e-02
0.938500 3.6427176233e-02
0.939000 1.0506800033e-02
0.939500 -1.4817528447e-02
0.940000 -3.9188456147e-02
0.940500 -6.2255357278e-02
0.941000 -8.3679631910e-02
0.941500 -1.0313991080e-01
0.942000 -1.2033708999e-01
0.942500 -1.3499911867e-01
0.943000 -1.4688546437e-01
0.943500 -1.5579118210e-01
0.944000 -1.6155051723e-01
0.944500 -1.6403997679e-01
0.945000 -1.6318081053e-01
0.945500 -1.5894085049e-01
0.946000 -1.5133566748e-01
0.946500 -1.4042901324e-01
0.947000 -1.2633252877e-01
0.947500 -1.0920471194e-01
0.948000 -8.9249150713e-02
0.948500 -6.6712041725e-02
0.949000 -4.1879027447e-02
0.949500 -1.5071398022e-02
0.950000 1.3358284060e-02
0.950500 4.3031067379e-02
0.951000 7.3546924718e-02
0.951500 1.0449041001e-01
0.952000 1.3543656762e-01
0.952500 1.6595699911e-01
0.953000 1.9562599134e-01
0.953500 2.2402661048e-01
0.954000 2.5075666945e-01
0.954500 2.7543448057e-01
0.955000 2.9770431126e-01
0.955500 3.1724146765e-01
0.956000 3.3375693884e-01
0.956500 3.4700154299e-01
0.957000 3.5676952462e-01
0.957500 3.6290156131e-01
0.958000 3.6528714572e-01
0.958500 3.6386631659e-01
0.959000 3.5863071956e-01
0.959500 3.4962398497e-01
0.960000 3.3694141610e-01
0.960500 3.2072898705e-01
0.961000 3.0118165493e-01
0.961500 2.7854099687e-01
0.962000 2.5309218804e-01
0.962500 2.2516034309e-01
0.963000 1.9510625034e-01
0.963500 1.6332153522e-01
0.964000 1.3022329749e-01
0.964500 9.6248275403e-02
0.965000 6.1846599057e-02
0.965500 2.7475204385e-02
0.966000 -6.4090110992e-03
0.966500 -3.9356200650e-02
0.967000 -7.0930649825e-02
0.967500 -1.0071782056e-01
0.968000 -1.2833124465e-01
0.968500 -1.5341914861e-01
0.969000 -1.7567068897e-01
0.969500 -1.9482167653e-01
0.970000 -2.1065966986e-01
0.970500 -2.2302832312e-01
0.971000 -2.3183088096e-01
0.971500 -2.3703272359e-01
0.972000 -2.3866287906e-01
0.972500 -2.3681443585e-01
0.973000 -2.3164380866e-01
0.973500 -2.2336883124e-01
0.974000 -2.1226567444e-01
0.974500 -1.9866461241e-01
0.975000 -1.8294468632e-01
0.975500 -1.6552734141e-01
0.976000 -1.4686913909e-01
0.976500 -1.2745367068e-01
0.977000 -1.0778282183e-01
0.977500 -8.8367556624e-02
0.978000 -6.9718406215e-02
0.978500 -5.2335858657e-02
0.979000 -3.6700853191e-02
0.979500 -2.3265583749e-02
0.980000 -1.2444812128e-02
0.980500 -4.6078814554e-03
0.981000 -7.1605284178e-05
0.981500 9.0581270757e-04
0.982000 -1.8703018109e-03
0.982500 -8.5274369528e-03
0.983000 -1.9123570979e-02
0.983500 -3.3646219693e-02
0.984000 -5.2012859255e-02
0.984500 -7.4072695896e-02
0.985000 -9.9609722720e-02
0.985500 -1.2834697501e-01
0.986000 -1.5995187009e-01
0.986500 -1.9404249654e-01
0.987000 -2.3019470068e-01
0.987500 -2.6794980652e-01
0.988000 -3.0682279817e-01
0.988500 -3.4631079169e-01
0.989000 -3.8590162548e-01
0.989500 -4.2508240501e-01
0.990000 -4.6334784744e-01
0.990500 -5.0020828468e-01
0.991000 -5.3519719873e-01
0.991500 -5.6787817971e-01
0.992000 -5.9785121477e-01
0.992500 -6.2475823407e-01
0.993000 -6.4828785776e-01
0.993500 -6.6817930478e-01
0.994000 -6.8422544030e-01
0.994500 -6.9627495345e-01
0.995000 -7.0423366946e-01
0.995500 -7.0806501230e-01
0.996000 -7.0778964340e-01
0.996500 -7.0348431015e-01
0.997000 -6.9527994494e-01
0.997500 -6.8335906060e-01
0.998000 -6.6795249287e-01
0.998500 -6.4933554366e-01
0.999000 -6.2782358196e-01
0.999500 -6.0376716161e-01
1.000000 -5.7754671712e-01
