2304
24 0 -5.94093953019735668572e+25
24 1 -1.47326859083324467404e+25
24 2 -5.75288144228265755463e+25
24 3 -7.35750561346777343750e+10
24 4 7.45224151589777587891e+11
24 5 -6.47867571276400488281e+12
24 6 1.55220317664201629552e+25
24 7 -9.12992754422388665017e+25
24 8 1.74392372980507299805e+12
24 9 4.94912372320499420166e+10
24 10 1.16618513759300537109e+12
24 11 -1.70128171497121093750e+11
24 12 1.45165440821356323242e+11
24 13 -1.51305062364721832275e+11
24 14 7.37182153470209197998e+10
24 15 1.08101488538631149292e+11
24 16 9.37491958994461669922e+10
24 17 -8.16259435010191650391e+10
24 18 -3.82535486201918945312e+10
24 19 7.89337903044781860352e+11
24 20 -1.89331473338915679932e+11
24 21 -4.05323091105950195312e+11
24 22 7.07958563266881256104e+10
24 23 1.45249029283840637207e+11
24 24 3.06616836069666576385e+09
24 25 4.35244906425404541016e+11
24 26 -1.27718662716358764648e+11
24 27 1.13302139115894260406e+10
24 28 -2.24264956751717315674e+11
24 29 3.97923746856898193359e+10
24 30 -1.71661584529327278137e+10
24 31 -1.43460850946053771973e+11
24 32 -4.39909738184421463013e+10
24 33 5.82961713742332153320e+10
24 34 2.75409025222595764160e+11
24 35 -6.07034913314929122925e+10
24 36 -1.57942089630562927246e+11
24 37 -9.53763677758710632324e+10
24 38 -9.24693247867088012695e+10
24 39 4.98963600125957393646e+09
24 40 3.40348309469392490387e+09
24 41 -3.01945103405710830688e+10
24 42 -2.93328200543716545105e+10
24 43 1.87036751707544364929e+10
24 44 -4.90367634245958557129e+10
24 45 1.76134725751089973450e+10
24 46 8.52029107899993896484e+11
24 47 -1.30155559947742889404e+11
24 48 -2.43190140179201721191e+11
24 49 -9.58387818528188281250e+13
24 50 2.97941910157395351562e+13
24 51 -2.79937408806113647461e+11
24 52 8.55445678171337585449e+10
24 53 -8.86080265337374114990e+10
24 54 -1.91514398488505172729e+10
24 55 1.32496603182420181274e+11
24 56 1.45900548233207275391e+11
24 57 -7.04730195271284770966e+09
24 58 -6.45711982456915285204e+25
24 59 6.11821624513123901367e+11
24 60 1.33417182850130783081e+11
24 61 7.03220533713915557861e+10
24 62 3.96051835978060424805e+11
24 63 -9.84923231297832099575e+25
24 64 -6.18410787949861206055e+11
24 65 -7.48172752764453735352e+11
24 66 -6.90172810526527099609e+10
24 67 2.19862055603509101868e+10
24 68 -1.10628602262926864624e+10
24 69 1.57161518805929584503e+10
24 70 1.75399724622518348694e+10
24 71 -5.47987308984485702515e+10
24 72 -2.71626636039896049500e+10
24 73 -6.70986726113127539062e+12
24 74 -2.45647584648796417236e+11
24 75 -3.68488089973401611328e+11
24 76 3.73035173419424462891e+12
24 77 -4.64291491820895800781e+12
24 78 1.30898762149724365234e+11
24 79 -2.98782087525717539062e+13
24 80 -9.49661265175962968750e+13
24 81 2.62439064403510559082e+11
24 82 -2.27931481099892150879e+11
24 83 -3.70477673215166442871e+11
24 84 6.33928229630001464844e+11
24 85 1.32796156528932971954e+10
24 86 -6.67191666208091201782e+10
24 87 1.47193678053912261963e+11
24 88 1.65803810630392619205e+25
24 89 7.26643805697485595703e+11
24 90 5.73905264257962646484e+11
24 91 4.88664003415975036621e+11
24 92 2.22561034269617340088e+11
24 93 2.54467276144680520332e+25
24 94 1.98504149662898925781e+11
24 95 3.35785097470346008301e+11
25 0 -4.72847273280149609375e+12
25 1 -1.03615334085183447266e+12
25 2 -4.27208320056475927734e+12
25 3 2.17886900675492401123e+11
25 4 3.46706849122443969727e+11
25 5 1.97617831616293579102e+11
25 6 1.11054417957337402344e+12
25 7 -6.77605536089932226562e+12
25 8 -7.35704506997042846680e+10
25 9 1.13446064079146408081e+11
25 10 -2.27127782914521820068e+11
25 11 -4.32880858244819580078e+11
25 12 5.89596592063639831543e+10
25 13 -1.10448477200842224121e+11
25 14 -1.26457542270866546631e+11
25 15 -8.95708141308061828613e+10
25 16 5.93587315414864425659e+10
25 17 1.27982743931596160889e+11
25 18 -8.06544599955344696045e+10
25 19 -2.61971678002384063721e+11
25 20 -1.62808305981627624512e+11
25 21 -4.04324543618411621094e+11
25 22 -1.00249686308955917358e+11
25 23 -2.08364662785294494629e+11
25 24 -4.38027008384658325195e+11
25 25 -1.39978641866259460449e+11
25 26 1.65306900512865905762e+11
25 27 -1.14029205355275436401e+11
25 28 -3.20266429326924316406e+11
25 29 -1.91926114040485076904e+11
25 30 4.67876433888192260742e+11
25 31 7.16100749302462921143e+10
25 32 -1.84862316668252410889e+11
25 33 -8.20456914910725708008e+11
25 34 -1.18109535588475372314e+11
25 35 -5.48668470656007099152e+09
25 36 -6.41990305606914916992e+11
25 37 -9.31940729599150390625e+10
25 38 -3.11195131788713867188e+11
25 39 -1.83809848924248565674e+11
25 40 -7.05665526448369750977e+11
25 41 -4.18191468335044250488e+10
25 42 2.27092499040242889404e+11
25 43 -1.12095646028303070068e+11
25 44 4.85422891191042724609e+11
25 45 -1.82989551272577905273e+12
25 46 1.02362123132080700684e+12
25 47 6.73076679693563354492e+11
25 48 7.41227014748721582031e+12
25 49 1.28500824260801833230e+27
25 50 -3.34146448099205403908e+26
25 51 1.71459005527141650391e+12
25 52 -3.11593360565279492188e+12
25 53 -8.91390564036783752441e+10
25 54 -2.02397279958124908447e+11
25 55 4.20141852779067199707e+11
25 56 -3.92028483896100952148e+11
25 57 -7.08248545407201416016e+11
25 58 -3.38918156796117187500e+12
25 59 5.91660675207475219727e+11
25 60 -1.50223069335389257812e+12
25 61 -1.69699671217821801758e+12
25 62 -8.19907869737980834961e+11
25 63 -7.11046203031403906250e+12
25 64 3.90423165412576477051e+11
25 65 2.21329887699797180176e+11
25 66 -1.56600810940965698242e+11
25 67 -6.82438213387220825195e+11
25 68 -3.21107254889454833984e+11
25 69 6.59320326179559570312e+11
25 70 -4.69905985539192321777e+11
25 71 5.00009444856284423828e+11
25 72 5.05322041001261474609e+11
25 73 -3.99522495124246240234e+12
25 74 4.40148904437663476562e+12
25 75 7.49208380940056396484e+11
25 76 -7.66220791619317626953e+11
25 77 -1.26102181744209667969e+12
25 78 1.97136690261562255859e+12
25 79 3.37018118282772495989e+26
25 80 1.27472202813475034085e+27
25 81 -3.75622087583044238281e+12
25 82 2.37126230709642211914e+11
25 83 4.96929870265853698730e+11
25 84 -1.35339166209724145508e+12
25 85 -1.67580974932852264404e+11
25 86 9.92279565262004516602e+11
25 87 5.19947538547738769531e+11
25 88 1.01610833681264611816e+12
25 89 -4.98222722302724227905e+10
25 90 -9.70178166489254394531e+11
25 91 9.52515299227748779297e+11
25 92 1.52188031788092315674e+11
25 93 1.20208278650873876953e+12
25 94 4.36751992891937377930e+11
25 95 -7.46374563981556274414e+11
26 0 2.69708930932274658203e+11
26 1 -2.45160181228228027344e+11
26 2 -2.38636050454618438721e+11
26 3 3.87338272822872863770e+11
26 4 -5.34968741656346923828e+11
26 5 8.40645847160620422363e+10
26 6 -6.86115048073109893799e+10
26 7 2.80126954718838867188e+11
26 8 2.85194690761569458008e+11
26 9 -2.28291436164183410645e+11
26 10 9.17912397622133911133e+11
26 11 -1.84696849657697052002e+11
26 12 -2.69528002627988708496e+11
26 13 2.74317191508164672852e+11
26 14 1.19704067306700454712e+11
26 15 3.41473278340428527832e+11
26 16 3.02943120004304870605e+11
26 17 -6.61392389958040008545e+10
26 18 -5.21371868609514923096e+10
26 19 1.89787702059906250000e+11
26 20 -3.63169793329141387939e+10
26 21 -2.88149188835038513184e+11
26 22 6.60862626714580307007e+10
26 23 3.18900098918863769531e+11
26 24 1.52485264566246948242e+11
26 25 -2.14251942117431884766e+11
26 26 2.27206717203963012695e+10
26 27 -3.19849396356511169434e+11
26 28 -1.93085373251903076172e+11
26 29 9.29634589134384765625e+11
26 30 -8.41992496815192871094e+10
26 31 5.03744234948589019775e+10
26 32 -4.27210917940819396973e+10
26 33 -2.25620030194359191895e+11
26 34 -6.23213047939515625000e+11
26 35 -1.01586078219177600098e+12
26 36 5.14987127079293457031e+11
26 37 -1.00008600690391552734e+12
26 38 1.08389562024549072266e+11
26 39 9.15975878898828887939e+10
26 40 1.18063150669720764160e+11
26 41 -1.08528912429860278320e+12
26 42 6.01167396436309082031e+11
26 43 -9.15928773543910522461e+11
26 44 -7.25006455044921020508e+11
26 45 2.71552099723971374512e+11
26 46 1.45996397957395172119e+11
26 47 -1.92719760551995483398e+11
26 48 1.71820218525758154297e+12
26 49 3.34146448099205266469e+26
26 50 1.28500824260801778254e+27
26 51 5.98600548601218994141e+11
26 52 -7.11456897444640502930e+11
26 53 5.64763156441384887695e+11
26 54 -1.34346034213548168945e+12
26 55 1.14914857121518115234e+12
26 56 2.74816812630885711670e+11
26 57 -3.15033944226115051270e+11
26 58 1.70146429999731176758e+12
26 59 1.42542572141660156250e+11
26 60 3.19339709722465637207e+11
26 61 -8.65762286574615783691e+10
26 62 3.87655345403401733398e+11
26 63 -3.01965297968710815430e+11
26 64 -3.47113833752482376099e+10
26 65 6.28523692458901977539e+11
26 66 2.09260395921527539062e+12
26 67 2.57679515684928131104e+11
26 68 -6.85750406632417755127e+10
26 69 -3.12223840076764106750e+10
26 70 -1.83356207269257324219e+11
26 71 8.90755430884127075195e+11
26 72 -1.13205371779647094727e+12
26 73 -4.81199691884322692871e+11
26 74 3.58935004479667822266e+12
26 75 1.12556822230639599609e+12
26 76 1.97961880872007382812e+13
26 77 -2.32890330519669384766e+12
26 78 -1.58420162958438354492e+12
26 79 -1.27472202813474979110e+27
26 80 3.37018118282772495989e+26
26 81 -1.85271213138664599609e+12
26 82 -3.33284431029986755371e+11
26 83 2.24960094207657897949e+11
26 84 -3.26794521087773986816e+11
26 85 1.27653716294758935547e+12
26 86 -1.08656370429258544922e+12
26 87 -2.49275157716281152344e+12
26 88 -1.57180661414867919922e+11
26 89 1.35858934397880541992e+12
26 90 -3.81231571871276184082e+11
26 91 3.71526448714044860840e+11
26 92 -9.48691467642429931641e+11
26 93 -3.82753115511495544434e+11
26 94 1.16492681550873486328e+12
26 95 -2.60238760833366394043e+11
27 0 -3.78924516640220879006e+25
27 1 9.40059878597618789515e+24
27 2 3.67237112706170748299e+25
27 3 -1.87783496875930590820e+12
27 4 -6.88205369657816894531e+11
27 5 -4.22800412792402119450e+25
27 6 -1.50299229347411679688e+13
27 7 3.71186035259852142334e+10
27 8 5.81726729857839233398e+11
27 9 3.77999147479629937330e+25
27 10 -5.09049821551131933594e+12
27 11 -9.64048341975614990234e+11
27 12 6.47328551920529663086e+11
27 13 -5.54649297955915771484e+11
27 14 1.23384627864813812256e+11
27 15 -3.82716412542369628906e+11
27 16 2.28005105522667907715e+11
27 17 1.13332336876278881836e+12
27 18 -3.11855402758574096680e+11
27 19 -6.05414740627029699917e+25
27 20 2.19423467565270581055e+12
27 21 1.87804819161461883545e+11
27 22 -3.00714221167591552734e+10
27 23 1.02570692871696212769e+11
27 24 6.16780795974491786957e+09
27 25 7.95947291042688598633e+10
27 26 3.01351758259801269531e+11
27 27 8.44556287301552200317e+09
27 28 2.82110854582924865723e+11
27 29 -4.17712165663269119263e+10
27 30 4.26060003166981506348e+10
27 31 8.74491433352542266846e+10
27 32 4.55913773343139419556e+10
27 33 4.25375569411117248535e+10
27 34 9.28621515501563453674e+09
27 35 7.45721112949200134277e+10
27 36 -3.14468647456634338379e+11
27 37 -5.31833883108212463379e+11
27 38 -6.53474465474105346680e+11
27 39 1.74592285807534074783e+09
27 40 -3.52079339941668510437e+09
27 41 -1.42373333794369411469e+10
27 42 -3.13719996888109016418e+09
27 43 1.85735332607018585205e+10
27 44 -2.35654495207080001831e+10
27 45 -1.32171614790356826782e+11
27 46 1.23093669339075180054e+11
27 47 -5.05571846676991943359e+11
27 48 -1.32281814563169311523e+12
27 49 3.43988635238912011719e+12
27 50 2.54581814365077880859e+12
27 51 -7.24394782349020263672e+11
27 52 2.54784957587126350403e+10
27 53 8.56178816821165752411e+09
27 54 8.49625356264401531219e+09
27 55 -1.59973779442186756134e+10
27 56 -1.76041171563104400635e+10
27 57 -2.17034973524419641495e+09
27 58 -8.73797907503872222900e+10
27 59 -1.97941378941166137695e+11
27 60 -7.07882369941885742188e+11
27 61 9.11896003970125274658e+10
27 62 -1.64424705853788406195e+25
27 63 -2.69047957862250549316e+11
27 64 2.18146769255256011963e+11
27 65 -6.41038637537736816406e+11
27 66 3.92208412349441772461e+11
27 67 3.20017041083548889160e+11
27 68 -4.03009412313148986816e+11
27 69 8.99789146038504333496e+10
27 70 -1.17240881781247299194e+11
27 71 1.10599381614297348022e+11
27 72 2.67375811992309713364e+09
27 73 -2.18763381007918994141e+12
27 74 3.06091352505603332520e+11
27 75 -2.54167280769277246094e+12
27 76 -3.47506491550816100000e+15
27 77 7.16536280276583492138e+26
27 78 -4.71059261640572204590e+11
27 79 -2.61273877245460791016e+12
27 80 3.83611960103275195312e+12
27 81 9.42034980428362792969e+11
27 82 1.65274430941304260254e+11
27 83 -3.02605741188374862671e+10
27 84 2.93243672197400939941e+11
27 85 -2.40885424567251319885e+10
27 86 4.47826106987519454956e+10
27 87 -1.88602000966903259277e+11
27 88 -3.21979998907789707184e+09
27 89 -5.53574713064112243652e+10
27 90 -1.08812354292233566284e+11
27 91 -6.31429457315422158864e+25
27 92 -1.45576423653792578125e+12
27 93 2.63721206753205078125e+11
27 94 -1.17520853353175048828e+12
27 95 -1.42087166004970153809e+11
28 0 8.05445351012813598633e+11
28 1 -1.47082000552261816406e+12
28 2 -9.01213711690105346680e+11
28 3 -7.19690918554271338579e+25
28 4 -2.14250070201235000000e+13
28 5 2.03775943099775805664e+12
28 6 -2.07424090895699804688e+12
28 7 -5.15840948613318298340e+11
28 8 4.13993549178761962891e+11
28 9 -4.43256527897827453613e+11
28 10 1.40024690144399032593e+10
28 11 1.84876517459807642824e+25
28 12 4.15075008797785400391e+12
28 13 -1.46335552717880523682e+11
28 14 -9.35364018897460479736e+10
28 15 -1.20330457668836868286e+11
28 16 1.02287570267161674500e+10
28 17 6.21062008717361145020e+10
28 18 5.80482727741943740845e+10
28 19 -5.88351236258531127930e+11
28 20 -3.37513563426602492059e+25
28 21 9.32339954586006958008e+11
28 22 2.56546409100183898926e+11
28 23 -1.54710250394404083252e+11
28 24 2.24901443673918792725e+11
28 25 3.42172468040732421875e+11
28 26 2.25941588234209960938e+11
28 27 -2.84469729113337890625e+11
28 28 -7.97245431377843499184e+08
28 29 7.33911136375760803223e+10
28 30 -1.10151717044874908447e+11
28 31 -1.90503185585594848633e+11
28 32 3.83535394738602066040e+10
28 33 -3.60257747436316490173e+09
28 34 4.73383591102370681763e+10
28 35 -3.89228119714592361450e+10
28 36 -1.87171265211006774902e+11
28 37 -3.08637868845364990234e+11
28 38 6.36788543022889770508e+11
28 39 3.69512257043239259720e+09
28 40 -5.03941916895658588409e+09
28 41 -7.07006072264397525787e+09
28 42 8.57473963266799259186e+09
28 43 8.54184140011835765839e+09
28 44 -1.70718356869832725525e+10
28 45 -1.17340589973647613525e+11
28 46 9.77073835900114440918e+10
28 47 -2.70020076347589477539e+11
28 48 1.16863134706425073242e+12
28 49 5.31988475390679394531e+12
28 50 2.75566410903048828125e+11
28 51 7.18384774760880859375e+11
28 52 -5.21687796665296707153e+10
28 53 1.18014672435868568420e+10
28 54 -6.98967615268903503418e+10
28 55 1.76287950031699562073e+10
28 56 -5.10400422986961517334e+10
28 57 1.44127423043086776733e+10
28 58 1.33103092054026928711e+12
28 59 6.85595219630840209961e+11
28 60 -6.84731633027416589714e+25
28 61 1.04942978221272003174e+11
28 62 3.57957775739409179688e+11
28 63 -1.11810856455357348633e+12
28 64 7.88616881231755493164e+11
28 65 -4.00326044444276597551e+25
28 66 3.34051352275590454102e+11
28 67 5.13662315947173118591e+09
28 68 -1.28357700330869159698e+10
28 69 1.59772142993988060951e+09
28 70 -2.30608830300340042114e+10
28 71 1.47035030442466754913e+10
28 72 -2.56482454896740455627e+10
28 73 -1.77913574039375341797e+12
28 74 3.66472845623570007324e+11
28 75 1.90025486150327587891e+12
28 76 -6.63787346927843017578e+11
28 77 -6.22750083869319628906e+12
28 78 -1.33275814477936645508e+11
28 79 -3.30692505745791076660e+11
28 80 5.57060448060819042969e+12
28 81 -1.29217436606920874023e+12
28 82 9.82660629958645439148e+09
28 83 -1.76285410634399528503e+10
28 84 -3.67210820959593296051e+09
28 85 -1.93444082344965195656e+09
28 86 -1.48959306438330688477e+10
28 87 -5.90656442112728118896e+09
28 88 -1.29375461862507476807e+11
28 89 -4.29864188563752365112e+09
28 90 9.89944903246706849821e+24
28 91 5.97559774090525756836e+11
28 92 -1.11807982611867828369e+11
28 93 -5.71738609065723953247e+10
28 94 1.16548175219641723633e+11
28 95 5.86199147102259135277e+24
29 0 6.71528124181170461082e+21
29 1 -1.25383489937223048273e+26
29 2 3.21028104449339696559e+25
29 3 6.53364565116049316406e+11
29 4 4.89657395770614746094e+11
29 5 -4.74971585784403320312e+11
29 6 -1.65782625222938629150e+11
29 7 2.18667861430771484375e+10
29 8 5.58345748480000000000e+10
29 9 1.15875427917358837891e+12
29 10 3.27267927464300781250e+12
29 11 3.86954588849019531250e+13
29 12 -1.73338262800186685168e+26
29 13 5.10266227026273956299e+10
29 14 4.33346589243795715332e+11
29 15 5.58100313076847167969e+11
29 16 -9.65307217325943359375e+11
29 17 -1.26656197480127099609e+12
29 18 5.12671981141082397461e+11
29 19 -5.03379504299183044434e+11
29 20 -1.93304652346614562988e+11
29 21 -1.91439497484557556152e+11
29 22 2.19551082090093688965e+10
29 23 4.83327876340989990234e+11
29 24 -4.88372460493037109375e+10
29 25 2.06158430208000000000e+11
29 26 -9.36302870528000000000e+11
29 27 3.97766325608796386719e+10
29 28 -6.70957469160135803223e+10
29 29 7.30144440320000000000e+10
29 30 8.25303795115223388672e+10
29 31 7.19046883227511901855e+10
29 32 -2.58621871650225280762e+11
29 33 9.82141244373052368164e+10
29 34 4.18169807371202270508e+11
29 35 5.07830608861841796875e+11
29 36 -8.58993459200000000000e+09
29 37 -1.01253854003200000000e+12
29 38 2.14701620000859265782e+26
29 39 -5.56272744831430053711e+11
29 40 -2.50128419052012023926e+11
29 41 -2.06087761905847381592e+11
29 42 1.60747772579157989502e+11
29 43 1.52270216349618469238e+11
29 44 -2.75724323710223486328e+12
29 45 -5.43017390179278793335e+10
29 46 -4.34290108993434875488e+11
29 47 4.44958611865600000000e+12
29 48 4.00380005497553594712e+26
29 49 -4.42381631488000000000e+12
29 50 -1.35761231872000000000e+12
29 51 2.24504534144692937051e+26
29 52 -1.89760284733569213867e+11
29 53 1.12392458058497827148e+12
29 54 -2.83291929279666061401e+10
29 55 -1.67749202490793505859e+12
29 56 -1.39414944309264648438e+12
29 57 2.21691990932780566406e+12
29 58 -7.40936963568380737305e+11
29 59 -1.70276668243110809326e+11
29 60 4.17722194653578491211e+11
29 61 2.14748364800000000000e+11
29 62 3.05783498591595214844e+11
29 63 1.33967049647797271729e+11
29 64 2.59515507226825378418e+11
29 65 8.89414019037714111328e+11
29 66 -8.58993459200000000000e+09
29 67 1.80935650885513525391e+12
29 68 1.39946575972485122681e+10
29 69 3.88564419056683532715e+11
29 70 3.04863334417649475098e+11
29 71 1.57963802236150634766e+11
29 72 1.77327121981293731689e+11
29 73 -1.20876652705136157227e+12
29 74 -8.60433140925076416016e+11
29 75 6.87957950130924675773e+26
29 76 1.09140454326812719727e+12
29 77 2.03456068705376220703e+11
29 78 -6.78604832768000000000e+11
29 79 2.28733852057600000000e+12
29 80 -3.33289462169600000000e+12
29 81 -4.67880674454978355326e+26
29 82 4.04866857481514404297e+11
29 83 4.88331176211570434570e+10
29 84 1.99366691053672851562e+12
29 85 2.02736135773198095703e+12
29 86 -4.18147169136735717773e+11
29 87 -1.62489780949900805664e+12
29 88 1.53057340889238647461e+11
29 89 2.35444116533480566406e+12
29 90 4.63607475755095520020e+10
29 91 5.45109274265675048828e+11
29 92 2.49108103168000000000e+11
29 93 3.48737124787428131104e+10
29 94 3.11485389609090393066e+11
29 95 1.33561873800575256348e+09
30 0 5.39444945477429748535e+11
30 1 7.42004203567482177734e+11
30 2 -8.16146153167494018555e+11
30 3 4.75213990570069641113e+11
30 4 2.31439798642723510742e+11
30 5 6.16876475061799682617e+11
30 6 2.41486771895822668076e+09
30 7 -6.51063220482261734009e+10
30 8 -5.62764811763559326172e+11
30 9 -5.95947829649511230469e+11
30 10 -1.49843119035606262207e+11
30 11 -1.90778465506279754639e+11
30 12 1.16966744224592749023e+12
30 13 8.86985087375242471695e+08
30 14 -1.35336423480632483959e+08
30 15 5.06267291662514448166e+08
30 16 -2.04732600706478387117e+08
30 17 6.78000887297847718000e+07
30 18 4.21475232302970826626e+08
30 19 9.16247542218322387695e+11
30 20 7.88968765505048217773e+10
30 21 2.54948168082416564941e+11
30 22 7.94419843792440490723e+10
30 23 2.56313732505276214600e+11
30 24 1.80107636052414207458e+10
30 25 -4.67530967330878417969e+11
30 26 8.48774055239457550049e+10
30 27 -4.09954854030598449707e+10
30 28 1.10196315810712631226e+11
30 29 -8.53615683204328002930e+10
30 30 2.06138861174363181503e-05
30 31 -6.95236239041726201277e-04
30 32 -2.29671881711086996181e-03
30 33 2.69401418166008779775e-03
30 34 -5.86907731051172776304e-03
30 35 -1.43310333641194932036e-03
30 36 1.68305974393534637451e+11
30 37 5.50305517047765869141e+11
30 38 -1.47984641620150488281e+12
30 39 2.65535441907941007614e+09
30 40 1.88012485572911787033e+09
30 41 4.06110851385615944862e+08
30 42 1.56140823313793778419e+08
30 43 -1.12220162036843562126e+09
30 44 -1.21160180156555641443e+07
30 45 3.80304494965433959961e+11
30 46 3.45923051029183120728e+10
30 47 4.12401728858832580566e+11
30 48 -2.62147627391945751953e+12
30 49 -1.30667889256964672852e+12
30 50 1.29294262142775170898e+12
30 51 -1.42799407566966748047e+12
30 52 2.13185444422209203243e+08
30 53 -7.59346827352546215057e+08
30 54 3.79900906119699999690e+07
30 55 -1.58491092372019696236e+09
30 56 3.86590715998420476913e+09
30 57 9.46030540581013441086e+08
30 58 -4.59588009870459976196e+10
30 59 1.78414061970575447083e+10
30 60 3.75276602305475952148e+11
30 61 -5.41470546253340454102e+10
30 62 2.25723349829172058105e+11
30 63 -7.20449213909381713867e+10
30 64 1.90551170729369354248e+10
30 65 2.17697303748167114258e+11
30 66 -5.65517284194446899414e+11
30 67 -1.54168410530408257764e-02
30 68 6.94580268013452340609e-03
30 69 -6.56534963737721334598e-03
30 70 2.25260430244277401468e-03
30 71 -1.92167851913704998586e-03
30 72 -4.22068682174320686934e-03
30 73 9.03653010199426879883e+11
30 74 -2.08717622375118041992e+12
30 75 -4.54202400970366015625e+12
30 76 1.87788515767787792969e+12
30 77 -9.61519094643786328125e+12
30 78 3.47703087649141479492e+11
30 79 -1.39646359077061474609e+12
30 80 -1.53542100085259960938e+12
30 81 3.09796786102562548828e+12
30 82 -5.85569492481761207786e-03
30 83 -2.63979633475427011985e-03
30 84 -1.69355426324391232507e-02
30 85 -1.48252693983118508103e-02
30 86 -5.59652226551922188542e-04
30 87 1.23169145669174435326e-02
30 88 -3.04784193932302951813e+08
30 89 1.26557809465681579590e+11
30 90 -2.22923464918923370361e+11
30 91 8.50138086688956420898e+11
30 92 1.21806752866225173950e+11
30 93 -2.59282672267788201571e+08
30 94 9.90021337734626007080e+10
30 95 -1.30370027059110900879e+11
31 0 1.95346194456006988525e+11
31 1 7.32418478951749267578e+11
31 2 3.35866423594978820801e+11
31 3 3.24256425331878967285e+11
31 4 -1.82995543902524414062e+10
31 5 -2.51592000984187713623e+11
31 6 -1.48759341229615692139e+11
31 7 4.88681617061504272461e+11
31 8 4.51390004198188476562e+11
31 9 1.42706502927415283203e+11
31 10 -6.21333754328942794800e+10
31 11 -1.98150510166387329102e+11
31 12 8.19644491209344726562e+11
31 13 -3.82752401729947865009e+08
31 14 -3.98034638220324099064e+08
31 15 -1.23029327996369004250e+09
31 16 -2.15029235618884384632e+08
31 17 3.31461281833362007141e+09
31 18 3.27260733444859981537e+08
31 19 -2.40913938781528961182e+11
31 20 -1.00376071943224288940e+11
31 21 6.28381465909161376953e+11
31 22 6.20590447806794738770e+10
31 23 -1.51353373730440277100e+11
31 24 1.42865293747142578125e+11
31 25 -5.16878969994640655518e+10
31 26 -4.96899858654121246338e+10
31 27 -9.73644499389457550049e+10
31 28 1.90175811118068298340e+11
31 29 -2.84337224847480621338e+10
31 30 7.91704750448650007404e-04
31 31 1.13185143680374314824e-04
31 32 1.47606897883096059750e-03
31 33 1.00303608477635012100e-03
31 34 -4.67130111135258697247e-03
31 35 -4.94832863213744253601e-04
31 36 -7.58457636906300201416e+10
31 37 -5.38412280318089172363e+11
31 38 -1.02330512770666259766e+12
31 39 4.27665150475369358063e+09
31 40 5.08084512082797408104e+08
31 41 -3.63756092313282060623e+09
31 42 3.21799475631182670593e+08
31 43 3.35168810367837095261e+09
31 44 -3.03689811231498765945e+09
31 45 6.44924092573462753296e+10
31 46 -1.12502151617873153687e+11
31 47 -3.45565632371019531250e+11
31 48 -1.87171507911721923828e+12
31 49 8.18078956040835449219e+11
31 50 1.01277454402003112793e+11
31 51 -1.03235896658495349121e+12
31 52 -4.67307618139502716064e+09
31 53 2.61459667163951173425e+07
31 54 1.32431336930987110138e+10
31 55 3.16321723087027835846e+09
31 56 3.28584883103737413883e+08
31 57 -1.22566904033511072397e+08
31 58 3.50001965872389648438e+11
31 59 -4.73848558854503479004e+10
31 60 1.68745462903271759033e+11
31 61 1.79412351272375946045e+10
31 62 -1.24578302189753463745e+11
31 63 4.83829098884456054688e+11
31 64 -4.66072761392494201660e+10
31 65 1.03328959521268676758e+11
31 66 6.67950520720837524414e+11
31 67 -1.23871735627150737769e-02
31 68 4.80689301113206327812e-04
31 69 -8.69486934230740663061e-04
31 70 -3.22360782663277641372e-03
31 71 3.08527916168678745593e-04
31 72 -1.34671067799826114399e-03
31 73 3.65433419405186914062e+12
31 74 -1.43688990989225585938e+11
31 75 -3.22285240949797314453e+12
31 76 -3.51766703069705957031e+12
31 77 5.85803953833251171875e+12
31 78 -4.74605991523708251953e+11
31 79 -7.51650374140538330078e+10
31 80 7.78378706347066162109e+11
31 81 2.19329770758230712891e+12
31 82 4.02853726847911177561e-03
31 83 5.48350220123809944245e-03
31 84 -1.28598249022232186123e-02
31 85 -4.70063696094769490480e-03
31 86 5.87809566596256619087e-03
31 87 2.83848450442776827768e-03
31 88 -1.83749709941092529297e+11
31 89 -2.42155486610454620361e+11
31 90 -3.15053885930749572754e+11
31 91 -5.12169170190073364258e+11
31 92 -1.76394355574179046631e+11
31 93 -2.79141613396764221191e+11
31 94 -1.91094824446154907227e+11
31 95 -1.83672435711350219727e+11
32 0 -2.25938900833339294434e+11
32 1 -4.16423257256825390625e+12
32 2 1.24306088147800244141e+12
32 3 5.62990761850054321289e+10
32 4 1.95117045012810859680e+10
32 5 -2.46549414001192169189e+11
32 6 -7.58905104496254062653e+09
32 7 -6.98938214778466491699e+10
32 8 -2.36686756474152343750e+12
32 9 1.67635652085542724609e+11
32 10 -6.99922285361093597412e+10
32 11 6.74458982591996479034e+09
32 12 -5.57830374578447949219e+12
32 13 -2.36002262766770601273e+09
32 14 -1.54553481124575471878e+09
32 15 2.04254052587272763252e+09
32 16 -7.15154567321795821190e+08
32 17 -2.50677344680858880281e+08
32 18 6.47284221846443271637e+09
32 19 -2.94147492553462402344e+11
32 20 6.51300606996335220337e+10
32 21 8.52221771484888305664e+10
32 22 -4.84673028151694274902e+11
32 23 -9.78979087707455596924e+10
32 24 4.39869175206902160645e+10
32 25 1.81556189073252929688e+11
32 26 4.64913553116621093750e+10
32 27 -5.84697396463167724609e+10
32 28 -3.81165097080369338989e+10
32 29 2.76026513198019165039e+11
32 30 2.14374198985414592122e-03
32 31 -9.08273620134186212768e-04
32 32 1.59978658616787266372e-04
32 33 1.11845555662882373271e-03
32 34 1.37870007979619818572e-02
32 35 8.64583428700776632225e-03
32 36 2.47337806302112060547e+11
32 37 3.03210348711777832031e+12
32 38 7.02286016074734667969e+12
32 39 -1.07235050476872995496e+08
32 40 -7.65411309770244002342e+08
32 41 -1.99947665873415446281e+09
32 42 2.88649448072742462158e+09
32 43 -1.53590803074335598946e+09
32 44 -2.48071561868788301945e+07
32 45 -5.81489539438658569336e+11
32 46 3.73181236376924865723e+11
32 47 1.83925170472741064453e+12
32 48 1.26077651427999765625e+13
32 49 3.85864659383879980469e+12
32 50 5.40163008126329101562e+12
32 51 6.93185738296575781250e+12
32 52 -1.67365978691827416420e+09
32 53 2.05655144469509267807e+09
32 54 1.50141137054945051670e+08
32 55 3.16525096849382591248e+09
32 56 2.83839589012685251236e+09
32 57 1.50096773674791774750e+10
32 58 -4.94456704809707870483e+10
32 59 -3.47461728642546005249e+10
32 60 8.78801277301924591064e+10
32 61 -4.76679389442513427734e+10
32 62 -1.14001774563711746216e+11
32 63 -7.67126652448408813477e+10
32 64 -3.46954861469515991211e+10
32 65 4.14269463502788391113e+10
32 66 -3.97160130198284667969e+12
32 67 6.76562189457298457373e-02
32 68 -5.08486986809767761708e-03
32 69 1.03035943386651958342e-02
32 70 1.47964892627737275993e-02
32 71 1.08687304451002067496e-02
32 72 4.55207395286928544198e-03
32 73 -2.02266327922243457031e+12
32 74 1.67034986890032763672e+12
32 75 2.17920484279214257812e+13
32 76 -2.54064453590440576172e+12
32 77 5.29705015734223144531e+12
32 78 2.91765549144944042969e+12
32 79 -5.31751026281672363281e+12
32 80 3.95440779705738525391e+12
32 81 -1.48513665977947460938e+13
32 82 1.17740777025867934119e-02
32 83 -7.07068213753525836446e-03
32 84 6.13742164756046898466e-02
32 85 7.65336171697397205094e-02
32 86 -2.20538424947345386429e-02
32 87 -6.82093896984819758611e-02
32 88 -1.50387239469416790009e+10
32 89 -1.76204408648184783936e+11
32 90 4.53726783340624160767e+10
32 91 -4.57762856101883117676e+11
32 92 1.09021761424000915527e+12
32 93 -2.21636333346126441956e+10
32 94 -1.40002629116267150879e+11
32 95 2.71389624688622703552e+10
33 0 -6.27254578468543701172e+10
33 1 1.31253110645181518555e+12
33 2 -3.88278902163635986328e+11
33 3 -7.59631869032208984375e+11
33 4 1.53427311792052642822e+11
33 5 -2.39796273094015312195e+10
33 6 3.64613365150839004517e+10
33 7 -4.94468791456829910278e+10
33 8 -1.60402846893905273438e+12
33 9 -1.98297944204258728027e+10
33 10 -1.90086355824693054199e+11
33 11 1.90978628469841278076e+11
33 12 1.75856318547259594727e+12
33 13 5.80367845830832242966e+08
33 14 -3.08295095247928333282e+09
33 15 -7.19551333821035504341e+08
33 16 -8.54013162953139990568e+07
33 17 1.72622171304075813293e+09
33 18 -7.27174263603830051422e+09
33 19 -4.86794790556936264038e+09
33 20 -3.62462521695832702637e+11
33 21 1.25854753721631164551e+11
33 22 1.32075583724572334290e+10
33 23 -6.60004649054872131348e+09
33 24 -5.88278586694137344360e+10
33 25 8.17223157938665893555e+11
33 26 2.19489719438686340332e+11
33 27 -4.12862795872438888550e+10
33 28 3.30183411821147346497e+09
33 29 -1.12677393052064819336e+11
33 30 -2.62574805941199768827e-03
33 31 -6.89820720636855587438e-04
33 32 -1.10333933416896729299e-03
33 33 1.01185273526783851838e-05
33 34 -8.34309228025582536037e-03
33 35 -6.29100177292559251119e-03
33 36 4.69272484302333801270e+11
33 37 1.59067213752733911133e+12
33 38 -2.22295874420355859375e+12
33 39 7.99553057670432329178e+08
33 40 -4.45103014924775695801e+09
33 41 2.07933953052162289619e+08
33 42 -1.78154259042591691017e+09
33 43 -6.07373599608063220978e+08
33 44 6.99954319073285907507e+06
33 45 -1.81688068752985046387e+11
33 46 1.27533968590220367432e+11
33 47 1.17354132620692382812e+12
33 48 -3.96279621996529492188e+12
33 49 -7.28790117840082275391e+11
33 50 3.26343416201238378906e+12
33 51 -2.16279128100032275391e+12
33 52 -4.94749669105657100677e+08
33 53 -1.30228883497301983833e+09
33 54 -3.78029385160803934559e+06
33 55 4.11712840686323690414e+09
33 56 -1.20780017206052422523e+09
33 57 -4.96527106378200709820e+08
33 58 -2.82625540028463821411e+10
33 59 -5.03790244382079086304e+10
33 60 -7.25364320587081176758e+11
33 61 -1.50239095469481262207e+11
33 62 -2.54460225991583290100e+10
33 63 -6.55388820045447998047e+10
33 64 -5.02585990397038574219e+10
33 65 -4.30180842040218750000e+11
33 66 -1.66113418521373681641e+12
33 67 -1.36726358628128999428e-02
33 68 -1.11850859076324717772e-03
33 69 -5.70777786419623088532e-03
33 70 -4.65455342620799822351e-04
33 71 1.92534680514751602165e-04
33 72 -3.89052239712846768815e-03
33 73 -2.63290101159454711914e+11
33 74 1.21269077664513867188e+12
33 75 -6.85328979237957519531e+12
33 76 -3.43103261294645117188e+12
33 77 1.29424405800043383789e+12
33 78 1.02858775993820764160e+12
33 79 -3.25661521040793847656e+12
33 80 -2.35152179131981933594e+11
33 81 4.67293553024345312500e+12
33 82 -5.02740669744390633600e-03
33 83 -5.06753818603000553977e-03
33 84 -1.42352846811477588146e-02
33 85 -1.14542912632282882501e-02
33 86 -1.19924918710864552261e-03
33 87 6.65846945324600949373e-03
33 88 4.82713693365753173828e+10
33 89 -2.40662813362377410889e+11
33 90 9.80202190023297729492e+10
33 91 -1.12734016301609512329e+11
33 92 3.63853647537658630371e+11
33 93 7.35252850940355987549e+10
33 94 -1.90280850340171356201e+11
33 95 5.78638800280060195923e+10
34 0 -3.75813042502393493652e+10
34 1 -1.06807001676093603516e+12
34 2 1.15359778065018310547e+11
34 3 1.84967152856296051025e+11
34 4 -9.80521219630273132324e+10
34 5 5.72209120266544723511e+10
34 6 1.27812898862653991699e+11
34 7 -2.87534981899818496704e+10
34 8 -1.52016840995547265625e+12
34 9 -6.36104465128599929810e+10
34 10 1.64766316063909484863e+11
34 11 -1.86821493494453506470e+10
34 12 -1.75478534979496386719e+12
34 13 9.12121711749744653702e+08
34 14 -6.26976134444038987160e+08
34 15 -9.13284851971991062164e+08
34 16 5.77291494539208292961e+08
34 17 -1.56090615023087882996e+09
34 18 3.26451224333196020126e+09
34 19 9.68311357799768371582e+10
34 20 1.49908167285585693359e+11
34 21 -1.67957268208036651611e+11
34 22 4.13814131825803466797e+11
34 23 8.93509540472911987305e+10
34 24 -2.75558372881180419922e+11
34 25 1.21287505728313476562e+11
34 26 6.25987480389295776367e+11
34 27 -5.69961814420183467865e+09
34 28 -4.72559735666525421143e+10
34 29 -4.06284272676070922852e+11
34 30 5.85648498523178451941e-03
34 31 4.63376079458170577613e-03
34 32 -1.34636700861109140370e-02
34 33 8.20562088975449605011e-03
34 34 1.45907000322284541305e-05
34 35 1.06550720993428150313e-02
34 36 1.70111407098656829834e+11
34 37 1.93860515853985986328e+12
34 38 2.01159687370895898438e+12
34 39 2.43922261615995216370e+09
34 40 3.21060068991633272171e+09
34 41 -1.11635352914111167192e+08
34 42 4.87004361627729701996e+09
34 43 1.26088121480585074425e+09
34 44 3.38658570984839461744e+06
34 45 4.49127411523541625977e+11
34 46 -2.89747929857283264160e+11
34 47 1.18669424501613281250e+12
34 48 4.45956491923638378906e+12
34 49 -1.23125159623591455078e+12
34 50 7.95891585131656250000e+11
34 51 2.71795580040147460938e+12
34 52 2.38637993235118657351e+08
34 53 -2.50095701521428585052e+09
34 54 1.05237890245536118746e+08
34 55 8.22308978175425767899e+08
34 56 1.57828947520593690872e+09
34 57 5.96020518429504776001e+09
34 58 -2.25608518402876758575e+09
34 59 6.42723256346931610107e+10
34 60 2.08405622637067687988e+11
34 61 -3.49794980573531799316e+10
34 62 2.01964181836923637390e+10
34 63 3.37761878885453581810e+08
34 64 6.46669337784828262329e+10
34 65 1.24697539452665237427e+11
34 66 -2.52022532132282958984e+12
34 67 2.15769899741882174860e-02
34 68 1.69696506612453980323e-03
34 69 1.20239386595946446019e-03
34 70 9.80980279866031264213e-03
34 71 1.86451264357894840734e-03
34 72 3.73046631773673339864e-04
34 73 1.12146514395021411133e+12
34 74 -1.06229062638218933105e+12
34 75 7.47872372543576074219e+12
34 76 4.59369103483534082031e+12
34 77 -8.07021595481088256836e+11
34 78 1.84165148910604687500e+12
34 79 -1.10539980659790307617e+12
34 80 -1.06398649560943750000e+12
34 81 -5.03843247952389648438e+12
34 82 -1.23187827239791742630e-03
34 83 -1.05107127062752814944e-02
34 84 2.50906062847994909548e-02
34 85 1.65296621925055328695e-02
34 86 -1.07196257849639722814e-02
34 87 -1.54735457521251573015e-02
34 88 1.81341082198401489258e+11
34 89 3.18923766619317138672e+11
34 90 4.22238595059991378784e+10
34 91 7.26424316052802734375e+10
34 92 6.88209446101235595703e+11
34 93 2.75974613277726806641e+11
34 94 2.51083871911373443604e+11
34 95 2.43501689140821647644e+10
35 0 -6.71363726358767929077e+10
35 1 2.04027634887443383789e+12
35 2 -3.87253208398970458984e+11
35 3 -1.77304709705290191650e+11
35 4 -4.17385718109426574707e+10
35 5 -1.52804063074809295654e+11
35 6 -3.17659936282698326111e+10
35 7 2.51086319299045181274e+10
35 8 1.06597666604731323242e+11
35 9 5.56140995171845169067e+10
35 10 -2.51051105182716789246e+10
35 11 2.14008903910935554504e+10
35 12 2.36383362810320898438e+12
35 13 -6.34119253096051663160e+07
35 14 -1.71256620177591323853e+09
35 15 -2.09566565238125175238e+08
35 16 -7.03887426641730666161e+07
35 17 2.42233144546004086733e+08
35 18 -1.98806112312223267555e+09
35 19 -1.43754634323071563721e+11
35 20 -1.35334958781370391846e+11
35 21 -3.93854050985537338257e+10
35 22 -2.45847789474545959473e+11
35 23 -1.35818157263097900391e+11
35 24 6.07424798043974304199e+10
35 25 5.61220816555883789062e+09
35 26 1.01776259947740698242e+12
35 27 -7.47455251111522827148e+10
35 28 3.85222183167220840454e+10
35 29 -5.06751650643050537109e+11
35 30 1.41473567048800569212e-03
35 31 3.89310602005663985298e-05
35 32 -8.51141391043788719806e-03
35 33 6.31677925485581940462e-03
35 34 -1.08516930923177930962e-02
35 35 1.00580585324082675755e-05
35 36 1.52081184399177856445e+11
35 37 -3.88487718612805786133e+11
35 38 -3.12417588738967382812e+12
35 39 4.51075118796816051006e+08
35 40 2.34554504475747197866e+08
35 41 -2.65407934686266511679e+08
35 42 -5.00147148909750401974e+08
35 43 -3.41964405022383809090e+08
35 44 1.33948650674185180105e+06
35 45 4.78987495784184494019e+10
35 46 4.34264586769970947266e+11
35 47 -1.25109559021415405273e+11
35 48 -4.95749045026433300781e+12
35 49 -2.48983115919194921875e+12
35 50 -3.23646527242072448730e+11
35 51 -2.51548928885064453125e+12
35 52 -2.76442494500685017556e+06
35 53 1.04997600178889334202e+09
35 54 -1.30099891657846309245e+07
35 55 -1.38987471265010285378e+09
35 56 1.24861012229673907161e+08
35 57 1.50688678185421061516e+09
35 58 1.53529481001430225372e+10
35 59 -3.68970219115290756226e+10
35 60 -1.98586904130515045166e+11
35 61 -6.17626821967883911133e+10
35 62 -8.41923754402179260254e+10
35 63 2.41220554238460426331e+10
35 64 -3.73582987452753982544e+10
35 65 -1.15965971286611465454e+11
35 66 7.35281122728171997070e+11
35 67 -1.56647426633545680530e-02
35 68 -5.51893187828239335097e-03
35 69 -6.87852795357618042316e-03
35 70 -4.34017085296935656996e-03
35 71 -1.61057706104455696829e-03
35 72 -2.33152842288470753263e-03
35 73 -2.96362439218324316406e+12
35 74 -1.38230481951507739258e+12
35 75 -8.74219553185959179688e+12
35 76 -2.84607546693494042969e+12
35 77 4.05656418144405664062e+12
35 78 -6.42295956259747802734e+11
35 79 -2.38764423301143981934e+11
35 80 -2.32503846934365527344e+12
35 81 6.00671940291967578125e+12
35 82 -3.36982334367478576775e-03
35 83 -5.17795371632098072601e-05
35 84 -2.01628178888981039740e-02
35 85 -2.17287362556696783678e-02
35 86 4.73361340133362454990e-03
35 87 1.73792811087136907233e-02
35 88 -4.38986415946555480957e+10
35 89 -1.96550522800916564941e+11
35 90 -3.15490511062897567749e+10
35 91 -3.52104615857043823242e+11
35 92 -2.51799941514176330566e+11
35 93 -6.67832472300415344238e+10
35 94 -1.54727275296377319336e+11
35 95 -1.80888275097336769104e+10
36 0 6.74449326080000000000e+10
36 1 9.89989961728000000000e+11
36 2 2.61993005056000000000e+11
36 3 2.53001787202458435059e+11
36 4 4.37047964719587402344e+11
36 5 -3.27034174676101989746e+11
36 6 -4.89300644961641296387e+11
36 7 3.23203460531442236328e+12
36 8 2.23540735772251997153e+26
36 9 -4.88859962076107482910e+11
36 10 -1.02851096769560278320e+12
36 11 1.77913641287311181641e+12
36 12 -7.30144440320000000000e+11
36 13 -6.03580512427953369141e+11
36 14 1.42279006072272167969e+12
36 15 -3.65577665288605041504e+11
36 16 -8.07514294545471923828e+11
36 17 5.86451900906372070312e+07
36 18 7.76502977912717895508e+10
36 19 -1.41637059291075531006e+11
36 20 2.11492096976412719727e+11
36 21 -9.01251264467674713135e+10
36 22 3.06581523530659423828e+11
36 23 3.48744695138458618164e+11
36 24 1.58886115244340820312e+11
36 25 6.44245094400000000000e+11
36 26 -5.00363689984000000000e+11
36 27 3.12973255995998718262e+11
36 28 1.85820052611278015137e+11
36 29 1.39586437120000000000e+10
36 30 -1.67164442084131256104e+11
36 31 6.44798588553847656250e+10
36 32 -2.43555452247521331787e+11
36 33 -4.69901272039763366699e+11
36 34 -1.71569051992128845215e+11
36 35 -1.52524806941204284668e+11
36 36 -6.44245094400000000000e+09
36 37 -3.22261324758821557561e+26
36 38 -2.38370684928000000000e+11
36 39 1.70958268349974609375e+11
36 40 -4.88947711848747314453e+11
36 41 -4.46783728098000106812e+10
36 42 2.46795125090429412842e+11
36 43 -2.70654833649040191650e+11
36 44 4.74746677883017883301e+10
36 45 1.19087292510496948242e+12
36 46 2.39880752365128845215e+11
36 47 -1.80149040224836375684e+26
36 48 1.25413045043200000000e+12
36 49 -6.48540061696000000000e+11
36 50 8.39263453184000000000e+11
36 51 -5.18617300992000000000e+11
36 52 1.57335307717423744202e+10
36 53 -2.05033177019833908081e+10
36 54 1.86891511606590393066e+11
36 55 1.73229860157780395508e+11
36 56 8.92956362254026794434e+10
36 57 -1.96276184877877563477e+11
36 58 -1.10784446905998764038e+11
36 59 6.09885804998970336914e+10
36 60 -2.13401582742560729980e+10
36 61 -4.46903650951529018006e+24
36 62 1.13607343367075531006e+11
36 63 1.01397511811537643433e+11
36 64 3.39693051103582725525e+10
36 65 1.63712096033049621582e+11
36 66 4.54335697797561766310e+26
36 67 -6.12777527415259155273e+11
36 68 4.71892908406151123047e+10
36 69 4.81598650952639221191e+11
36 70 -1.02987663744588342285e+12
36 71 3.52825436138584747314e+10
36 72 -1.45085967872755798340e+11
36 73 3.90698262793877410889e+10
36 74 1.84693692640248266602e+12
36 75 -7.98863917056000000000e+11
36 76 1.08241478271507727051e+12
36 77 -1.82962839338830761719e+12
36 78 -3.48233650832416658994e+26
36 79 -1.08729781452800000000e+12
36 80 -9.70662608896000000000e+11
36 81 5.84115552256000000000e+11
36 82 2.05182016995528717041e+11
36 83 1.34594609933879418945e+12
36 84 5.22886205275850067139e+10
36 85 -5.98555026030698852539e+10
36 86 6.43181687784236328125e+11
36 87 2.35924223148483093262e+11
36 88 4.64937577435894775391e+11
36 89 1.47273071667834619141e+12
36 90 -4.51429096690869323730e+11
36 91 2.68169666564408837891e+12
36 92 -1.31797117422736730319e+26
36 93 4.02771250474665100098e+11
36 94 6.18337815019478073120e+10
36 95 -2.47528848961639495850e+11
37 0 -2.59853647872000000000e+11
37 1 -2.04440443289600000000e+12
37 2 -4.08021893120000000000e+11
37 3 -7.20317672495835693359e+11
37 4 -3.97301354228465393066e+11
37 5 6.00088811467085937500e+11
37 6 1.03787715914355346680e+12
37 7 -4.91933668105370800781e+12
37 8 -3.43846867175718552473e+26
37 9 1.01496569312822656250e+12
37 10 1.35273609628224218750e+12
37 11 -2.66060824687864062500e+12
37 12 1.36579960012800000000e+12
37 13 1.00181410058570996094e+12
37 14 -2.03416476252133276367e+12
37 15 3.07594915306968994141e+11
37 16 1.41771766463872851562e+12
37 17 2.89488755384665954590e+11
37 18 -2.29934447341812561035e+11
37 19 3.02845832413392257690e+10
37 20 -3.62907857163534606934e+11
37 21 -1.63051748555615325928e+11
37 22 -9.82516999367062377930e+09
37 23 -1.70153636007632568359e+11
37 24 9.44264770350234375000e+10
37 25 8.58993459200000000000e+10
37 26 1.00502234726400000000e+12
37 27 5.35746142350975463867e+11
37 28 3.20020987680489990234e+11
37 29 9.94284929024000000000e+11
37 30 -5.48811135087926025391e+11
37 31 5.32701551657908447266e+11
37 32 -3.03357704712500585938e+12
37 33 -1.58770356961333959961e+12
37 34 -1.93618978484444433594e+12
37 35 3.87559712840889038086e+11
37 36 3.22261324758821557561e+26
37 37 -3.22122547200000000000e+09
37 38 1.28849018880000000000e+11
37 39 -1.05772201727884368896e+10
37 40 -2.80166521332138183594e+11
37 41 5.69102968993034362793e+10
37 42 -1.47927834141759033203e+11
37 43 -2.50242840824221588135e+11
37 44 -8.43117428933858642578e+10
37 45 -1.73673806903069921875e+12
37 46 -1.85937306308629882812e+11
37 47 1.98174108782552342268e+26
37 48 -2.33216724172800000000e+12
37 49 -1.54618822656000000000e+11
37 50 -1.19051124736000000000e+11
37 51 -4.72446402560000000000e+10
37 52 -2.00584147693198394775e+10
37 53 5.29117651056295959473e+11
37 54 -4.62222906597043991089e+09
37 55 -5.43377403300886474609e+11
37 56 3.74372890197544140625e+12
37 57 -2.11624279822084350586e+11
37 58 -1.74803588430259735107e+11
37 59 1.34315563812934265137e+11
37 60 -5.69132968485890197754e+10
37 61 -1.18861524742333520616e+26
37 62 2.80576971137533935547e+11
37 63 7.45217988487670593262e+10
37 64 3.40949335095030021667e+10
37 65 -2.39997347995070648193e+09
37 66 3.96676271118906809047e+26
37 67 -6.41095403578210449219e+11
37 68 1.20133477334091567993e+11
37 69 5.16308955725313537598e+11
37 70 -1.21754787879067773438e+12
37 71 2.50861302900288879395e+11
37 72 -4.10314994750880981445e+11
37 73 3.61719305018312622070e+11
37 74 4.46856054647535278320e+11
37 75 2.92057776128000000000e+11
37 76 -2.55813933451373443604e+10
37 77 3.43660187156954101562e+11
37 78 -4.71516391571188677343e+26
37 79 3.23464724480000000000e+11
37 80 1.03079215104000000000e+11
37 81 -5.15396075520000000000e+10
37 82 1.82633466564477691650e+11
37 83 2.10665958646606298828e+12
37 84 8.72135050191300964355e+10
37 85 -3.92286341333331298828e+09
37 86 7.42829865457142578125e+11
37 87 2.65742623451595214844e+11
37 88 7.53687077622580566406e+11
37 89 2.07153981337578491211e+12
37 90 -5.80666074940427978516e+11
37 91 3.72760964749704589844e+12
37 92 -1.96505417613252751731e+26
37 93 6.25089272650396972656e+11
37 94 1.73441390713914604187e+10
37 95 -3.06039381904244689941e+11
38 0 -4.15711489508725699379e+21
38 1 7.76190236595261466665e+25
38 2 -1.98733406185315656438e+25
38 3 -1.52535557885607104492e+12
38 4 -3.75906718771367431641e+11
38 5 4.11932520397948547363e+11
38 6 7.83607075118063232422e+11
38 7 2.26396980717974853516e+09
38 8 -8.28928688128000000000e+11
38 9 5.90764436268089111328e+11
38 10 1.36073064417267236328e+12
38 11 1.53586156245310546875e+13
38 12 -6.69323151509858516793e+25
38 13 2.16016939011162780762e+11
38 14 2.69882020770294891357e+11
38 15 1.71367327553294250488e+11
38 16 -1.94859528487779327393e+11
38 17 -5.05528466962354064941e+11
38 18 2.05744647307207336426e+11
38 19 -1.13143264138189819336e+11
38 20 3.66043023873674468994e+10
38 21 -1.21925589931849914551e+11
38 22 1.83920603735119689941e+11
38 23 8.65076999547195129395e+10
38 24 9.00019220143374023438e+10
38 25 3.00647710720000000000e+11
38 26 -1.07374182400000000000e+11
38 27 6.53484017508651367188e+11
38 28 -6.35559848977707275391e+11
38 29 -2.14701620000859231422e+26
38 30 1.47672512836273144531e+12
38 31 1.01829203155532006836e+12
38 32 -7.02060305735449218750e+12
38 33 2.22045390416673876953e+12
38 34 -2.00589525865439013672e+12
38 35 3.12338717621570458984e+12
38 36 2.44813135872000000000e+11
38 37 -1.24554051584000000000e+11
38 38 8.58993459200000000000e+09
38 39 -1.25438613836263793945e+11
38 40 5.31232046063949508667e+10
38 41 -7.75579749526680145264e+10
38 42 -3.38496672110792907715e+11
38 43 -2.61096358145864074707e+11
38 44 1.12165996890251525879e+11
38 45 -5.55753632463821533203e+11
38 46 -5.47063221835296447754e+11
38 47 4.43884870041600000000e+12
38 48 3.66897669348982750076e+26
38 49 -2.20761319014400000000e+12
38 50 -2.70247395328000000000e+11
38 51 3.17364696360836248528e+26
38 52 -4.04460846641102600098e+11
38 53 1.62377684548727783203e+12
38 54 -3.46489707767432403564e+10
38 55 -2.06779756927474340820e+12
38 56 -2.04943968990454321289e+12
38 57 3.04983303228989599609e+12
38 58 -8.65695721020186279297e+11
38 59 -3.17270778838144287109e+11
38 60 2.17079083066685760498e+11
38 61 3.95136991232000000000e+11
38 62 2.64564578433445709229e+11
38 63 7.75214561927228698730e+10
38 64 2.19982634999365631104e+11
38 65 8.14487217742095581055e+11
38 66 -9.36302870528000000000e+11
38 67 1.39232809171856347656e+12
38 68 -3.47445207713201446533e+10
38 69 3.48026519731522705078e+11
38 70 1.42585539223078796387e+11
38 71 7.08723756142059478760e+10
38 72 1.68473353845993347168e+11
38 73 -6.02704520711098876953e+11
38 74 1.78601331823266479492e+12
38 75 5.35884025341421331784e+26
38 76 -4.89049098139019836426e+11
38 77 -1.67311333342339935303e+11
38 78 3.09237645312000000000e+11
38 79 7.32023488512000000000e+11
38 80 -5.49755813888000000000e+11
38 81 -3.38667543303942699403e+26
38 82 3.16846235992601074219e+11
38 83 -8.49586881750204467773e+09
38 84 1.42547845992705151367e+12
38 85 1.48828163754495922852e+12
38 86 -2.78949184858398193359e+11
38 87 -1.17049672563773535156e+12
38 88 1.04937227178972457886e+11
38 89 1.60588848094764697266e+12
38 90 3.61553895834939117432e+10
38 91 4.21534774090239807129e+11
38 92 4.46676598784000000000e+11
38 93 2.83973806576127319336e+10
38 94 1.51878132802881469727e+11
38 95 1.02608640885367012024e+09
39 0 -7.60744455760564136505e+09
39 1 -2.81112861821499633789e+11
39 2 6.08973530290572586060e+10
39 3 -3.61737612638381421566e+08
39 4 -1.53456622772102088928e+10
39 5 2.21145051416405677795e+09
39 6 2.46513140925461435318e+09
39 7 -7.76992593244867038727e+09
39 8 1.81921201889326904297e+11
39 9 -3.24230456441897916794e+09
39 10 7.63126695262870693207e+09
39 11 -1.28625130283070778847e+09
39 12 6.77536223879826049805e+10
39 13 -7.34062299783831608696e-04
39 14 -1.08157001609687211316e-03
39 15 -4.20854724698189390335e-04
39 16 -5.83462309252821245860e-04
39 17 -2.49414248438834147692e-03
39 18 -1.04286666466001229012e-03
39 19 8.82190242868105697632e+09
39 20 -7.10398806350814342499e+09
39 21 5.39571277584029197693e+09
39 22 2.85858506324665893555e+11
39 23 -1.18008969069813041687e+10
39 24 4.17127387257286787033e+09
39 25 1.85460470598213989258e+11
39 26 -9.03950181319846191406e+10
39 27 -3.39735504169155025482e+09
39 28 -6.19663328659225845337e+09
39 29 5.57831509853114990234e+11
39 30 -2.65535441907406854630e+09
39 31 -4.27665136275443935394e+09
39 32 1.07235050455926552415e+08
39 33 -7.99553082036908507347e+08
39 34 -2.43922261616639184952e+09
39 35 -4.51075118787462949753e+08
39 36 -1.69741672975060546875e+11
39 37 1.04002827581271038055e+10
39 38 1.28816161747462036133e+11
39 39 -1.20303893958715907731e-06
39 40 -5.13896483309825551772e-04
39 41 4.18271172549936911221e-04
39 42 9.33027821842319685618e-04
39 43 1.14920833284910947278e-03
39 44 -1.59463207136222419671e-03
39 45 2.18377365164472084045e+10
39 46 -8.05683118979350280762e+09
39 47 -1.04245953878713485718e+11
39 48 -7.08420767550391113281e+11
39 49 -1.70015241282652984619e+11
39 50 -2.92311091491119018555e+11
39 51 -6.82587776153882446289e+11
39 52 1.68069115022793794459e-03
39 53 -3.99743252467823443480e-03
39 54 3.04573611168394741463e-04
39 55 4.41457651356567427892e-03
39 56 2.04700548946912773418e-03
39 57 -6.24635060697822930287e-03
39 58 -5.42301325500112056732e+09
39 59 -1.78036158658986616135e+09
39 60 1.75022496054170656204e+09
39 61 6.34728905037666473389e+10
39 62 1.02477505234473839402e+08
39 63 -8.08705677699893951416e+09
39 64 -1.91803564948052811623e+09
39 65 1.01280467998849451542e+09
39 66 -2.20547583553764587402e+11
39 67 -1.26889880053624208085e+06
39 68 -2.66883284603000783920e+09
39 69 5.38655996681019496918e+09
39 70 7.24017331233806133270e+09
39 71 -8.16393808419878292084e+09
39 72 -9.41234210423858642578e+08
39 73 1.31580139495166534424e+11
39 74 1.03931205316367993164e+12
39 75 -9.58500160753189086914e+11
39 76 -1.45186534756719879150e+11
39 77 -2.01508195967476539612e+10
39 78 2.59879148857178161621e+11
39 79 3.78507053965034423828e+11
39 80 -8.54718966988433532715e+10
39 81 5.90802560012554931641e+11
39 82 -1.28006702951514434814e+09
39 83 2.68642969727929294109e+08
39 84 -4.27665136275619077682e+09
39 85 2.09588785869598889351e+09
39 86 1.51190771183067083359e+09
39 87 2.99656181483821630478e+09
39 88 -3.41151610790060853958e+09
39 89 -1.03781839664369354248e+10
39 90 2.92346036672188949585e+09
39 91 1.19658683338054275513e+09
39 92 1.11519384035357559204e+11
39 93 -5.86951042501870155334e+09
39 94 -8.02900212775483989716e+09
39 95 -6.68756384404777336121e+09
40 0 -1.90212729723097648621e+10
40 1 -5.12143967962810058594e+10
40 2 3.49119091428272171021e+10
40 3 -9.34195142307179641724e+09
40 4 -3.73719488295144042969e+10
40 5 -2.18914714561635627747e+10
40 6 -4.46424401054387950897e+09
40 7 -8.61768867089570641518e+08
40 8 -7.05106806430016113281e+11
40 9 1.69161268723435382843e+10
40 10 2.59484291852873306274e+10
40 11 5.02190471668700504303e+09
40 12 1.28205624961859146118e+11
40 13 2.08160039342856649155e-03
40 14 -1.25707380711852310246e-03
40 15 3.73314472538025497479e-04
40 16 2.42829536205443593036e-03
40 17 7.14529558832048376782e-03
40 18 2.64433976343124140049e-04
40 19 -2.92720252001736183167e+10
40 20 -5.12523976951027107239e+09
40 21 -5.60709263329736804962e+09
40 22 -6.18705567971192626953e+11
40 23 -3.78400656788608932495e+10
40 24 6.41891391158271312714e+09
40 25 7.03603538426501708984e+11
40 26 -1.18631282328291183472e+11
40 27 3.87535658862770032883e+09
40 28 4.68579437494555473328e+09
40 29 2.50078348176547790527e+11
40 30 -4.02760850372547149658e+09
40 31 -1.58182631938242721558e+09
40 32 7.65411309760461688042e+08
40 33 4.45103011629997920990e+09
40 34 -3.21060068991812086105e+09
40 35 8.39187319530128598213e+08
40 36 4.86933746366817260742e+11
40 37 2.80265109916563903809e+11
40 38 -5.53572879785742950439e+10
40 39 5.22921484361001803753e-04
40 40 4.11229227612392254497e-06
40 41 9.80596939557555483460e-04
40 42 -5.44761251696364539980e-04
40 43 4.25702099455417071281e-04
40 44 8.72496891807276087234e-04
40 45 -4.18874884065988037109e+11
40 46 9.22136390996367454529e+09
40 47 4.54261122283441162109e+11
40 48 -5.31520079939651367188e+11
40 49 -4.20611484474092102051e+11
40 50 -3.49293697245819885254e+11
40 51 -4.34827708040639648438e+11
40 52 2.09828322825879060726e-03
40 53 -1.62831164553103803667e-03
40 54 3.49490359617665822135e-04
40 55 1.41155403281188903362e-03
40 56 8.21075842178145554051e-03
40 57 -4.18516769562631008039e-03
40 58 -1.23147372241692447662e+09
40 59 -1.16207374215402531624e+09
40 60 -1.17344564777354030609e+10
40 61 -1.69943265112514923096e+11
40 62 -6.21324607520260715485e+09
40 63 -1.24646532328744435310e+09
40 64 -1.61247551135224533081e+09
40 65 -6.80623791130924224854e+09
40 66 1.91825928635163299561e+11
40 67 -5.13452044968602418900e+08
40 68 -3.64762399409363031387e+09
40 69 6.62616148365668773651e+08
40 70 -8.09819135784449481964e+09
40 71 -2.46405415284614562988e+09
40 72 1.40438511158240103722e+09
40 73 -8.24613768358292694092e+10
40 74 -5.06964599866022949219e+10
40 75 -8.28509187243775634766e+11
40 76 -1.94811531522885406494e+11
40 77 2.96819801107821716309e+11
40 78 -3.99833560695248901367e+11
40 79 4.82318062520790100098e+11
40 80 -5.24458467368393402100e+10
40 81 5.16896937264109069824e+11
40 82 5.27321643875189495087e+09
40 83 -1.03494024278250187635e+07
40 84 -5.08084495382883310318e+08
40 85 1.01932585400821514130e+10
40 86 -4.89378444705290317535e+09
40 87 -2.54977850709994888306e+09
40 88 -1.09610479591487674713e+10
40 89 -1.20804847455140724182e+10
40 90 -1.41564831501562423706e+10
40 91 -2.61386302370523262024e+10
40 92 -1.71685352700647949219e+11
40 93 -5.27865743204806327820e+09
40 94 -9.20729100529399490356e+09
40 95 2.92953637187879276276e+09
41 0 1.10927426986591567993e+10
41 1 -1.22487300356759597778e+11
41 2 4.02989532070668411255e+10
41 3 6.88483681629986405373e+08
41 4 4.63977283710106277466e+09
41 5 1.47796114347753772736e+10
41 6 -1.14804195125945892334e+10
41 7 2.81698796448503637314e+09
41 8 -7.10501150690748310089e+09
41 9 8.41404757125060367584e+09
41 10 -6.75423447461897611618e+08
41 11 -2.63500620272909688950e+09
41 12 -1.04717643717472782135e+10
41 13 -2.18510583530085334553e-03
41 14 -3.32835224900083917823e-03
41 15 4.79349361288840432327e-04
41 16 -6.15954376439831934389e-04
41 17 -1.28242547674848922541e-03
41 18 -1.71103752493540406041e-03
41 19 -2.65854020560089635849e+09
41 20 1.49097501670505428314e+10
41 21 2.56986279934812164307e+10
41 22 2.09003591330772491455e+11
41 23 1.59285808426636981964e+10
41 24 2.27063427573213005066e+10
41 25 4.06086695839714736938e+10
41 26 1.08606238532527905273e+12
41 27 1.45584688122715759277e+10
41 28 4.38276196641726398468e+09
41 29 2.05487901336375213623e+11
41 30 -9.42981763383745193481e+08
41 31 3.63756092645521736145e+09
41 32 1.99947665872308731079e+09
41 33 -2.07934033643348544836e+08
41 34 1.11635352909485220909e+08
41 35 2.65407934687756180763e+08
41 36 4.60244731396804885864e+10
41 37 -5.65131618554755172729e+10
41 38 7.59156378983155975342e+10
41 39 -4.24501487405318342523e-04
41 40 -9.79397299959682216333e-04
41 41 -8.99610129111544536205e-07
41 42 3.52222062226136532499e-04
41 43 -4.98352161026102149187e-04
41 44 -1.59557572399979252786e-03
41 45 8.38082405897270355225e+10
41 46 8.20770183558206748962e+09
41 47 -6.00468968102111053467e+09
41 48 -1.98977184033636108398e+11
41 49 4.28694287758672302246e+11
41 50 8.38821291111684722900e+10
41 51 -2.16582246628229766846e+11
41 52 -9.85071776241929365076e-04
41 53 -9.98414581608449537911e-04
41 54 -1.43955760114752932518e-04
41 55 1.81464293292367211639e-03
41 56 1.77169534867073312501e-03
41 57 -2.51493911531450436286e-03
41 58 9.44377463575060606003e+08
41 59 4.00789948404593658447e+09
41 60 8.57939214476538944244e+09
41 61 -1.51021506718311309814e+10
41 62 8.88217600480384254456e+09
41 63 1.59327263531899905205e+09
41 64 4.13519371135532903671e+09
41 65 4.85993745147723484039e+09
41 66 1.25000598251590545654e+11
41 67 -1.94232305942311108112e+08
41 68 5.14428799615124893188e+09
41 69 -2.67525721977194964886e+08
41 70 -1.15688560685244011879e+09
41 71 -2.10340274437966585159e+09
41 72 -4.16979193395089030266e+08
41 73 5.79898382098305740356e+10
41 74 3.91074776508784790039e+11
41 75 -2.56383252719772216797e+11
41 76 3.13627504038077819824e+11
41 77 -4.72542293986997131348e+11
41 78 -1.21196285381451995850e+11
41 79 -6.61839773947291015625e+11
41 80 5.92403870425662719727e+11
41 81 1.50626230996901489258e+11
41 82 -1.05504773076434567571e+08
41 83 -3.46393365281189372763e+06
41 84 -6.57406369544924378395e+08
41 85 5.55704537492660760880e+08
41 86 -5.36211623769280388951e+07
41 87 9.63033511277944564819e+08
41 88 -1.73274559187702674866e+10
41 89 2.07373993315482292175e+10
41 90 -1.40372409093970317841e+10
41 91 4.06852043704470291138e+10
41 92 -4.93970881347838821411e+10
41 93 -1.84351620125625038147e+10
41 94 1.77170778399920120239e+10
41 95 6.12721078894237899780e+09
42 0 1.92744357385697822571e+10
42 1 -1.33625168317859069824e+11
42 2 2.83171233106501693726e+10
42 3 -6.27905712719789505005e+09
42 4 -9.74519023003613853455e+09
42 5 1.22612466223533821106e+10
42 6 -1.74006803957660446167e+10
42 7 4.86209157699525833130e+08
42 8 1.53966963598309967041e+11
42 9 -5.67159621632053756714e+09
42 10 8.66536808017695426941e+09
42 11 1.54568801313457603455e+10
42 12 -3.19222291133398620605e+11
42 13 8.28618849016697915817e-04
42 14 4.39570095619320859448e-03
42 15 6.85041075860836658207e-04
42 16 -2.40761798766992102597e-03
42 17 -7.67678943568265016555e-04
42 18 2.70482702687586560805e-03
42 19 1.15368622580764255524e+10
42 20 8.57343636465356063843e+09
42 21 -9.43322920535986709595e+09
42 22 -2.35976607520436370850e+11
42 23 -4.76241867402586746216e+09
42 24 2.85368760807379302979e+10
42 25 -2.25502311855725769043e+11
42 26 -5.96487990627193969727e+11
42 27 2.20530943398516988754e+09
42 28 -7.06307070603904819489e+09
42 29 -1.59956810855264221191e+11
42 30 -1.56140823317670196295e+08
42 31 -3.21799431268044233322e+08
42 32 -2.88649448071197938919e+09
42 33 1.78154257902279829979e+09
42 34 -4.87004361627117443085e+09
42 35 1.03701806090241539478e+09
42 36 -2.47372853451684417725e+11
42 37 1.47712698938633758545e+11
42 38 3.37326125621584228516e+11
42 39 -9.41911016557699142318e-04
42 40 5.34909264400838867053e-04
42 41 -3.46253520212601870534e-04
42 42 -1.42612655059201647771e-07
42 43 9.16150853286648494261e-04
42 44 -3.76439827906860976364e-03
42 45 -2.95660644540232276917e+10
42 46 -2.74694352794776649475e+10
42 47 -7.07413391675838012695e+10
42 48 8.94056952372257080078e+11
42 49 1.73073679946406005859e+11
42 50 -3.94359533833497680664e+11
42 51 5.85306511764470947266e+11
42 52 -1.17929346119635724069e-03
42 53 2.45347972883838130395e-03
42 54 2.06280287025607366597e-04
42 55 -4.18729173863273927692e-03
42 56 -6.52188788998247712114e-03
42 57 6.03126166086672375888e-03
42 58 -8.83098765366998076439e+08
42 59 -5.45525034022783398628e+08
42 60 -2.25392678293384647369e+09
42 61 9.41137361744987945557e+10
42 62 4.80231886326651763916e+09
42 63 -1.13252447841835474968e+09
42 64 -1.68815855979103744030e+08
42 65 -1.38618002848735117912e+09
42 66 -5.11368016977815917969e+11
42 67 6.07774698497330546379e+08
42 68 -4.17733070308793365955e+08
42 69 -4.77012165495791244507e+09
42 70 1.02441584633750000000e+10
42 71 -3.54029958123789548874e+09
42 72 -1.18405779255222058296e+09
42 73 1.37280154034405456543e+11
42 74 -9.25563393045972778320e+11
42 75 1.46355107051944140625e+12
42 76 -6.14583211667511520386e+10
42 77 -2.46186997954967468262e+11
42 78 5.28165418521586181641e+11
42 79 6.86195789279539062500e+11
42 80 -3.64315907305019226074e+10
42 81 -9.77369986101859863281e+11
42 82 -3.41036256934486770630e+09
42 83 -1.71401555872184634209e+08
42 84 -3.21799431266225993633e+08
42 85 -5.59941244969184398651e+09
42 86 -6.13356568238457918167e+08
42 87 -6.68458433275624179840e+09
42 88 -1.92632558448381423950e+10
42 89 -2.80916357302787256241e+09
42 90 1.96185933683111343384e+10
42 91 2.06302984020195045471e+10
42 92 2.12431499924651062012e+11
42 93 -2.03819166853670425415e+10
42 94 -4.34607468071092224121e+09
42 95 1.53861143432167282104e+10
43 0 -1.48367000461813087463e+10
43 1 -9.54486060656287841797e+10
43 2 2.63784276023531074524e+10
43 3 -1.63776857807791175842e+10
43 4 2.78871107182296905518e+10
43 5 -2.25894701660097694397e+10
43 6 4.14561091913353252411e+09
43 7 -1.04340412925515823364e+10
43 8 -4.63587349738763671875e+11
43 9 2.24734379399055671692e+09
43 10 -3.90988291248351974487e+10
43 11 4.70737550613388347626e+09
43 12 -2.57750756489191497803e+11
43 13 -6.46363338634997489432e-04
43 14 -2.95002616056355042654e-03
43 15 1.50097322093324203433e-03
43 16 -6.05453797721160549838e-04
43 17 -2.20143380595201794154e-05
43 18 1.94199691312271413828e-04
43 19 -1.95601538580632286072e+10
43 20 3.97372006507751083374e+09
43 21 -4.99228764406016540527e+09
43 22 -1.52064971942479339600e+11
43 23 -6.38808762791363239288e+09
43 24 -2.81534043655844879150e+10
43 25 1.10125718410382476807e+11
43 26 9.17162937046823608398e+11
43 27 -1.94353722506281280518e+10
43 28 -4.92891415644059753418e+09
43 29 -1.50633788918906707764e+11
43 30 1.12220162036141705513e+09
43 31 5.23824649662804508209e+09
43 32 -6.11575617244913935661e+08
43 33 6.07373121665513992310e+08
43 34 -1.26088121480243897438e+09
43 35 3.41964405017326533794e+08
43 36 2.68982447868168914795e+11
43 37 2.50905027204192016602e+11
43 38 2.64222849704726470947e+11
43 39 -1.12574285234533244017e-03
43 40 -4.21041751679510827065e-04
43 41 5.06692979344063954353e-04
43 42 -9.16950956656258694272e-04
43 43 2.20109829294915307352e-06
43 44 -3.45451081452896689022e-03
43 45 -7.55464210606415252686e+10
43 46 -6.35337147931604027748e+08
43 47 3.05579922428401855469e+11
43 48 7.36260342312739379883e+11
43 49 -2.34240068937218933105e+11
43 50 -6.75262678264928710938e+11
43 51 4.94689257775206176758e+11
43 52 -2.42201159598340586563e-04
43 53 2.67135048113984483256e-03
43 54 5.52805465975562569311e-04
43 55 -4.47826568272496113726e-03
43 56 -1.54982137582857014239e-04
43 57 4.80146725965207958609e-03
43 58 -7.26850924884952735901e+09
43 59 -8.91070198238878250122e+09
43 60 -1.61659127779642429352e+10
43 61 -9.36274618470314941406e+10
43 62 -1.55318395962402076721e+10
43 63 -1.08493506895905342102e+10
43 64 -8.83208151947802543640e+09
43 65 -9.56439498675562095642e+09
43 66 -2.46252716403276977539e+10
43 67 3.31248120232897222042e+08
43 68 3.59706776553044795990e+09
43 69 -1.07515279409260940552e+09
43 70 1.53073548476989030838e+08
43 71 -2.29962898842278897762e+08
43 72 -5.94809954447118401527e+08
43 73 -3.54882494239449262619e+09
43 74 -1.52680889223329986572e+11
43 75 1.20176923185395312500e+12
43 76 -5.58252276887755249023e+11
43 77 7.90153094913152709961e+11
43 78 -1.26265484700768005371e+11
43 79 1.90871120294180633545e+11
43 80 -5.47925844932938232422e+10
43 81 -8.05245766815920776367e+11
43 82 -1.22848691040187135339e+08
43 83 -1.66669674836880773306e+08
43 84 -3.35168809536977529526e+09
43 85 -4.51159076590831279755e+09
43 86 -5.87378137242056131363e+08
43 87 -6.14373095473483085632e+08
43 88 7.58461964122302246094e+09
43 89 -3.90982386124495315552e+10
43 90 2.59086191535135954618e+08
43 91 -7.00927667761427001953e+10
43 92 -5.90116037383520126343e+10
43 93 1.46163693646540813446e+10
43 94 -3.12860080384969367981e+10
43 95 7.28319354675361061096e+09
44 0 3.07037562706301069260e+09
44 1 -9.23212843257500122070e+11
44 2 2.86102713263532958984e+11
44 3 -5.89324149883648300171e+09
44 4 2.23255240614302940369e+10
44 5 -1.65827921130930309296e+10
44 6 -2.62411980649102478027e+10
44 7 1.65102667103046932220e+10
44 8 -1.61079779266516113281e+10
44 9 3.34906268834439697266e+10
44 10 -8.55365534532049083710e+09
44 11 3.33326646175008821487e+09
44 12 9.38030108740283569336e+11
44 13 -5.02791610702291603269e-03
44 14 -8.44457793441539747437e-03
44 15 -2.87003518281800980988e-03
44 16 3.21507224102423206508e-03
44 17 2.32217305283847303896e-03
44 18 -4.75321341347553251444e-03
44 19 -4.53916906552121887207e+10
44 20 -1.45371843252764644623e+10
44 21 -6.53623513686677398682e+10
44 22 6.44366823949630493164e+11
44 23 2.93941342293117904663e+10
44 24 3.99703004471708984375e+10
44 25 -4.86242760368714843750e+11
44 26 7.24194495716213378906e+11
44 27 2.23203733794043121338e+10
44 28 1.87041077262000427246e+10
44 29 2.75681989540037402344e+12
44 30 1.21160180511008165777e+07
44 31 3.03689811224882507324e+09
44 32 2.48071560517600774765e+07
44 33 -6.99874752605699561536e+06
44 34 -1.17751937535346429795e+07
44 35 -1.33948644984707422554e+06
44 36 -4.56214235423875122070e+10
44 37 8.43797613249447174072e+10
44 38 -1.10757574688089111328e+11
44 39 1.59129736022195012249e-03
44 40 -8.01554371678082086886e-04
44 41 1.59837511770693076023e-03
44 42 3.76009123679095589449e-03
44 43 3.48338337851798393596e-03
44 44 -1.38971222022237286819e-05
44 45 2.61502837925040710449e+11
44 46 -7.11098258037578125000e+10
44 47 1.89412574891519470215e+10
44 48 -4.91074718939271972656e+12
44 49 -1.29087774444385131836e+11
44 50 -5.80529130895502319336e+11
44 51 -4.18515610603876660156e+12
44 52 4.99110278762649253737e-03
44 53 -2.17425641362540243706e-02
44 54 1.04813509625061159966e-03
44 55 2.70788012713336009862e-02
44 56 2.60569187643202825055e-02
44 57 -4.00152765612126135042e-02
44 58 1.01032950023305149078e+10
44 59 4.69811606462182235718e+09
44 60 -4.88625605427131175995e+09
44 61 2.29460066346255645752e+10
44 62 2.30687782728538560867e+09
44 63 1.53883091473583679199e+10
44 64 4.45242012543312549591e+09
44 65 -2.82377913591107892990e+09
44 66 -1.63354858489689697266e+11
44 67 -2.28231195046303747222e+06
44 68 2.04018803107748680115e+10
44 69 1.18850736829383438453e+06
44 70 -1.06110763076976299286e+08
44 71 7.34772416848515998572e+06
44 72 1.15182766455983240157e+07
44 73 1.21910080714350418091e+11
44 74 1.16582959481378955078e+12
44 75 -7.22504258571307812500e+12
44 76 3.25379463013945190430e+11
44 77 -2.56540387339371429443e+11
44 78 1.61907245669422973633e+11
44 79 1.14679972550434204102e+11
44 80 -3.10966194992379394531e+11
44 81 4.60067979983789160156e+12
44 82 1.22751518900282960385e+06
44 83 -1.67253586752073420212e+06
44 84 3.03689811223828363419e+09
44 85 9.84210349773044139147e+07
44 86 2.76194566875796765089e+06
44 87 -3.56422232769016698003e+07
44 88 -3.30278547436871681213e+10
44 89 2.74239287658138847351e+10
44 90 1.06908927477713336945e+10
44 91 2.17226311113620758057e+10
44 92 6.41577463985628967285e+10
44 93 -8.00751183632371520996e+10
44 94 2.10051318209997901917e+10
44 95 -4.38668726428997325897e+09
45 0 -5.50425321464529953003e+10
45 1 -1.13633177475296203613e+11
45 2 -2.95886384530779838562e+10
45 3 -4.72819484112195358276e+10
45 4 -1.07112399569687652588e+11
45 5 -1.40384633818253967285e+11
45 6 6.04281812302334289551e+10
45 7 -5.62857101965189514160e+10
45 8 8.01708587671283325195e+11
45 9 -1.13109143893962890625e+11
45 10 -1.65364215521735015869e+11
45 11 -4.21250271985813598633e+10
45 12 -3.46340049547357116699e+11
45 13 6.68622832148048858643e+10
45 14 1.60134491607952148438e+12
45 15 8.63660012209706420898e+10
45 16 -3.08310422373434082031e+11
45 17 2.38399153930486816406e+12
45 18 8.01825189749377563477e+11
45 19 -4.45528909781750366211e+11
45 20 -2.49943753410362060547e+12
45 21 3.20182634058216525267e+23
45 22 -2.56333834829789387060e+26
45 23 -3.66683905853531066895e+11
45 24 -3.63991630261119079590e+10
45 25 1.82943581557686718750e+12
45 26 -2.46112601742429504395e+11
45 27 1.21093685113531234741e+11
45 28 1.18082515666090286255e+11
45 29 6.73699560001644744873e+10
45 30 -3.78751094081053710938e+11
45 31 -6.44924091471284255981e+10
45 32 5.95556616391071166992e+11
45 33 1.86153074756814849854e+11
45 34 -4.25299858103890197754e+11
45 35 -4.77226550831888732910e+10
45 36 -1.18112875284653295898e+12
45 37 1.73090735284726269531e+12
45 38 5.28381454792488281250e+11
45 39 -2.36905218991308326721e+10
45 40 4.24406623192776611328e+11
45 41 -8.42137803470413818359e+10
45 42 2.75039390145151939392e+10
45 43 7.60336002136145782471e+10
45 44 -2.61510529221972564697e+11
45 45 -3.36707064537536201477e+10
45 46 6.87667412485542774200e+09
45 47 -2.73621633893336303711e+11
45 48 1.63451901791224639893e+11
45 49 -4.88327237612183837891e+10
45 50 3.06011109101688499451e+10
45 51 8.84099975161755981445e+10
45 52 -1.58406342276571990967e+11
45 53 6.77618253683577194214e+10
45 54 8.39952632944463958740e+10
45 55 -8.88371831452151641846e+10
45 56 2.20614724047156433105e+11
45 57 2.40308956000706062317e+10
45 58 1.14007269813011138916e+11
45 59 -1.12551947126851104736e+11
45 60 9.82471575534682464600e+10
45 61 5.03434703163468505859e+11
45 62 1.96551491926820526123e+11
45 63 -1.61754766761575565338e+10
45 64 -1.00900318757011993408e+11
45 65 1.65245041771515289307e+11
45 66 -4.59760141780503125000e+12
45 67 4.75541254905937194824e+11
45 68 -1.08909297193640594482e+10
45 69 -1.00230445028393835449e+12
45 70 6.73852775314152832031e+11
45 71 3.33173533584888366699e+11
45 72 -6.25254621705294677734e+11
45 73 2.07554842026966406250e+13
45 74 -1.13146296708781533361e+27
45 75 2.09332997957819750977e+12
45 76 -3.33253037485679206848e+10
45 77 2.05706832286101715088e+11
45 78 4.20241922905077343750e+12
45 79 1.19412196774249487305e+12
45 80 3.64330396075439208984e+11
45 81 -7.96364959647070800781e+11
45 82 1.63446448141561340332e+11
45 83 -6.45249902574307739258e+11
45 84 1.72056369473407058716e+10
45 85 5.37714680780197143555e+10
45 86 6.05868770326111373901e+10
45 87 -1.26732107977232093811e+10
45 88 9.48487671567069549561e+10
45 89 -4.41525579654696197510e+10
45 90 1.07233430416619205475e+09
45 91 1.68157427549493923187e+10
45 92 1.30183961895359643555e+12
45 93 -4.66180027134692230225e+10
45 94 1.76007303673128967285e+10
45 95 2.08972165140383605957e+10
46 0 -4.02842976256000000000e+11
46 1 -3.13532612608000000000e+11
46 2 -2.36223201280000000000e+10
46 3 9.94548492235022583008e+10
46 4 5.51332094489162841797e+11
46 5 -4.17740216133900024414e+11
46 6 -9.33138765360683715820e+11
46 7 8.64404586810835937500e+11
46 8 6.87194767360000000000e+10
46 9 -1.93568612386089508057e+11
46 10 6.94849338284934570312e+11
46 11 -9.25679804507469726562e+11
46 12 -3.43597383680000000000e+10
46 13 2.48357796683275939941e+11
46 14 -5.46674504003807525635e+10
46 15 2.04674364906794555664e+11
46 16 -4.75373769376483581543e+11
46 17 -9.41265654467223754883e+11
46 18 7.28867518917621704102e+11
46 19 1.49421474450051391602e+11
46 20 -9.82416648655316406250e+12
46 21 -2.56333834829789627578e+26
46 22 -3.20182634058203036385e+23
46 23 9.53704624379310791016e+11
46 24 -8.73461238240574218750e+11
46 25 -1.04797202022400000000e+12
46 26 -1.54618822656000000000e+11
46 27 -1.32551025670476501465e+11
46 28 -9.13301227582518310547e+10
46 29 4.29496729600000000000e+11
46 30 -3.45923051029184875488e+10
46 31 1.32014773185171997070e+11
46 32 -3.73181236376924560547e+11
46 33 -1.27533969750705017090e+11
46 34 2.89747929857283569336e+11
46 35 -4.34264586769970336914e+11
46 36 -2.06158430208000000000e+11
46 37 2.04010946560000000000e+11
46 38 5.66935683072000000000e+11
46 39 1.10498487704083099365e+10
46 40 -9.08445677228511047363e+09
46 41 -8.06443206032950592041e+09
46 42 2.75001579876378784180e+10
46 43 -4.71729496653274536133e+08
46 44 7.54125602987791748047e+10
46 45 -6.87667412485537719727e+09
46 46 6.53301886256604766846e+10
46 47 9.44892805120000000000e+10
46 48 3.86547056640000000000e+11
46 49 -2.92057776128000000000e+11
46 50 2.44276264960000000000e+10
46 51 1.28849018880000000000e+10
46 52 2.91258614961885528564e+10
46 53 8.71876880240057373047e+09
46 54 -5.89875741290679168701e+10
46 55 -3.88409089734682312012e+10
46 56 -9.40004014053131103516e+09
46 57 -6.10596005525137329102e+09
46 58 6.45627469415234069824e+10
46 59 -1.28714463807570228577e+10
46 60 7.24771608355362548828e+10
46 61 -8.58993459200000000000e+09
46 62 -2.70473852594431945801e+11
46 63 1.58163027110783966064e+11
46 64 -1.00876672573636093140e+11
46 65 5.84270506184739303589e+10
46 66 1.97568495616000000000e+11
46 67 1.83436929894948803711e+12
46 68 -1.30024587769717211914e+12
46 69 -1.01808908962096527100e+11
46 70 -3.74127527250238494873e+10
46 71 2.47619794663079254150e+11
46 72 3.20472142755901550293e+11
46 73 -1.13146296708781450897e+27
46 74 -2.07341020100014804688e+13
46 75 -1.94132521779200000000e+12
46 76 1.71844058256175830078e+12
46 77 -2.79444083254341406250e+12
46 78 5.15396075520000000000e+11
46 79 2.44276264960000000000e+10
46 80 -2.40518168576000000000e+11
46 81 -6.35655159808000000000e+11
46 82 -2.96499536761565368652e+11
46 83 -1.57456610951293029785e+11
46 84 1.78567373233544311523e+11
46 85 1.33781950374219085693e+11
46 86 -3.42875617185255737305e+11
46 87 -1.66527047391518127441e+11
46 88 9.01877166645767211914e+10
46 89 -5.10453182454015380859e+11
46 90 1.12126112133469985962e+11
46 91 -1.48266062489336303711e+11
46 92 8.58993459200000000000e+10
46 93 4.95951183802921081543e+11
46 94 -2.71884338121807037354e+11
46 95 -2.93637355004874267578e+11
47 0 -1.43810625536000000000e+11
47 1 3.77527625318400000000e+12
47 2 -1.15427246080000000000e+12
47 3 -2.61647618948667541504e+11
47 4 7.42796897036468505859e+10
47 5 1.02537212244279785156e+11
47 6 2.92184300695164611816e+11
47 7 -7.79790719806605224609e+11
47 8 -5.47496570709031458901e+25
47 9 3.17980622708215148926e+11
47 10 8.87068481823026733398e+10
47 11 -3.89705478424305175781e+11
47 12 2.20976067379200000000e+12
47 13 1.87900868989906982422e+11
47 14 -2.57188721880268066406e+11
47 15 -5.60172033566490707397e+10
47 16 2.95598946866250854492e+11
47 17 1.60682269737095977783e+11
47 18 -8.22151702186988525391e+10
47 19 -1.14196207045493728638e+11
47 20 -6.13947878156467971802e+10
47 21 -5.43891270394780822754e+11
47 22 -1.53572900785890771484e+12
47 23 1.16524930645699966431e+11
47 24 1.30798168778728515625e+11
47 25 -6.44245094400000000000e+11
47 26 1.86831077376000000000e+11
47 27 5.03826422468703491211e+11
47 28 2.61309100828933349609e+11
47 29 -4.41307889664000000000e+12
47 30 -4.14692999686276245117e+11
47 31 3.56878953066574707031e+11
47 32 -1.85223915971367749023e+12
47 33 -1.17508514619054296875e+12
47 34 -1.19022826255967675781e+12
47 35 1.25114106910451171875e+11
47 36 1.80149040224836341325e+26
47 37 -1.98174108782552307909e+26
47 38 -4.35080187084800000000e+12
47 39 1.03573929083219848633e+11
47 40 -4.54977630530215148926e+11
47 41 5.36836703686896896362e+09
47 42 7.27322407868078918457e+10
47 43 -3.05767635368169189453e+11
47 44 -1.99852792094334106445e+10
47 45 2.38049677020260803223e+11
47 46 -8.06845190596856384277e+10
47 47 -2.14748364800000000000e+09
47 48 -8.58993459200000000000e+09
47 49 -1.71798691840000000000e+11
47 50 -5.69083166720000000000e+10
47 51 2.52651451187200000000e+12
47 52 -2.32885573415992736816e+09
47 53 2.85685657220936340332e+11
47 54 1.15710638646891342163e+11
47 55 -1.96234899015206359863e+11
47 56 2.14016971503844555664e+12
47 57 -2.38744746608302795410e+11
47 58 -1.79059064396687957764e+11
47 59 1.05462649328503692627e+11
47 60 -5.61705460368522644043e+10
47 61 -6.91936488068182611686e+25
47 62 2.20093569949014007568e+11
47 63 8.66929003025069274902e+10
47 64 3.21507046725725593567e+10
47 65 9.08674372192597961426e+10
47 66 5.01141182988785031399e+26
47 67 -7.35227631714342285156e+11
47 68 9.83875803094252319336e+10
47 69 5.82451921949621704102e+11
47 70 -1.26934504689293872070e+12
47 71 1.53838457831855041504e+11
47 72 -3.18944446273449035645e+11
47 73 -9.87014955488688842773e+11
47 74 -9.37833729047983398438e+12
47 75 -1.69221711462400000000e+12
47 76 1.35886471071862121582e+11
47 77 -7.10618753738712646484e+11
47 78 -4.77730670625321735168e+26
47 79 -1.21601261568000000000e+11
47 80 -8.24633720832000000000e+11
47 81 1.77811646054400000000e+12
47 82 2.21551882686751525879e+11
47 83 2.00609843779958398438e+12
47 84 1.08208572978910583496e+11
47 85 -4.06402991648345642090e+10
47 86 8.08547651449557495117e+11
47 87 2.86150060450491943359e+11
47 88 7.29063868594359252930e+11
47 89 2.02976106454444262695e+12
47 90 -5.89422716089317138672e+11
47 91 3.71745410547981347656e+12
47 92 -1.90897988498647349874e+26
47 93 6.13893086599509277344e+11
47 94 1.78210389183636627197e+10
47 95 -3.08895693198466918945e+11
