2304
0 0 1.64227237520000000000e+10
0 1 -4.99043532800000000000e+10
0 2 9.65066752000000000000e+10
0 3 7.16907102859813110352e+11
0 4 1.41048691050214990234e+12
0 5 2.00224947649144437499e+25
0 6 -2.23698247680755878005e+25
0 7 -2.59946414177380786713e+25
0 8 1.79507036160000000000e+11
0 9 2.33287024049102205831e+25
0 10 -2.74434496863738134766e+12
0 11 4.20958430822320079803e+09
0 12 -5.44968591566287405056e+21
0 13 -6.05257173651773757935e+10
0 14 6.69137429205346679688e+10
0 15 -1.16994559183908104897e+09
0 16 9.26627096672099151611e+10
0 17 8.40157912759819946289e+10
0 18 -5.88345397061482849121e+10
0 19 -8.17876682522186747163e+24
0 20 8.21151837777660034180e+11
0 21 -5.59030823374210571289e+11
0 22 -6.81508258116959533691e+10
0 23 -4.57397827182329101562e+11
0 24 5.94093953019736183968e+25
0 25 4.69823546982400000000e+12
0 26 -2.69173391360000000000e+11
0 27 3.78924516640220320660e+25
0 28 -7.92728283974820190430e+11
0 29 -6.71528124181000906342e+21
0 30 -5.35887787448276062012e+11
0 31 -1.87492402460402252197e+11
0 32 2.27719745948542999268e+11
0 33 5.68302239819788208008e+10
0 34 2.84681364254049644470e+10
0 35 6.85636175593569641113e+10
0 36 -7.84088432640000000000e+10
0 37 2.58670919680000000000e+11
0 38 4.15711489509239763763e+21
0 39 4.87350618737630271912e+09
0 40 1.81493526519990158081e+10
0 41 -1.01907113104177684784e+10
0 42 -1.90495841612307891846e+10
0 43 1.80103632936824111938e+10
0 44 1.23778701939101624489e+09
0 45 4.31969806134116516113e+10
0 46 4.17791676194527099609e+11
0 47 1.41965393920000000000e+11
0 48 1.92278321944924908421e+22
0 49 1.56072673280000000000e+11
0 50 1.10469414912000000000e+11
0 51 1.42732240922089053225e+22
0 52 3.71170802451247930527e+09
0 53 -2.71313461360736846924e+10
0 54 -1.83600342337343931198e+09
0 55 5.46772713303380889893e+10
0 56 6.99439254163157196045e+10
0 57 8.69227212845602035522e+09
0 58 -2.09920921429941526232e+25
0 59 1.10848967416222869873e+11
0 60 -3.27398697187178466797e+11
0 61 -1.48111360000000000000e+07
0 62 2.06792135226924848025e+25
0 63 -3.18488842083676713533e+25
0 64 -8.93794782561392944336e+11
0 65 -1.64137110063160003662e+11
0 66 -2.10617499648000000000e+11
0 67 -5.10998953777341430664e+11
0 68 6.41028140076782714844e+11
0 69 -1.44858570721017608643e+11
0 70 1.65048793610476837158e+11
0 71 -2.49865860002567535400e+11
0 72 9.20926456238014793396e+09
0 73 -2.08385936936700878906e+12
0 74 -3.48148697507943664551e+11
0 75 3.00814320126199081206e+22
0 76 5.30991431825759600000e+15
0 77 -1.10070133816562717854e+27
0 78 6.87779872768000000000e+11
0 79 -1.88648816640000000000e+11
0 80 -3.54868527104000000000e+11
0 81 -1.96518383118138170409e+22
0 82 2.61453512285676971436e+11
0 83 7.88538671810870971680e+11
0 84 -1.75697828164914599609e+12
0 85 3.37175280207976865768e+09
0 86 8.42538251434648590088e+10
0 87 1.05089407168781054020e+09
0 88 -3.35847787061763009025e+25
0 89 -2.79578922950538427734e+12
0 90 -1.34515848738698825836e+10
0 91 9.43617582854220959522e+25
0 92 1.86186439065600000000e+12
0 93 -5.09689075584579188273e+25
0 94 2.52335522322807891846e+11
0 95 1.01166737440836761475e+11
1 0 4.32810229760000000000e+10
1 1 1.11669149696000000000e+11
1 2 -6.01295421440000000000e+10
1 3 5.80398341518422363281e+11
1 4 -1.04471740745976928711e+11
1 5 -4.96730698894900110924e+24
1 6 -5.54739869775738227078e+24
1 7 -6.44630172316473645806e+24
1 8 2.96352743424000000000e+11
1 9 -5.78753186651818178485e+24
1 10 -1.60162712811597949219e+12
1 11 -2.33449634483221171875e+13
1 12 1.01753093360497666986e+26
1 13 -1.54805846409228302002e+11
1 14 -3.15402220851247802734e+11
1 15 -2.95599213792740966797e+11
1 16 4.48668483728176574707e+11
1 17 7.10002218387966308594e+11
1 18 -3.03504497575289916992e+11
1 19 2.02904014154824688651e+24
1 20 -1.17100088917126245117e+12
1 21 -9.89384453422973632812e+10
1 22 -3.46378434295977050781e+11
1 23 -8.10290933622899169922e+11
1 24 1.47326859083324488879e+25
1 25 1.05656195481600000000e+12
1 26 2.38370684928000000000e+11
1 27 -9.40059878597619004264e+24
1 28 1.46418122589066015625e+12
1 29 1.25383489937223048273e+26
1 30 -7.43192905584955810547e+11
1 31 -7.55228236782896362305e+11
1 32 4.15737438573597167969e+12
1 33 -1.32135448483129711914e+12
1 34 1.07054215793842810059e+12
1 35 -2.04000970521279663086e+12
1 36 -9.40597837824000000000e+11
1 37 2.00145475993600000000e+12
1 38 -7.76190236595261123068e+25
1 39 2.81642010153723266602e+11
1 40 5.64501778878190612793e+10
1 41 1.22813775523402160645e+11
1 42 1.34406414474139572144e+11
1 43 9.62385451256143646240e+10
1 44 9.29320718400712646484e+11
1 45 9.38388783989446868896e+10
1 46 2.85659869636840209961e+11
1 47 -3.77527625318400000000e+12
1 48 -3.59009938313535615075e+26
1 49 1.34002979635200000000e+12
1 50 -1.23198452531200000000e+12
1 51 -2.66500625192337277968e+26
1 52 3.18544585296117736816e+11
1 53 -1.36068571231005322266e+12
1 54 2.85692539698499946594e+10
1 55 1.82291515183934936523e+12
1 56 1.70208839506869506836e+12
1 57 -2.57831859384932470703e+12
1 58 -5.20574058243610501553e+24
1 59 1.54074563108531265259e+10
1 60 -1.02686921315610913086e+12
1 61 8.58993459200000000000e+09
1 62 -5.13022992705797840962e+24
1 63 -7.89807075442782098371e+24
1 64 -4.00782961652428649902e+11
1 65 -1.38642739139170190430e+12
1 66 -2.64569985433600000000e+12
1 67 -1.34302184261357250977e+12
1 68 -1.77044980438624664307e+11
1 69 -3.20870628204982299805e+11
1 70 -2.28761286320057617188e+11
1 71 -5.47955105127451095581e+10
1 72 -1.64479382086583618164e+11
1 73 7.60943026983234008789e+11
1 74 -3.76265752275886718750e+11
1 75 -5.61661498904402940383e+26
1 76 -1.34020231554553400000e+15
1 77 2.73068941408880413628e+26
1 78 2.82608848076800000000e+12
1 79 7.25849473024000000000e+11
1 80 1.88978561024000000000e+11
1 81 3.66926712746530182888e+26
1 82 -1.58647800471430145264e+11
1 83 1.40652760710206176758e+11
1 84 -1.76964028992450170898e+12
1 85 -1.60925719959085473633e+12
1 86 3.67093029842368835449e+11
1 87 1.15267952366582495117e+12
1 88 -8.32854792518840704670e+24
1 89 -3.12926365408046142578e+12
1 90 -1.50348106911222167969e+12
1 91 -2.34098611049422597118e+25
1 92 1.84683593728000000000e+11
1 93 -1.26395648757702026582e+25
1 94 -1.48619931897436523438e+12
1 95 -8.76966944822034179688e+11
2 0 -2.50549370880000000000e+10
2 1 5.47608330240000000000e+10
2 2 2.68435456000000000000e+08
2 3 3.62150279617074966431e+09
2 4 -7.81713808734793579102e+11
2 5 -1.94049285378312492055e+25
2 6 -2.16617168246420006597e+25
2 7 -2.51717913388576053469e+25
2 8 1.00931731456000000000e+11
2 9 -2.26091607645834205809e+25
2 10 3.41601436776436621094e+12
2 11 6.24884280328858203125e+12
2 12 -2.60525550052345881580e+25
2 13 -9.85414898183102989197e+09
2 14 6.06896610884944610596e+10
2 15 1.12354670674640457153e+11
2 16 -1.75129145728877624512e+11
2 17 -3.55276500312093811035e+11
2 18 9.28783285300694427490e+10
2 19 7.92650404630127977064e+24
2 20 -3.09361942764768188477e+11
2 21 -3.23542706785903259277e+11
2 22 -2.00004837643960266113e+10
2 23 1.34722997697232269287e+11
2 24 5.75288144228265411865e+25
2 25 4.26705000857600000000e+12
2 26 2.42665652224000000000e+11
2 27 -3.67237112706171005997e+25
2 28 8.90141967645652221680e+11
2 29 -3.21028104449339352962e+25
2 30 8.14291772397465209961e+11
2 31 -3.74539656515001098633e+11
2 32 -1.23913966184428491211e+12
2 33 3.90209953635716674805e+11
2 34 -1.16564503255578369141e+11
2 35 3.84456316859471862793e+11
2 36 -2.56624295936000000000e+11
2 37 3.99431958528000000000e+11
2 38 1.98733406185315742337e+25
2 39 -6.27803127939754638672e+10
2 40 -3.57075517113195877075e+10
2 41 -4.06929652556692962646e+10
2 42 -2.96669978825254211426e+10
2 43 -2.58214593437205696106e+10
2 44 -2.84105389291280822754e+11
2 45 2.81977267030788497925e+10
2 46 2.49569529925973815918e+10
2 47 1.14944062259200000000e+12
2 48 9.19198213680076660398e+25
2 49 -9.21270484992000000000e+11
2 50 -8.92212346880000000000e+11
2 51 6.82340159640598308308e+25
2 52 -2.10286448352002525330e+10
2 53 3.33167912553586547852e+11
2 54 -6.91407454978106498718e+09
2 55 -4.37229051828167724609e+11
2 56 -4.22397225898356628418e+11
2 57 6.54442743252961791992e+11
2 58 -2.03275957801421417312e+25
2 59 -8.23831441885889434814e+10
2 60 -5.25209681719886703491e+10
2 61 2.14211493888000000000e+11
2 62 -2.00413917115804067027e+25
2 63 -3.08407203925272654156e+25
2 64 2.46506477501069641113e+11
2 65 -4.39875299813752258301e+11
2 66 -1.31211250892800000000e+12
2 67 8.55638447441061889648e+11
2 68 -6.62386828837875488281e+11
2 69 2.33294338336153137207e+11
2 70 -1.02774580437462432861e+11
2 71 2.15203278868499023438e+11
2 72 4.62365534629883651733e+10
2 73 -3.29010475974670166016e+12
2 74 -7.89980797488424072266e+11
2 75 1.43806115482774321226e+26
2 76 -5.16998490912531900000e+15
2 77 1.06675172396818268510e+27
2 78 5.28280977408000000000e+11
2 79 8.01749598208000000000e+11
2 80 -1.80388626432000000000e+11
2 81 -9.39468084066130215096e+25
2 82 7.45357856547608764648e+11
2 83 6.00607782148873535156e+11
2 84 -4.84398113746709777832e+11
2 85 3.22159417254163085938e+11
2 86 1.15518550394313339233e+11
2 87 -8.54046593434689086914e+11
2 88 -3.25216658375095645268e+25
2 89 -2.57441931673935729980e+11
2 90 -1.12152099860973266602e+12
2 91 -9.14513000369372874251e+25
2 92 -1.87367948288000000000e+12
2 93 -4.93555069759690135338e+25
2 94 -1.41551274316853002930e+12
2 95 -7.32752097112113525391e+11
3 0 -7.09977760510095581055e+11
3 1 -5.70459317251847167969e+11
3 2 -1.77045038804883956909e+10
3 3 -7.70607115574453258514e+09
3 4 6.14604033184759521484e+11
3 5 -1.15226688919791168213e+11
3 6 -3.45369097059532592773e+11
3 7 -1.20637431461441577148e+12
3 8 2.09599236064350891113e+11
3 9 1.42094746107777050781e+12
3 10 1.23161764535489375000e+13
3 11 -4.49060077171664616256e+25
3 12 -1.12277030534713730469e+13
3 13 -5.00068068554366516113e+11
3 14 -1.02076760394035549164e+10
3 15 -3.44372745165468566895e+11
3 16 1.21599113842789657593e+11
3 17 -1.82979129825796775818e+10
3 18 -2.12076180064119071960e+10
3 19 -3.93753381642167675781e+12
3 20 -9.46597868314908545442e+25
3 21 3.58583006140241503906e+12
3 22 1.07581039882501184082e+12
3 23 2.31103745427157617188e+13
3 24 8.24284758925883636475e+10
3 25 -1.92774358642942504883e+11
3 26 -4.19867869225829345703e+11
3 27 1.87694408099264648438e+12
3 28 7.19690918554271338579e+25
3 29 -6.62749402912837158203e+11
3 30 -4.73630416058611694336e+11
3 31 -3.24203332678812072754e+11
3 32 -5.61494033391415100098e+10
3 33 7.58482160942508544922e+11
3 34 -1.86250523850291839600e+11
3 35 1.76724153385041107178e+11
3 36 -2.53149189076290100098e+11
3 37 7.21467866042073730469e+11
3 38 1.53423286480745410156e+12
3 39 5.78569849670678043365e+09
3 40 1.23667851024077548981e+10
3 41 -3.58056250537206649780e+09
3 42 6.09081224391458034515e+09
3 43 1.46965831278263778687e+10
3 44 4.07220168954101419449e+09
3 45 6.09626922584419403076e+10
3 46 -1.11643225171099151611e+11
3 47 2.61805482152919403076e+11
3 48 3.66741368956027099609e+12
3 49 -3.90105498626728454590e+11
3 50 5.34822079921400695801e+11
3 51 2.37436432459274267578e+12
3 52 -3.73475114370041046143e+10
3 53 1.06859396690092456341e+09
3 54 -5.38817802519328155518e+10
3 55 2.83715196032879257202e+09
3 56 -4.34175826173306198120e+10
3 57 3.39843180010280370712e+08
3 58 3.01815992397825012207e+11
3 59 9.07363777062770312500e+12
3 60 -5.04801344920098390682e+25
3 61 1.18923628573004791260e+11
3 62 5.39008828679902832031e+11
3 63 -1.84223879399325219727e+12
3 64 9.22974588132730273438e+12
3 65 -2.93393061917174009954e+25
3 66 -1.25863604819004370117e+12
3 67 2.08452466262529983521e+10
3 68 -1.77547349763158988953e+10
3 69 -2.24522664880227699280e+10
3 70 -4.83327938877892608643e+10
3 71 5.44720910997843170166e+09
3 72 -3.18621139901994018555e+10
3 73 -5.68115988497515945435e+10
3 74 -1.26507613870594005585e+10
3 75 6.03085978706247363281e+12
3 76 6.37953685653250375000e+14
3 77 -2.43661628786848085938e+13
3 78 1.12609171719466210938e+12
3 79 -4.78577179978191406250e+11
3 80 -4.50155015729088867188e+11
3 81 -4.06035020197289111328e+12
3 82 -1.20260361175071884155e+11
3 83 -5.90912213558024520874e+10
3 84 -8.36851641026509857178e+10
3 85 3.29429199175463180542e+10
3 86 -3.26360114075456809998e+10
3 87 9.69490162504269714355e+10
3 88 1.68047761015002514648e+12
3 89 4.38749975935622656250e+13
3 90 -1.02796494743271392028e+26
3 91 1.76542036003503808594e+12
3 92 7.03759080438427978516e+11
3 93 1.33694438589407324219e+12
3 94 3.33335596807513906250e+13
3 95 -5.98693570864690078574e+25
4 0 -1.40785397259839648438e+12
4 1 1.01086455863700073242e+11
4 2 6.99507776911207031250e+11
4 3 -6.18435271650091674805e+11
4 4 -2.88210645258092727661e+10
4 5 -5.45469880107907226562e+11
4 6 7.54202347440203369141e+11
4 7 -5.92984016364534057617e+11
4 8 6.60248433204759521484e+10
4 9 -3.52961520543695898438e+12
4 10 -4.26328133095566642491e+25
4 11 -1.32801425763956054688e+13
4 12 -1.70109416494191552734e+12
4 13 -5.59861837479413375854e+10
4 14 4.68738812282914733887e+10
4 15 1.32448746571661499023e+11
4 16 -9.22166221998534393311e+10
4 17 -1.29187185668743225098e+11
4 18 1.46490982983383798599e+09
4 19 -2.16206022274956909180e+12
4 20 -2.80783699297115507812e+13
4 21 -2.31098593965563323975e+11
4 22 1.43511226464481567383e+11
4 23 -7.63431647042442485773e+25
4 24 -7.83902294669578979492e+11
4 25 -3.65413661459635375977e+11
4 26 5.51940601785637084961e+11
4 27 6.40306746004887329102e+11
4 28 2.13780867745500117188e+13
4 29 -4.76775764857979675293e+11
4 30 -2.37673912194685241699e+11
4 31 2.20436224547455482483e+10
4 32 -8.96187249634511184692e+09
4 33 -1.65311866296060272217e+11
4 34 1.05009588289068756104e+11
4 35 3.81628459520769119263e+10
4 36 -4.36002969186359375000e+11
4 37 3.84330528507745361328e+11
4 38 3.56573344651510192871e+11
4 39 1.62994271511606636047e+10
4 40 3.83236673830826034546e+10
4 41 -4.94501730737165355682e+09
4 42 1.06390552190044116974e+10
4 43 -2.49485443686403350830e+10
4 44 -2.01850068287869033813e+10
4 45 1.81022467262430175781e+11
4 46 -5.71770895670709472656e+11
4 47 -6.53765252619105529785e+10
4 48 1.78441230793317016602e+12
4 49 -1.03849594572893249512e+12
4 50 7.11186277508927612305e+11
4 51 1.26558065740884912109e+12
4 52 5.38640122956182479858e+09
4 53 -2.85520355864555549622e+10
4 54 -9.42493771085843200684e+10
4 55 5.76690317895214691162e+10
4 56 2.62346121543602609634e+09
4 57 -2.68206277878363342285e+10
4 58 -2.41424270772186950684e+11
4 59 -2.82295803394674548026e+25
4 60 -1.57969475936251347656e+13
4 61 1.54289791478275909424e+11
4 62 1.79732263147684906006e+11
4 63 1.55542950205761051178e+10
4 64 -2.83848238734850968361e+25
4 65 -9.31671347018946093750e+12
4 66 -1.16590106047922338867e+12
4 67 3.17270838489847412109e+11
4 68 -9.09658840046260528564e+10
4 69 -5.09513229429428710938e+11
4 70 2.76260318041055664062e+11
4 71 -3.61875546559654769897e+10
4 72 3.32243459526313842773e+11
4 73 2.46965205215621240234e+12
4 74 -9.37267510575324340820e+11
4 75 1.10324798840066113281e+12
4 76 -2.09760447222911749701e+27
4 77 -1.01694531964452180000e+16
4 78 -7.93758143634864868164e+11
4 79 -6.91543550189257690430e+11
4 80 4.50703829346454101562e+11
4 81 -3.05654616265057080078e+12
4 82 6.75552407141444091797e+11
4 83 -2.39242493836935607910e+11
4 84 1.66996805400347753906e+12
4 85 3.27266394876834130859e+12
4 86 2.57039801064565216064e+11
4 87 -1.52606663401505908203e+12
4 88 5.19471080275591113281e+12
4 89 -1.45410639892128197467e+26
4 90 -3.12604984473289023438e+13
4 91 6.15025303755815917969e+11
4 92 -1.83885962884901586914e+12
4 93 3.95119719412156250000e+11
4 94 -1.14598802431285625841e+26
4 95 -1.49366270599651484375e+13
5 0 -2.00224947649144222751e+25
5 1 4.96730698894900218298e+24
5 2 1.94049285378312835653e+25
5 3 1.18517391297987594604e+11
5 4 5.49665852111676330566e+11
5 5 -2.23231763449430427551e+10
5 6 -4.79643449977269104004e+11
5 7 -1.50613840070663535156e+13
5 8 3.41530505784370727539e+10
5 9 4.60035447503345479561e+25
5 10 -4.20865596829039355469e+12
5 11 -2.03884296859498565674e+11
5 12 5.87542509750767333984e+11
5 13 -2.99724564915596374512e+11
5 14 1.06969286649689559937e+11
5 15 -2.23380107577533264160e+11
5 16 2.04572120893473541260e+11
5 17 7.33891246393955566406e+11
5 18 -2.04512269519479217529e+11
5 19 -4.11161030243692320748e+25
5 20 3.71892355169844677734e+12
5 21 -1.22908291395864048004e+10
5 22 1.10660122716034622192e+10
5 23 2.40751036484689453125e+12
5 24 6.47128520592461718750e+12
5 25 -2.27638760676978637695e+11
5 26 -6.72319159955487213135e+10
5 27 4.22800412792402463047e+25
5 28 -2.04935804862199877930e+12
5 29 4.75717362142443847656e+11
5 30 -6.14893479295404296875e+11
5 31 2.46163824838795806885e+11
5 32 2.49597235956066650391e+11
5 33 2.91308858767226791382e+10
5 34 -5.93010957676796188354e+10
5 35 1.52997644625038391113e+11
5 36 3.31534305783167114258e+11
5 37 -6.01718444131978515625e+11
5 38 -4.14292665085809936523e+11
5 39 -2.96480184132083654404e+09
5 40 2.16903342826903152466e+10
5 41 -1.47450591108111724854e+10
5 42 -1.21981554990494422913e+10
5 43 2.26594069296080207825e+10
5 44 1.63814832695910301208e+10
5 45 1.27440265905922790527e+11
5 46 4.08693891670892639160e+11
5 47 -1.00522891937829772949e+11
5 48 -1.37512972220537890625e+12
5 49 5.42548820394606201172e+11
5 50 6.09719816297065063477e+11
5 51 -9.87968947183047119141e+11
5 52 -1.67089948845163631439e+10
5 53 -1.11591308712440943718e+09
5 54 2.58194939338724994659e+09
5 55 7.11403108644575691223e+09
5 56 2.24328903492408027649e+10
5 57 1.18373459047833347321e+10
5 58 -1.10893226321203535156e+13
5 59 9.87238359146732788086e+11
5 60 1.12784551559089428711e+12
5 61 -1.66186578588932739258e+11
5 62 1.43854170476210908090e+25
5 63 -1.67759982352329746094e+13
5 64 5.30322448056475280762e+11
5 65 8.86155882562705932617e+11
5 66 1.43685010991463818359e+12
5 67 -3.91633894637731079102e+11
5 68 4.98251497160229492188e+11
5 69 -1.19742863986152313232e+11
5 70 1.26889037643645782471e+11
5 71 -1.95472230760477111816e+11
5 72 -1.30093524058291268349e+09
5 73 -1.81216285913541577148e+12
5 74 -8.63265149709826782227e+11
5 75 -1.77684680234415576172e+12
5 76 4.17760935056225150000e+15
5 77 -8.49532101498164225958e+26
5 78 -8.72216327094091308594e+11
5 79 -7.22313125556376098633e+11
5 80 4.51218714100917968750e+10
5 81 2.10243625227649096680e+12
5 82 -1.55204792786753692627e+11
5 83 7.98487051252375640869e+10
5 84 -3.21172929794305053711e+11
5 85 3.83387815323862457275e+10
5 86 -3.99776167310442199707e+10
5 87 2.05351692085762481689e+11
5 88 -1.56675125765932153320e+12
5 89 4.05146135632465478516e+12
5 90 2.13519771051585668945e+12
5 91 7.19230246515405816290e+25
5 92 1.12321018601428417969e+12
5 93 -2.64018240031135839844e+12
5 94 4.48993708753252929688e+12
5 95 1.31327729398979516602e+12
6 0 2.23698247680755620307e+25
6 1 5.54739869775737582833e+24
6 2 2.16617168246419920697e+25
6 3 3.49418504264057617188e+11
6 4 -7.25874792699774414062e+11
6 5 4.85854591500058959961e+11
6 6 8.35494931728942990303e+07
6 7 4.11692196243810469649e+25
6 8 -4.24105781777160766602e+11
6 9 1.62933928834570332031e+13
6 10 -7.80461171898267822266e+11
6 11 -1.35934501223524096680e+12
6 12 6.92038265169938110352e+11
6 13 7.13703900201243133545e+10
6 14 -3.51079890398674774170e+10
6 15 -4.34378635033333587646e+10
6 16 -3.96763659624784774780e+10
6 17 4.65512271481822357178e+10
6 18 1.95440464818093414307e+10
6 19 -1.47387916844894902344e+13
6 20 -2.44017801843716406250e+12
6 21 1.91360903759588500977e+11
6 22 -1.01618799714911743164e+11
6 23 -1.35014486131662426758e+12
6 24 -1.55220317664201629552e+25
6 25 -1.14536439239795239258e+12
6 26 1.02401659953821716309e+11
6 27 1.50419572871842636719e+13
6 28 2.07408480493623583984e+12
6 29 1.63910967765282836914e+11
6 30 -2.42948086057775831223e+09
6 31 1.48741174522669708252e+11
6 32 7.77546854303923988342e+09
6 33 -3.65422894313891754150e+10
6 34 -1.27781723912669052124e+11
6 35 3.17620734416426925659e+10
6 36 4.88549252846681213379e+11
6 37 -1.04045809018779846191e+12
6 38 -7.84980862931563964844e+11
6 39 -5.22816603369551086426e+09
6 40 3.93971388776140832901e+09
6 41 1.26034024020107059479e+10
6 42 1.79380021944379196167e+10
6 43 -5.93044823348417091370e+09
6 44 3.26179857515831336975e+10
6 45 -5.68154554468495941162e+10
6 46 9.42633912874293457031e+11
6 47 -2.91710750906566528320e+11
6 48 -1.76818170537667993164e+12
6 49 5.48115984910212402344e+10
6 50 1.63227451225045928955e+11
6 51 -1.04337409846548449707e+12
6 52 -4.16632224414776916504e+10
6 53 3.49977751533091506958e+10
6 54 1.77876250426384687424e+09
6 55 -5.69672887217905960083e+10
6 56 -6.09897213591986618042e+10
6 57 6.43111431542264366150e+09
6 58 2.97980866815792460763e+25
6 59 -6.24193797046038574219e+11
6 60 -9.87595408972573852539e+11
6 61 -2.00828884638889617920e+11
6 62 5.00230276205922265625e+12
6 63 4.54072186412630351125e+25
6 64 -6.18135049872219314575e+10
6 65 -1.85248065938457092285e+11
6 66 2.05002401794132714844e+12
6 67 -6.05746338591045475006e+09
6 68 1.12840719403021831512e+10
6 69 -5.22301927655594348907e+09
6 70 -1.05595995636193656921e+10
6 71 2.68065980093559265137e+10
6 72 8.70782338614030075073e+09
6 73 -5.65508580550926367188e+12
6 74 2.69580864920513381958e+10
6 75 -2.97676283864819628906e+12
6 76 -2.73862496688143281250e+13
6 77 -3.03282498130490812500e+14
6 78 -1.82347312345989916992e+12
6 79 -1.69141150434604125977e+11
6 80 1.60157730067154174805e+11
6 81 2.00673086118059741211e+12
6 82 -3.86949337619402465820e+10
6 83 -4.41655897798806076050e+10
6 84 1.08878509306719497681e+11
6 85 8.37852186984757423401e+09
6 86 -1.24659335322507381439e+10
6 87 1.57746054124779357910e+10
6 88 2.53164978725575962132e+24
6 89 -1.83070901632717016602e+12
6 90 -3.00758398871436718750e+12
6 91 2.56871950999271953125e+13
6 92 -6.92980742858541870117e+11
6 93 3.73513588949047916783e+24
6 94 -1.50298660300518505859e+12
6 95 -1.75258206069413891602e+12
7 0 2.59946414177380958512e+25
7 1 6.44630172316472572065e+24
7 2 2.51717913388575924620e+25
7 3 1.20540878398116357422e+12
7 4 5.89411015998793090820e+11
7 5 1.50586841915533398438e+13
7 6 -4.11692196243810641447e+25
7 7 1.46989520492623984814e+08
7 8 -2.09147981729298889160e+11
7 9 -2.99265490022178527832e+11
7 10 -1.61147327712529479980e+11
7 11 9.55371147441484985352e+10
7 12 -1.33407844965075927734e+11
7 13 -1.59734081247544593811e+10
7 14 1.05403888720169086456e+10
7 15 -1.89196912914468040466e+10
7 16 -1.60382794898516292572e+10
7 17 -2.03877664734573631287e+10
7 18 -2.02482625418801193237e+10
7 19 -3.05373204886737060547e+11
7 20 4.06201338697805297852e+11
7 21 -3.78710585606154724121e+11
7 22 1.09626848685807632446e+11
7 23 6.97365535201671264648e+11
7 24 9.12992754422388836815e+25
7 25 6.78139337687156152344e+12
7 26 -2.76396753867339843750e+11
7 27 -3.66960428007485198975e+10
7 28 5.17091481431214355469e+11
7 29 -1.99992015792317504883e+10
7 30 6.30082019238169021606e+10
7 31 -5.04071536870909912109e+11
7 32 7.78924181057601623535e+10
7 33 6.08479908272580947876e+10
7 34 2.22517688037146034241e+10
7 35 -2.44857520941482238770e+10
7 36 -3.23274268384017041016e+12
7 37 4.91842184593031835938e+12
7 38 -3.62449166109838867188e+09
7 39 7.80016480385233020782e+09
7 40 9.05230968137069463730e+08
7 41 -2.96018306465217542648e+09
7 42 -3.08771383505292296410e+08
7 43 1.05349142342285423279e+10
7 44 -1.62922958336409416199e+10
7 45 5.62015995536274414062e+10
7 46 -8.65468547269096679688e+11
7 47 7.81172341327913940430e+11
7 48 2.82253411220159912109e+10
7 49 1.11854006686863525391e+11
7 50 -3.30956514328477722168e+11
7 51 4.10210359620651245117e+10
7 52 1.16125217999024658203e+10
7 53 4.32521332099147129059e+09
7 54 2.31707724467138195038e+09
7 55 3.23238598100329160690e+09
7 56 6.98145079914199066162e+09
7 57 -7.23578204807884216309e+08
7 58 -4.00707088755258439395e+24
7 59 9.62250010113159484863e+10
7 60 -1.33337322617654296875e+11
7 61 1.23529555536462792969e+12
7 62 -9.67589377584702453613e+10
7 63 -5.84936823447999288128e+24
7 64 3.28975482792872314453e+10
7 65 -1.35701665001473922729e+11
7 66 -1.07723181160293203125e+13
7 67 -2.26108766924886169434e+10
7 68 -4.01551701858561325073e+10
7 69 -3.54306978924652397633e+08
7 70 2.09981820109608268738e+10
7 71 -1.92865216692017517090e+10
7 72 2.43342657317955780029e+10
7 73 5.21520525700789160156e+12
7 74 1.81622028121082031250e+11
7 75 1.58060852731357421875e+10
7 76 2.23198012980038085938e+12
7 77 6.73603126628943945312e+12
7 78 9.92909768829457812500e+12
7 79 3.17763559281973144531e+11
7 80 -4.39393036044863281250e+10
7 81 -8.47977217454135742188e+10
7 82 8.30250243573859619141e+11
7 83 1.24203613391399951172e+12
7 84 -2.32513767037492187500e+12
7 85 -5.78839920170461502075e+10
7 86 2.52046680023213989258e+11
7 87 -4.68085697436024841309e+11
7 88 -5.88672381580156905330e+25
7 89 -1.46027331648278051758e+12
7 90 -1.57011823559829833984e+12
7 91 -8.45895656675618041992e+11
7 92 3.34783912014919335938e+12
7 93 -8.94623293630123415427e+25
7 94 1.96539584050583465576e+11
7 95 -9.10777052572799804688e+11
8 0 -1.87864449024000000000e+11
8 1 -2.92057776128000000000e+11
8 2 -1.18111600640000000000e+11
8 3 -2.05849830505178771973e+11
8 4 -6.47192526705573577881e+10
8 5 -2.56485971602149200439e+10
8 6 4.26460778169744140625e+11
8 7 2.03370078807284973145e+11
8 8 5.15396075520000000000e+10
8 9 -7.77480620557697753906e+10
8 10 2.63365157100882446289e+11
8 11 6.21416695089833984375e+10
8 12 -4.33791696896000000000e+11
8 13 -4.69882651026473999023e+10
8 14 -1.08549975968904388428e+11
8 15 1.79361558547468811035e+11
8 16 -1.22317667590719207764e+11
8 17 -2.14218111648615478516e+11
8 18 7.23222695628457031250e+10
8 19 3.91726253627690734863e+10
8 20 -2.05863686977442443848e+11
8 21 1.47012397462551727295e+11
8 22 -3.55288020745633300781e+11
8 23 1.79818376734242401123e+11
8 24 -1.73040623058812304688e+12
8 25 1.03079215104000000000e+11
8 26 -2.61993005056000000000e+11
8 27 -5.80784470608931518555e+11
8 28 -4.04487258754343872070e+11
8 29 -9.01943132160000000000e+10
8 30 5.58915007697867431641e+11
8 31 -4.21837974407562377930e+11
8 32 2.36632407156959863281e+12
8 33 1.61214225405615747070e+12
8 34 1.52104789832350537109e+12
8 35 -1.11289416245597259521e+11
8 36 -2.23540735772252065872e+26
8 37 3.43846867175718758631e+26
8 38 8.24633720832000000000e+11
8 39 -1.83915896097412353516e+11
8 40 7.02979477889044677734e+11
8 41 7.59209512469802856445e+09
8 42 -1.52417398128689666748e+11
8 43 4.67735328033953613281e+11
8 44 1.56509174696887207031e+10
8 45 -8.08547704376274536133e+11
8 46 -3.49630813013787689209e+10
8 47 5.47496570709031201203e+25
8 48 3.69367187456000000000e+11
8 49 -8.41813590016000000000e+11
8 50 4.33925914624000000000e+12
8 51 2.81320357888000000000e+11
8 52 -4.85391694207484436035e+09
8 53 -3.47624749511035522461e+11
8 54 -1.97395014837788269043e+11
8 55 2.04439152637674499512e+11
8 56 -2.68167925191892968750e+12
8 57 3.54565354982829711914e+11
8 58 4.75764845056816040039e+11
8 59 -3.70690556297835235596e+10
8 60 -3.51908204911671997070e+11
8 61 8.72182131071386654280e+25
8 62 -2.65451304807407348633e+11
8 63 1.90470636620295959473e+11
8 64 6.08029639918876724243e+10
8 65 -4.04510214181693969727e+11
8 66 -7.59927403719256552216e+26
8 67 1.09909443175374230957e+12
8 68 -1.10737970296438018799e+11
8 69 -8.75982178221519287109e+11
8 70 1.94611768722479663086e+12
8 71 -2.04624831339395446777e+11
8 72 4.40833491588649047852e+11
8 73 -7.50013187704711669922e+11
8 74 2.03246478616836645508e+12
8 75 1.04797202022400000000e+12
8 76 8.11179645304465625000e+12
8 77 -1.17299166150778027344e+12
8 78 6.98632301449407363056e+26
8 79 -4.00076203622400000000e+12
8 80 -2.40518168576000000000e+11
8 81 -8.93353197568000000000e+11
8 82 -3.27928886736074462891e+11
8 83 -2.89751097383900195312e+12
8 84 -1.14501161421406005859e+11
8 85 7.95401266893469543457e+10
8 86 -1.19815713187051196289e+12
8 87 -4.18662013248144653320e+11
8 88 -9.43184340427767639160e+10
8 89 -2.36616796656722558594e+12
8 90 9.26230743602047607422e+11
8 91 -5.20608214700446875000e+12
8 92 2.76933608560968137422e+26
8 93 5.13704563190101013184e+11
8 94 4.24310889926323303223e+11
8 95 4.94301405505170532227e+11
9 0 -2.33287024049102678277e+25
9 1 5.78753186651819466975e+24
9 2 2.26091607645834248758e+25
9 3 -1.42552415071215893555e+12
9 4 3.62006384483113281250e+12
9 5 -4.60035447503345307762e+25
9 6 -1.62792200673238964844e+13
9 7 2.95536533582288635254e+11
9 8 8.07083162512900085449e+10
9 9 -4.35808215260726332664e+08
9 10 8.22703262123882141113e+10
9 11 7.58009241106679725647e+09
9 12 1.70732733460593963623e+11
9 13 -3.36524836187336120605e+11
9 14 3.65598803969808883667e+10
9 15 -2.18733592032588104248e+11
9 16 6.52301514422799453735e+10
9 17 5.71513685944495239258e+11
9 18 -1.56434367043254302979e+11
9 19 -2.91139077673878645438e+25
9 20 1.60587691555698046875e+12
9 21 2.15790426324758575439e+11
9 22 5.64572338694821166992e+10
9 23 1.16545896235206074219e+13
9 24 -9.14469235266969871521e+09
9 25 2.11594916280133056641e+09
9 26 2.09992128487649353027e+11
9 27 -3.77999147479629378984e+25
9 28 4.34897315503281311035e+11
9 29 -1.16917084826505883789e+12
9 30 5.90979812532124267578e+11
9 31 -1.19882097838414901733e+11
9 32 -1.79113424488694183350e+11
9 33 3.30921282025566940308e+10
9 34 6.56294381937167358398e+10
9 35 -5.62133436984802780151e+10
9 36 4.98732141626359680176e+11
9 37 -1.01465976450973571777e+12
9 38 -5.91059941535889282227e+11
9 39 3.34359019530702257156e+09
9 40 -1.50989181962508544922e+10
9 41 -9.01701960396381568909e+09
9 42 6.74595147198122978210e+09
9 43 -2.77720677161555624008e+09
9 44 -3.19972602795742187500e+10
9 45 1.32568882126600616455e+11
9 46 1.70523356674562286377e+11
9 47 -3.14707849966121948242e+11
9 48 4.90446384264872070312e+11
9 49 -1.37732004976433105469e+12
9 50 -1.06831651876613143921e+11
9 51 8.42709982763232299805e+11
9 52 4.38955979935914840698e+10
9 53 9.22163620516078758240e+09
9 54 1.11621176090699310303e+10
9 55 -1.43041251919306259155e+10
9 56 -3.93926483943442840576e+10
9 57 -1.16064908217528514862e+10
9 58 2.22690170638973510742e+11
9 59 2.40435734280941699219e+12
9 60 8.86518755684229736328e+10
9 61 -1.80322398147229370117e+11
9 62 -3.07516130556121566140e+25
9 63 8.40110720686227874756e+10
9 64 3.30591246921562939453e+12
9 65 -3.97204850608682861328e+11
9 66 1.89019986413302465820e+12
9 67 6.99299864706845825195e+11
9 68 -9.35111664386226196289e+11
9 69 1.98118761930422546387e+11
9 70 -2.17242372528264251709e+11
9 71 2.97116086887011230469e+11
9 72 5.37649313560863304138e+09
9 73 -3.22241896224178662109e+12
9 74 -4.90979998210914489746e+11
9 75 -2.82247741656059936523e+11
9 76 -7.24423724807324000000e+15
9 77 1.53915294021207494648e+27
9 78 -2.43274998453619335938e+12
9 79 1.54168479153152862549e+11
9 80 -6.38109592116348144531e+11
9 81 -1.39348609457959033203e+12
9 82 3.13039242566663269043e+11
9 83 -1.04248350858179229736e+11
9 84 5.79965160973652954102e+11
9 85 -7.12183992101766357422e+10
9 86 8.54291989782777862549e+10
9 87 -3.83956587664879333496e+11
9 88 3.46273951790850753784e+10
9 89 1.50811710769162851562e+13
9 90 3.10392421955684753418e+11
9 91 -1.33005630073355361654e+26
9 92 -3.67320729434888671875e+12
9 93 6.24263508261830444336e+11
9 94 9.48705259092194921875e+12
9 95 -1.07906664285188465118e+10
10 0 2.79980298682485546875e+12
10 1 1.61882428374178271484e+12
10 2 -3.38967020122717236328e+12
10 3 -1.23245073752007988281e+13
10 4 4.26328133095567243786e+25
10 5 4.19512265021802343750e+12
10 6 7.75145164161149414062e+11
10 7 1.61856040732698944092e+11
10 8 -2.52080739917376220703e+11
10 9 -9.93436819599076995850e+10
10 10 -6.08200090030275726318e+10
10 11 1.93064354512588996887e+10
10 12 3.29840424597266357422e+11
10 13 5.01695120661602172852e+10
10 14 -7.23366956019907379150e+10
10 15 -8.73775487649621429443e+10
10 16 6.80449968425880966187e+10
10 17 1.07999943845469345093e+11
10 18 -8.03170279549511623383e+09
10 19 3.41181681361159765625e+12
10 20 2.21061716953507476807e+11
10 21 4.16368092066008850098e+11
10 22 -7.83712331651640319824e+10
10 23 9.19341483999042364108e+25
10 24 -1.17836186125876904297e+12
10 25 1.65892439047234741211e+11
10 26 -8.90119338037929931641e+11
10 27 5.09380560461366796875e+12
10 28 -9.46040740678792762756e+09
10 29 -3.26246209099822216797e+12
10 30 1.40089658456112304688e+11
10 31 5.39885887629799118042e+10
10 32 7.73408593045644378662e+10
10 33 1.84732459476776519775e+11
10 34 -1.72786214954787902832e+11
10 35 2.68179478589032020569e+10
10 36 1.04044569138618310547e+12
10 37 -1.35502049350821215820e+12
10 38 -1.36453980063484667969e+12
10 39 -7.08695731142878341675e+09
10 40 -2.90616494872002868652e+10
10 41 -1.10890245810936808586e+09
10 42 -6.86484778822797298431e+09
10 43 3.85280972084376525879e+10
10 44 2.03451081462364082336e+10
10 45 1.97723303706550720215e+11
10 46 -6.85009406673725585938e+11
10 47 -9.28366637511288757324e+10
10 48 2.78686546884477783203e+12
10 49 -3.24133415241003540039e+11
10 50 -1.08989140955505126953e+12
10 51 3.25459956754055761719e+12
10 52 8.88393993109561443329e+08
10 53 1.67131798371759738922e+10
10 54 6.53713110406099243164e+10
10 55 -3.75850631527483062744e+10
10 56 -9.23787290181093406677e+09
10 57 1.55716852482977218628e+10
10 58 7.90080949081814575195e+10
10 59 2.03186092778863926926e+25
10 60 7.63385271578766357422e+11
10 61 -3.98929563010833129883e+11
10 62 3.71618788058804394531e+12
10 63 -1.65151384371342742920e+11
10 64 2.06091193463258475858e+25
10 65 5.39137111758860961914e+11
10 66 3.26121922755429394531e+12
10 67 -2.56250222989149353027e+11
10 68 7.22703011382516326904e+10
10 69 3.87446690066952575684e+11
10 70 -2.15278687428802398682e+11
10 71 1.81755115774387893677e+10
10 72 -2.44725908846001342773e+11
10 73 5.58971055778853808594e+12
10 74 -7.69123646545767333984e+11
10 75 4.73343738923868945312e+12
10 76 1.60907708448637639112e+27
10 77 7.60429677979396100000e+15
10 78 -1.58619115287105371094e+12
10 79 1.07821525087303173828e+12
10 80 -1.47636996561483251953e+12
10 81 -9.83286688245792114258e+11
10 82 -5.09064057008530761719e+11
10 83 1.65265539270445159912e+11
10 84 -1.28121189005240185547e+12
10 85 -2.50961214937497265625e+12
10 86 -1.90046127688212677002e+11
10 87 1.15499720534021069336e+12
10 88 -2.82484727292448193359e+12
10 89 1.10788276901968434176e+26
10 90 5.70978773778965698242e+11
10 91 1.64984983434988222656e+13
10 92 5.24304472165030273438e+11
10 93 1.41558193077205664062e+12
10 94 8.72245454298388672503e+25
10 95 -2.18855328631207324219e+12
11 0 -6.37252341944945526123e+09
11 1 2.33556393623121132812e+13
11 2 -6.24897518566185937500e+12
11 3 4.49060077171664616256e+25
11 4 1.32928841244868046875e+13
11 5 2.13469805559760620117e+11
11 6 1.35834776751769653320e+12
11 7 -9.30739714030113525391e+10
11 8 -6.98026983870861816406e+10
11 9 -5.11472960939214324951e+09
11 10 -2.10352138476603317261e+10
11 11 5.49053457734519004822e+09
11 12 -3.17362503528170166016e+10
11 13 2.24510804470127990723e+11
11 14 5.08261496912908935547e+10
11 15 1.73655228987611541748e+11
11 16 -3.74396546368271179199e+10
11 17 -2.67607819225028648376e+10
11 18 -3.44091789775888824463e+10
11 19 2.20185121197532421875e+12
11 20 4.53760879495029278051e+25
11 21 -1.70877678069476538086e+12
11 22 -5.91426760232782958984e+11
11 23 3.71929036262515792847e+10
11 24 1.66623895465378753662e+11
11 25 4.21918182585939453125e+11
11 26 1.81752093525769531250e+11
11 27 9.58168966530709838867e+11
11 28 -1.84876517459807621349e+25
11 29 -3.86955904959219765625e+13
11 30 1.90847145611576690674e+11
11 31 1.97222531795204071045e+11
11 32 -5.90324000434636116028e+09
11 33 -1.90861750274802368164e+11
11 34 1.86959504919814834595e+10
11 35 -2.12933230143222656250e+10
11 36 -1.78197644885160180664e+12
11 37 2.65763777084959619141e+12
11 38 -1.53627204169182929688e+13
11 39 2.75101155654770994186e+09
11 40 -7.16965482314020538330e+09
11 41 2.00541338128863835335e+09
11 42 -1.36654790809041824341e+10
11 43 -8.05604104964249706268e+09
11 44 8.17944944524743795395e+08
11 45 6.10979352475642395020e+10
11 46 9.18584259807182373047e+11
11 47 3.84798363794184570312e+11
11 48 3.74601437612623203125e+13
11 49 3.83661880325353515625e+11
11 50 9.02353194012718658447e+10
11 51 4.10676080126012187500e+13
11 52 3.90987737333870239258e+10
11 53 -9.51476612745346641541e+09
11 54 5.47098341545763168335e+10
11 55 -8.68455726584177207947e+09
11 56 4.04359844251628799438e+10
11 57 -1.53303599496886177063e+10
11 58 -1.43202435883635620117e+12
11 59 -6.20263111493658691406e+11
11 60 5.56921790026452299174e+25
11 61 6.56833790062724853516e+11
11 62 6.31294414822857666016e+11
11 63 3.73455533750236816406e+11
11 64 -7.12431402677718872070e+11
11 65 3.25156155111945447492e+25
11 66 -6.03609154800335253906e+12
11 67 -8.45716563021993827820e+09
11 68 8.13715390284105014801e+09
11 69 4.56869595501842021942e+09
11 70 2.38797392321136817932e+10
11 71 -8.92495010812458229065e+09
11 72 2.63794317007380447388e+10
11 73 -5.86893038188040820312e+12
11 74 -8.88399137868418334961e+11
11 75 4.74296388666523203125e+13
11 76 -4.34570798350329248047e+12
11 77 -3.97242645859830468750e+13
11 78 5.50481321763779101562e+12
11 79 -7.31395117199897460938e+10
11 80 5.52135523302854492188e+11
11 81 -2.75968846606704492188e+13
11 82 2.45233351302648620605e+10
11 83 2.62353829096726112366e+10
11 84 2.64975817792476043701e+10
11 85 -9.52787570433192253113e+09
11 86 1.69781088399299526215e+10
11 87 -1.51131002881822910309e+10
11 88 -4.29927975275046386719e+11
11 89 -2.41268127249338104248e+11
11 90 2.02298100940076241639e+25
11 91 3.48044540061679003906e+12
11 92 2.16137229126893090820e+12
11 93 -4.24934735723337463379e+11
11 94 5.47943946703653335571e+10
11 95 1.17217706669044768472e+25
12 0 5.44968591566518196634e+21
12 1 -1.01753093360497701346e+26
12 2 2.60525550052345752731e+25
12 3 1.12289999410197792969e+13
12 4 1.70081296689021386719e+12
12 5 -5.86786385218452392578e+11
12 6 -6.91381768706178955078e+11
12 7 1.30968948357446624756e+11
12 8 4.39160406016000000000e+11
12 9 -1.70896825407179870605e+11
12 10 -3.22797799755164550781e+11
12 11 3.20592613179885253906e+10
12 12 7.51619276800000000000e+09
12 13 -1.56601026194171081543e+11
12 14 -8.00863819593315429688e+10
12 15 3.08384881039361839294e+10
12 16 -1.43710185052429473877e+11
12 17 1.49123959754649047852e+10
12 18 -7.34767616773655700684e+09
12 19 -1.14140531193459457397e+11
12 20 1.06096370452697851562e+13
12 21 -1.15505209997607879639e+11
12 22 -3.92641401187120971680e+11
12 23 2.28474258927876513672e+12
12 24 -1.45782954131907714844e+11
12 25 -3.43597383680000000000e+10
12 26 2.59308650496000000000e+11
12 27 -6.48340240376382934570e+11
12 28 -4.14917842419364697266e+12
12 29 1.73338262800186685168e+26
12 30 -1.16915334975534375000e+12
12 31 -8.22978105047695800781e+11
12 32 5.57966066164475585938e+12
12 33 -1.75891559747814086914e+12
12 34 1.75689829518202734375e+12
12 35 -2.36375207255857617188e+12
12 36 7.46250567680000000000e+11
12 37 -1.29922760704000000000e+12
12 38 6.69323151509858430893e+25
12 39 -6.53909663308890304565e+10
12 40 -1.26789246993997879028e+11
12 41 1.27778015494983348846e+10
12 42 3.20227563196519897461e+11
12 43 2.58208430702406890869e+11
12 44 -9.37016261168508789062e+11
12 45 3.37300922932066711426e+11
12 46 3.29470976784341125488e+10
12 47 -2.18828583731200000000e+12
12 48 -1.71396209875486878472e+26
12 49 4.91773755392000000000e+11
12 50 -1.23705124454400000000e+12
12 51 -1.86234444383504077517e+26
12 52 2.65200395689163299561e+11
12 53 -9.62594831734066528320e+11
12 54 2.06366208747699966431e+10
12 55 1.14733815290726391602e+12
12 56 1.21412679749656030273e+12
12 57 -1.76891889511263134766e+12
12 58 5.62940228535554077148e+11
12 59 6.28210565867301147461e+11
12 60 1.25119265626133828125e+13
12 61 -6.18475290624000000000e+11
12 62 -2.03090595296406677246e+11
12 63 1.38905762063795715332e+11
12 64 3.34843969037071594238e+11
12 65 6.94835172372888574219e+12
12 66 3.52616815001600000000e+12
12 67 -5.59498140372842407227e+11
12 68 1.33767697516947994232e+10
12 69 -1.62485204019713165283e+11
12 70 -3.51459802045075531006e+10
12 71 -8.50487910536486053467e+09
12 72 -8.26910473696110229492e+10
12 73 1.33848827102229663086e+12
12 74 -2.20570294115760107422e+12
12 75 -2.18175287573873434166e+26
12 76 3.51514220323164570312e+13
12 77 4.56315681806815429688e+12
12 78 -3.00003465625600000000e+12
12 79 9.52140562432000000000e+11
12 80 -3.82252089344000000000e+11
12 81 1.27561715031895851997e+26
12 82 -1.37097778070153137207e+11
12 83 2.21034968880603485107e+10
12 84 -5.37962820507773864746e+11
12 85 -5.50542544403886962891e+11
12 86 9.24116055768525543213e+10
12 87 4.44837510403894653320e+11
12 88 -2.55179521699395370483e+10
12 89 1.80214403073960815430e+12
12 90 5.26154495182543359375e+12
12 91 -5.45183105161262817383e+11
12 92 -1.32284992716800000000e+12
12 93 5.71056682267492294312e+09
12 94 1.83623046593252563477e+12
12 95 3.06028420652882031250e+12
13 0 6.24917094862831420898e+10
13 1 1.56271984689676879883e+11
13 2 9.95878202060200119019e+09
13 3 5.00286587553850280762e+11
13 4 5.54576085295446777344e+10
13 5 2.99087536680322265625e+11
13 6 -7.16493809061646881104e+10
13 7 1.60983821699356555939e+10
13 8 4.76762000950387268066e+10
13 9 3.36814875756615417480e+11
13 10 -4.91315338804439620972e+10
13 11 -2.24927542575238952637e+11
13 12 1.57123874106215454102e+11
13 13 -7.13389766114250851656e-06
13 14 2.31684650762980452049e-03
13 15 -1.89645567544154711008e-03
13 16 1.76105423442434860098e-03
13 17 4.68301999670595915648e-03
13 18 -9.10033922645998860634e-04
13 19 -1.16435497363051223755e+11
13 20 4.13537181213456268311e+10
13 21 6.47524129041712760925e+09
13 22 -1.65765997211552795410e+11
13 23 3.29886250531403121948e+10
13 24 1.50468006321157318115e+11
13 25 1.10186719045227539062e+11
13 26 -2.73692520771914550781e+11
13 27 5.54486241885713745117e+11
13 28 1.42213486452267852783e+11
13 29 -4.99353073953692626953e+10
13 30 -8.86985087342500686646e+08
13 31 -1.54118498660389542580e+08
13 32 2.36002262765745353699e+09
13 33 -1.65410968716387915611e+09
13 34 -1.98586353574095463753e+09
13 35 6.34119252851023226976e+07
13 36 6.04729490404811645508e+11
13 37 -1.00164873053314050293e+12
13 38 -2.16863303209379211426e+11
13 39 7.37651622863766398552e-04
13 40 -2.11353612870840423810e-03
13 41 2.20623680262617112915e-03
13 42 -7.80394906520726332894e-04
13 43 6.20586806801576729847e-04
13 44 5.04496830607615957820e-03
13 45 -6.63967416834918365479e+10
13 46 -2.48246991727762634277e+11
13 47 -1.87616176125847290039e+11
13 48 -3.09759325091198059082e+11
13 49 5.75153194240222045898e+11
13 50 -2.87309593124398583984e+12
13 51 -1.47505169107615783691e+11
13 52 -1.50645802113043812687e-03
13 53 -1.18048004998974370890e-03
13 54 3.44329587622480958603e-03
13 55 -1.15031137623799475066e-03
13 56 8.08328113939832393342e-03
13 57 -2.43478523347904953628e-03
13 58 4.56791833119132232666e+09
13 59 -5.72107312183186054230e+09
13 60 3.74341082751217163086e+11
13 61 -2.37689254560447479248e+11
13 62 3.04817139118228149414e+11
13 63 7.41753192632466316223e+09
13 64 -5.73385133661605739594e+09
13 65 2.19188099835353881836e+11
13 66 2.15882773494553979492e+12
13 67 -1.38105591131395846605e+08
13 68 -2.63122171256143093109e+08
13 69 -2.51403993299845933914e+09
13 70 6.34069346612425804138e+09
13 71 1.79835581989063358307e+09
13 72 -2.36318100958705282211e+09
13 73 1.62225146804364282227e+12
13 74 -2.96232588621535705566e+11
13 75 -5.50115295391783081055e+11
13 76 -3.10847225290600524902e+11
13 77 -1.62237582789456054688e+13
13 78 -1.96577350571355200195e+12
13 79 3.02110313382649902344e+12
13 80 5.81166349788023925781e+11
13 81 3.91278067374098876953e+11
13 82 -2.44564637266876250505e+08
13 83 -1.28725637869643524289e+08
13 84 -6.90989410652160406113e+08
13 85 -2.15508833900928258896e+09
13 86 3.77542755632245600224e+08
13 87 2.49172995330566978455e+09
13 88 -1.00414258622422882080e+11
13 89 -2.23534200083917541504e+10
13 90 -2.78976957987238403320e+11
13 91 1.39060326246396386719e+12
13 92 -7.80952041472347778320e+11
13 93 -1.56074959625358856201e+11
13 94 -1.74882940356675758362e+10
13 95 -1.63616982970937622070e+11
14 0 -6.60212305576710433960e+10
14 1 3.16181261109640014648e+11
14 2 -5.85950188690239257812e+10
14 3 8.16860933091990375519e+09
14 4 -4.57701880946468887329e+10
14 5 -1.08439192145247711182e+11
14 6 3.57263188407261276245e+10
14 7 -1.09717008848377799988e+10
14 8 1.09039746289988189697e+11
14 9 -3.45046891699215240479e+10
14 10 7.21804215817702636719e+10
14 11 -5.43285077211805725098e+10
14 12 7.99494592370620727539e+10
14 13 -2.29703315645504550779e-03
14 14 -4.16722685469704447886e-06
14 15 -9.66722237341487438018e-04
14 16 -1.44632071421297485683e-03
14 17 8.37536334688391962723e-04
14 18 3.25219443308402429010e-04
14 19 -3.70340374275859985352e+10
14 20 -1.10876244706220962524e+11
14 21 -1.43760614648661899567e+10
14 22 -1.69821039526671752930e+11
14 23 4.83329418363167877197e+10
14 24 -7.27602991039726867676e+10
14 25 1.31042345411692749023e+11
14 26 -1.26015612991072326660e+11
14 27 -1.24098405170187164307e+11
14 28 9.27502908419642333984e+10
14 29 -4.32948701579289123535e+11
14 30 1.35336423469428718090e+08
14 31 3.98034564843289256096e+08
14 32 1.54553481128094363213e+09
14 33 5.23043447153494739532e+09
14 34 6.26976134465509772301e+08
14 35 1.71256620177047538757e+09
14 36 -1.42297823832663232422e+12
14 37 2.03446818461697998047e+12
14 38 -2.68124892590816711426e+11
14 39 1.07987665609722452258e-03
14 40 1.30626349766137998636e-03
14 41 3.31774756223984735801e-03
14 42 -4.37354402172996769432e-03
14 43 2.99201854462499781256e-03
14 44 8.48086834244869865185e-03
14 45 -1.60341907960656298828e+12
14 46 5.41773929690003051758e+10
14 47 2.57367738392003906250e+11
14 48 2.40114874698563781738e+11
14 49 -1.24520460071003369141e+12
14 50 -2.13728048339618847656e+12
14 51 3.63318677109548706055e+11
14 52 3.52833136556267605230e-03
14 53 -2.02692644433643881161e-03
14 54 7.71232208751407061383e-04
14 55 -2.45082497201964824921e-03
14 56 -2.17254057027216652964e-02
14 57 5.74565394260215765720e-03
14 58 -4.93326580649811077118e+09
14 59 2.88868346562253990173e+10
14 60 -4.85546004503641204834e+10
14 61 5.54442829270036132812e+11
14 62 -8.52508664371548919678e+10
14 63 -8.00499139245977592468e+09
14 64 2.84114697959868354797e+10
14 65 -2.81854860905866851807e+10
14 66 -4.61972439066356835938e+12
14 67 -2.34829039096811592579e+08
14 68 -4.84190387220031738281e+09
14 69 3.08573653684910869598e+09
14 70 5.39826581739652252197e+09
14 71 9.29450554518128633499e+08
14 72 2.75735131856154680252e+09
14 73 -4.69671329215070190430e+11
14 74 9.49186842758002734375e+12
14 75 2.29590609170251281738e+11
14 76 2.04335867837323266602e+12
14 77 4.35194374492174414062e+12
14 78 4.27389651147114208984e+12
14 79 2.20389887489173828125e+12
14 80 -1.19404487623318066406e+12
14 81 -1.10153939244204895020e+11
14 82 9.64191587822891831398e+08
14 83 -4.35193198711759209633e+08
14 84 4.69300186083467578888e+09
14 85 -1.34126950747657847404e+09
14 86 -1.50108201464566922188e+09
14 87 4.02266022914786529541e+09
14 88 4.18459321213470535278e+10
14 89 1.40546879672080505371e+11
14 90 -1.19532839159517410278e+11
14 91 -3.75366824365789306641e+11
14 92 1.70261532182631005859e+12
14 93 7.07516914753500671387e+10
14 94 1.11067643672834930420e+11
14 95 -7.08882656352466888428e+10
15 0 2.90823986051549291611e+09
15 1 2.94729214375303283691e+11
15 2 -1.11365181376820373535e+11
15 3 3.41394143081820129395e+11
15 4 -1.30769653395769241333e+11
15 5 2.22780336799682952881e+11
15 6 4.44496604841762924194e+10
15 7 1.88029026114078636169e+10
15 8 -1.77002595740241699219e+11
15 9 2.14903251223898956299e+11
15 10 9.09329926593177337646e+10
15 11 -1.70898310149899505615e+11
15 12 -3.18292965282526550293e+10
15 13 1.92871358872810237835e-03
15 14 1.01916783636720126652e-03
15 15 -1.63024518824986990387e-05
15 16 2.24726927687158867936e-03
15 17 4.92095129016162889657e-04
15 18 -3.24183722507055509243e-04
15 19 -6.04597585968873443604e+10
15 20 -1.33055843263758888245e+10
15 21 1.28348333612700824738e+10
15 22 -2.45096234633184356689e+10
15 23 -1.22338456950601119995e+11
15 24 -1.10796920913067703247e+11
15 25 9.10903104245879516602e+10
15 26 -3.46574948504797729492e+11
15 27 3.81898506993424499512e+11
15 28 1.19931680825222335815e+11
15 29 -5.57888001510643432617e+11
15 30 -5.06267291643188714981e+08
15 31 1.23029318434697508812e+09
15 32 -6.33750782185523223877e+09
15 33 7.19551442858795642853e+08
15 34 9.13284851984647989273e+08
15 35 2.09566565212506920099e+08
15 36 3.64792918579530090332e+11
15 37 -3.06871708638953979492e+11
15 38 -1.70418487170428466797e+11
15 39 4.14052730453151076034e-04
15 40 -3.19893685124108943275e-04
15 41 -4.78655147977326061656e-04
15 42 -7.00826918568648324706e-04
15 43 -1.54698152015632795636e-03
15 44 2.83412151489850728733e-03
15 45 -7.96173864395316925049e+10
15 46 -2.05293866558485900879e+11
15 47 5.54145059539232788086e+10
15 48 6.27665521912569091797e+11
15 49 4.31387550047427124023e+11
15 50 4.96049378216521301270e+11
15 51 6.42545600603166259766e+11
15 52 -1.87484970564640333543e-03
15 53 3.97790097626122846758e-03
15 54 -3.05594712824448192130e-04
15 55 -3.80312051531636391086e-03
15 56 5.23731705821890887453e-04
15 57 5.41468858753406823842e-03
15 58 1.77118263926392440796e+10
15 59 -2.47884141416971921921e+09
15 60 2.35926291645992980957e+11
15 61 -1.37103639660200683594e+11
15 62 2.17911184079882751465e+11
15 63 2.68622738246813812256e+10
15 64 -3.51196141531979751587e+09
15 65 1.38388175345959655762e+11
15 66 8.85737442751948120117e+11
15 67 1.10001766183792531490e+08
15 68 2.70796895289185714722e+09
15 69 3.28717652907745742798e+09
15 70 7.49925240463044261932e+09
15 71 -6.61039750805102062225e+09
15 72 1.70017273741721302271e+08
15 73 1.36378115165848974609e+12
15 74 3.72890720975255310059e+11
15 75 8.36648536110795410156e+11
15 76 -4.96302802794757202148e+11
15 77 -1.15339528833582539062e+13
15 78 -8.68444196733587890625e+11
15 79 -2.87900591891094726562e+11
15 80 4.28412055751765563965e+11
15 81 -4.94388813835640869141e+11
15 82 -1.23503725393685531616e+09
15 83 7.92672891412049680948e+07
15 84 1.23029318435405158997e+09
15 85 -1.05952015789933681488e+10
15 86 9.92567428287425994873e+08
15 87 -1.36899090458955430984e+09
15 88 5.84041473448823242188e+10
15 89 -3.23435499824223327637e+10
15 90 -2.37250724279434417725e+11
15 91 9.89665747853177368164e+11
15 92 -3.46627686669574645996e+11
15 93 1.00963182369316375732e+11
15 94 -2.54058027841021804810e+10
15 95 -1.31824854823701232910e+11
16 0 -9.26994509571706237793e+10
16 1 -4.48495368734795471191e+11
16 2 1.74810685743816345215e+11
16 3 -1.21985865358627105713e+11
16 4 9.24583989249795227051e+10
16 5 -2.04521470318208404541e+11
16 6 3.98297629522003860474e+10
16 7 1.60426633473324832916e+10
16 8 1.22493338693984207153e+11
16 9 -6.52518259987700881958e+10
16 10 -6.80516694725824356079e+10
16 11 3.75519835030802459717e+10
16 12 1.43790529930369171143e+11
16 13 -1.76789065717027050161e-03
16 14 1.46877822241254889224e-03
16 15 -2.25244141270832193627e-03
16 16 5.23112733070331138155e-06
16 17 4.76873280250417024007e-03
16 18 -3.00360641701502323504e-04
16 19 -7.17810197463394012451e+10
16 20 -4.28180581923217773438e+10
16 21 2.16179326822286567688e+10
16 22 -9.46991708635964202881e+10
16 23 7.61116737982448730469e+10
16 24 -9.51175685658071289062e+10
16 25 -5.90151174262424468994e+10
16 26 -3.02788508469931396484e+11
16 27 -2.27890786019834167480e+11
16 28 -1.04607615483769073486e+10
16 29 9.65329769338982910156e+11
16 30 7.05148726958215087652e+07
16 31 2.15029239862737357616e+08
16 32 7.15154567286227941513e+08
16 33 8.54013297463392019272e+07
16 34 -5.77291494560216665268e+08
16 35 7.03887426932133436203e+07
16 36 8.07593465014244873047e+11
16 37 -1.41764797126576123047e+12
16 38 1.94369158213298950195e+11
16 39 5.64084447688669734199e-04
16 40 -2.43975201530679869019e-03
16 41 6.12180296520715896275e-04
16 42 2.40040918660194401574e-03
16 43 6.17444531911377444446e-04
16 44 -3.19868185744161650022e-03
16 45 3.08336696766353332520e+11
16 46 4.75409897429641784668e+11
16 47 -2.95779942206904724121e+11
16 48 -1.28764173770822241211e+12
16 49 -2.04325668778226623535e+11
16 50 -1.01891585549484667969e+12
16 51 -1.22373998939995263672e+12
16 52 2.07761469881730109766e-03
16 53 -5.26379082341751989432e-03
16 54 1.92545140644452225133e-03
16 55 5.90920248075081557676e-03
16 56 1.76242230675411580554e-02
16 57 -1.27226031022266896503e-02
16 58 1.55321035118577899933e+10
16 59 -1.38936348697539258003e+09
16 60 -1.08296704695512969971e+11
16 61 -3.17629081990225708008e+11
16 62 -1.57067341677141784668e+11
16 63 2.34609734803571090698e+10
16 64 -1.05356253043307244778e+09
16 65 -6.33344992823692474365e+10
16 66 2.99169263340893310547e+12
16 67 -3.80040293556671962142e+07
16 68 1.01481222411026215553e+09
16 69 3.30679830810713291168e+08
16 70 3.99790197965147346258e+07
16 71 1.04777783545302152634e+08
16 72 -4.30641975496207535267e+08
16 73 -2.95566554271882470703e+12
16 74 -2.39834911513978173828e+12
16 75 -1.79043727642406005859e+12
16 76 1.03714835489761581421e+11
16 77 8.04654190240838867188e+12
16 78 -2.71157976878856640625e+12
16 79 1.16542020585562353516e+12
16 80 -2.83640693603783508301e+11
16 81 1.09813925629803723145e+12
16 82 -7.83734329121932387352e+08
16 83 2.67275990512407980859e+07
16 84 2.15029239859284162521e+08
16 85 -4.43310045932786345482e+08
16 86 -2.76688524588281335309e+06
16 87 2.53976726637881100178e+08
16 88 5.88667362532263031006e+10
16 89 5.74891474203796386719e+09
16 90 3.13028861878684692383e+10
16 91 -6.93001354451394653320e+11
16 92 -1.07246882811411096191e+12
16 93 8.69896374463389892578e+10
16 94 4.24199860428183412552e+09
16 95 1.70258929127423725128e+10
17 0 -8.53372937857969818115e+10
17 1 -7.10588749168584106445e+11
17 2 3.55993703026395812988e+11
17 3 1.72325948977746925354e+10
17 4 1.24409511097528717041e+11
17 5 -7.38258521141558349609e+11
17 6 -4.54918377527251281738e+10
17 7 2.02964661455859985352e+10
17 8 2.11363550924529113770e+11
17 9 -5.73131628676675781250e+11
17 10 -1.13183310123473205566e+11
17 11 2.89994162098957099915e+10
17 12 -1.49098216932930297852e+10
17 13 -4.66496933451575942348e-03
17 14 -8.21317028562344448976e-04
17 15 -5.01983837526372806900e-04
17 16 -4.75210180012352895879e-03
17 17 6.08719519756724392057e-05
17 18 2.16020118464582038323e-04
17 19 4.88127304229355087280e+10
17 20 8.69529413055574340820e+10
17 21 -8.41045482747899651527e+08
17 22 -1.29608459852670074463e+11
17 23 7.77416136379146423340e+10
17 24 7.22170606477635955811e+10
17 25 -1.33610999543279174805e+11
17 26 6.73366135316701354980e+10
17 27 -1.13345363334056909180e+12
17 28 -6.15794453046411590576e+10
17 29 1.26710097456175195312e+12
17 30 4.69070823191575884819e+08
17 31 5.27532175548734378815e+09
17 32 2.50677344704403251410e+08
17 33 -1.72622152016069269180e+09
17 34 1.02403523820922684669e+09
17 35 -2.42233144487906038761e+08
17 36 -4.76643126288958740234e+09
17 37 -2.89138619260278076172e+11
17 38 5.04286313973085815430e+11
17 39 2.31662527605854765694e-03
17 40 -7.28166402921438978002e-03
17 41 1.40128622628734288147e-03
17 42 7.29555506041559788041e-04
17 43 -3.52111992163870921556e-05
17 44 -2.32972674205989254553e-03
17 45 -2.38376928415173193359e+12
17 46 9.40204198603142211914e+11
17 47 -1.62694109144787261963e+11
17 48 -1.22491652543247436523e+12
17 49 -5.80653295502420654297e+11
17 50 5.47117648038427795410e+11
17 51 -1.33963431521397436523e+12
17 52 6.05015227433864082734e-03
17 53 -7.86663807400325015839e-03
17 54 -1.12672367061980908086e-03
17 55 8.87077019639814952356e-03
17 56 5.30870538308183398390e-03
17 57 -1.40716252791727950561e-02
17 58 1.05332423158771724701e+10
17 59 -9.98116453086179161072e+09
17 60 6.22555007490198898315e+10
17 61 -3.03855438381221008301e+09
17 62 -6.72933732001994628906e+11
17 63 1.64426036963714599609e+10
17 64 -8.93799225780248069763e+09
17 65 3.61143919061194000244e+10
17 66 3.88549581862880798340e+11
17 67 -1.41730858866396605968e+08
17 68 1.70618224250871238708e+10
17 69 7.12045120739979863167e+08
17 70 2.47211335762637090683e+09
17 71 9.06572177800638794899e+08
17 72 -9.44483044948134064674e+08
17 73 -6.03035767718179003906e+12
17 74 1.47455770683362832031e+13
17 75 -1.53826199517651586914e+12
17 76 -4.39683738665960266113e+11
17 77 3.53235200160128906250e+13
17 78 -3.07875754074323608398e+11
17 79 -5.98069468185264648438e+11
17 80 -6.62896555219987548828e+11
17 81 8.84855992601938964844e+11
17 82 1.65250524316004633904e+08
17 83 -1.77837646117579311132e+08
17 84 -3.31461283653075695038e+09
17 85 -1.40216661684070682526e+09
17 86 -5.78366955710730671883e+08
17 87 1.45077905850862336159e+09
17 88 -6.91688012991414947510e+10
17 89 -3.28005136237839355469e+10
17 90 6.92480120500798645020e+10
17 91 -3.03520855979042480469e+12
17 92 -1.09181821746519409180e+11
17 93 -9.53251593396294403076e+10
17 94 -2.63175117191582679749e+10
17 95 3.97858591756808319092e+10
18 0 6.07019624094628829956e+10
18 1 2.99973314214046752930e+11
18 2 -9.22316511528581237793e+10
18 3 1.76549541679955253601e+10
18 4 -7.68502602689849615097e+08
18 5 2.05845237724082397461e+11
18 6 -1.96222716567165260315e+10
18 7 2.02175502968598365784e+10
18 8 -7.25060803353639526367e+10
18 9 1.54790395802779235840e+11
18 10 1.01743331981122741699e+10
18 11 2.97251584631331062317e+10
18 12 6.14230197749578857422e+09
18 13 9.27494748709661929846e-04
18 14 -4.11172374145796551675e-04
18 15 3.36388980904070119312e-04
18 16 3.13448576490248467276e-04
18 17 -2.30979229756670908537e-04
18 18 2.77833291699503860672e-05
18 19 -1.28532968219842014313e+10
18 20 7.98141724367405395508e+10
18 21 -2.14279306466091690063e+10
18 22 -4.91357238859187622070e+10
18 23 6.48877096928808116913e+09
18 24 3.50684217650080566406e+10
18 25 8.32552027542493286133e+10
18 26 5.03093245621777038574e+10
18 27 3.12391174477254943848e+11
18 28 -5.88215089643380050659e+10
18 29 -5.12368509261243530273e+11
18 30 -4.21475232283241987228e+08
18 31 -2.47474427317051267624e+09
18 32 -6.47284221844960975647e+09
18 33 7.27174263785016536713e+09
18 34 1.03045505268947649002e+09
18 35 1.98806112309754061699e+09
18 36 -7.93097373169497985840e+10
18 37 2.30102933560891387939e+11
18 38 -2.06229580889736389160e+11
18 39 1.07708317337484220724e-03
18 40 -2.67366758345633794523e-04
18 41 1.69548899448403287034e-03
18 42 -2.71844416222616781093e-03
18 43 -1.43403340533069091709e-04
18 44 4.68753843516068330333e-03
18 45 -8.02855500952494873047e+11
18 46 -7.27805246263680541992e+11
18 47 8.29445658023874664307e+10
18 48 4.92724356125932922363e+11
18 49 -1.83213897055010742188e+12
18 50 -6.22633821778072265625e+11
18 51 5.41469011150945068359e+11
18 52 3.75192279796775739198e-03
18 53 1.90526271572463018478e-03
18 54 1.19048367855014943818e-03
18 55 -4.26757268220407260523e-03
18 56 -4.78755993795852881345e-03
18 57 6.18584877603044463318e-03
18 58 1.24619023510458183289e+10
18 59 4.09347658428299093246e+09
18 60 5.78558673984639129639e+10
18 61 3.18036098628758239746e+10
18 62 1.86007479984792694092e+11
18 63 1.95269589226261711121e+10
18 64 3.70513218127639007568e+09
18 65 3.36620007859220352173e+10
18 66 -4.17368354512744018555e+11
18 67 -1.73722002026943594217e+08
18 68 -2.56877635361114311218e+09
18 69 -1.41644785452384424210e+09
18 70 -8.30742341907450437546e+08
18 71 5.49962518670545196533e+09
18 72 -2.67084980588268160820e+08
18 73 4.61000993323120410156e+12
18 74 4.91605306969232128906e+12
18 75 6.16678430873980712891e+11
18 76 2.88381835944111938477e+11
18 77 -9.76315516726430273438e+12
18 78 3.61008085266961791992e+11
18 79 5.84073529032791137695e+11
18 80 -1.76632049272347314453e+12
18 81 -3.61476692791151550293e+11
18 82 1.36015288729851675034e+09
18 83 2.14980347143151998520e+08
18 84 1.82022302283994650841e+09
18 85 -1.93237552534573984146e+09
18 86 -3.29993010282503843307e+08
18 87 -2.00138456251046085358e+09
18 88 -2.94432536397575225830e+10
18 89 2.02828519794275932312e+10
18 90 7.82810341008691558838e+10
18 91 8.38608536395723754883e+11
18 92 1.40335796921259277344e+11
18 93 -4.54536838156969223022e+10
18 94 1.51858073839614429474e+10
18 95 4.48759278665025100708e+10
19 0 8.17876682522194155982e+24
19 1 -2.02904014154823024352e+24
19 2 -7.92650404630141291463e+24
19 3 3.92311123874828613281e+12
19 4 2.02083220500894799805e+12
19 5 4.11161030243691633553e+25
19 6 1.47414927823823984375e+13
19 7 3.02282222899950988770e+11
19 8 -2.86449335185556411743e+10
19 9 2.91139077673879074935e+25
19 10 -3.43402600992564746094e+12
19 11 -2.20717959326979248047e+12
19 12 1.15573886186554595947e+11
19 13 1.16448651973557266235e+11
19 14 3.82412055396265640259e+10
19 15 5.69687710082408294678e+10
19 16 7.17473901226236877441e+10
19 17 -4.74016657568922882080e+10
19 18 1.19924692441639747620e+10
19 19 -1.69038156706064361572e+11
19 20 -8.77253950624741333008e+11
19 21 7.12788773471734008789e+10
19 22 3.36712333687882995605e+10
19 23 7.92686455514707336426e+10
19 24 -7.46141219489752685547e+11
19 25 2.11790431163261108398e+11
19 26 -1.12642918395070114136e+11
19 27 6.05414740627030558911e+25
19 28 5.48479786179688232422e+11
19 29 4.88110396967527221680e+11
19 30 -9.22192948909204833984e+11
19 31 2.73728140858658020020e+11
19 32 2.99739849091290954590e+11
19 33 1.29002789886054539680e+09
19 34 -9.36081340789644470215e+10
19 35 1.45655907859195800781e+11
19 36 1.37347675061362762451e+11
19 37 -3.42728314175872573853e+10
19 38 1.22112944964492919922e+11
19 39 -7.91492192312052059174e+09
19 40 3.46792310321006088257e+10
19 41 2.81957901182841968536e+09
19 42 -1.34109108025952072144e+10
19 43 1.74198384096473045349e+10
19 44 4.78579215822678375244e+10
19 45 4.43231633497244506836e+11
19 46 -1.95617535290143402100e+11
19 47 1.16208635854834503174e+11
19 48 -2.08432424667317657471e+11
19 49 -1.46330546667122119141e+12
19 50 -1.10766835326159375000e+12
19 51 -3.25209057046887512207e+11
19 52 -4.66501445950422439575e+10
19 53 -1.27422820683770198822e+10
19 54 -5.00354519015986442566e+09
19 55 1.92676210682368316650e+10
19 56 4.63055818139581985474e+10
19 57 9.59209450719183921814e+09
19 58 1.39603550759364257812e+11
19 59 2.46715136415757812500e+11
19 60 1.47794467770212182617e+12
19 61 -7.84558476907327117920e+10
19 62 3.65885325753663051247e+25
19 63 5.17481331545625854492e+11
19 64 -8.13474140648138061523e+11
19 65 1.41663189228823828125e+12
19 66 4.40795843056455139160e+11
19 67 -8.72643641786859985352e+11
19 68 1.16685308660609228516e+12
19 69 -2.48494950276913269043e+11
19 70 2.90799480644986083984e+11
19 71 -3.83886713080540222168e+11
19 72 1.44875653127188730240e+09
19 73 4.68058686983839062500e+12
19 74 -2.32684220710797167969e+12
19 75 5.98571555048208496094e+11
19 76 9.26163698069282200000e+15
19 77 -1.91326930535789193911e+27
19 78 5.05299439437143432617e+11
19 79 1.10745989094268676758e+12
19 80 -2.15952909687558593750e+12
19 81 1.65105200644303369141e+12
19 82 -3.81686713464323547363e+11
19 83 1.43658727651640106201e+11
19 84 -7.54510358210402221680e+11
19 85 9.77456187511672363281e+10
19 86 -9.92755159165982055664e+10
19 87 4.80672293172519287109e+11
19 88 2.85452678792865356445e+11
19 89 -1.07543204986734277344e+12
19 90 -2.50963842899459912109e+12
19 91 1.64392407933276502740e+26
19 92 3.54169491038101367188e+12
19 93 -2.59036398096126159668e+11
19 94 2.10379388672839257812e+12
19 95 -1.28738191049792822266e+12
20 0 -8.02176565896135620117e+11
20 1 1.17541324121806250000e+12
20 2 3.27207188453997314453e+11
20 3 9.46597868314908545442e+25
20 4 2.80874961676977812500e+13
20 5 -3.72055345876234765625e+12
20 6 2.44280411466484863281e+12
20 7 -4.06492803251527160645e+11
20 8 2.13646047945628417969e+11
20 9 -1.62430853716428881836e+12
20 10 -2.49896073268013519287e+11
20 11 -4.53760879495029278051e+25
20 12 -1.06068980843042714844e+13
20 13 -4.17721118503700790405e+10
20 14 1.11883880187301757812e+11
20 15 1.56349884945170612335e+10
20 16 4.24284893030551834106e+10
20 17 -8.86239482376297912598e+10
20 18 -8.04115188514331817627e+10
20 19 8.79706310564212158203e+11
20 20 -8.09711368064788222313e+08
20 21 1.92615920586242767334e+11
20 22 -1.93514709369798889160e+11
20 23 -4.16762200912711303711e+11
20 24 1.90718152450911590576e+11
20 25 1.87571479005260742188e+11
20 26 3.47041182198239746094e+10
20 27 -2.19069536183964550781e+12
20 28 3.37513563426602749757e+25
20 29 1.95960383916631591797e+11
20 30 -7.63628431371148529053e+10
20 31 9.83731669091305084229e+10
20 32 -6.53618134435822525024e+10
20 33 3.63484678345788269043e+11
20 34 -1.50644670469959411621e+11
20 35 1.35097902819538497925e+11
20 36 -2.11158152357982421875e+11
20 37 3.57511399102861328125e+11
20 38 -2.97297247765693359375e+10
20 39 8.09777661429668521881e+09
20 40 3.04199203122579240799e+09
20 41 -1.52778681589036502838e+10
20 42 -8.25191287232225227356e+09
20 43 -5.33239176086147975922e+09
20 44 1.55111203146410427094e+10
20 45 2.48841407640129052734e+12
20 46 9.82058723443488281250e+12
20 47 7.07348717138359375000e+10
20 48 -6.84157616011264648438e+11
20 49 5.16717807726451171875e+11
20 50 -3.15952096405482666016e+12
20 51 -6.60085152528963378906e+11
20 52 5.33216087430842208862e+10
20 53 -1.33234666902648010254e+10
20 54 6.96450630769401245117e+10
20 55 -6.01820061887062072754e+09
20 56 2.85791562155510406494e+10
20 57 -1.66203408681869678497e+10
20 58 -1.96901484884168798828e+12
20 59 -7.80607609429699340820e+11
20 60 6.63879717149696037686e+25
20 61 3.96833192258403320312e+10
20 62 -1.77441425711958178711e+12
20 63 3.50961297455823211670e+10
20 64 -8.67324568778443969727e+11
20 65 3.88949805080075629431e+25
20 66 -8.74931639628820312500e+11
20 67 3.76880243566694593430e+09
20 68 4.41764864119777832031e+10
20 69 -1.24827316074569187164e+10
20 70 1.04978077292826156616e+10
20 71 -1.98142639885187225342e+10
20 72 1.25191093733880310059e+10
20 73 -6.26527405283503671875e+13
20 74 -1.66829229742021484375e+13
20 75 -9.40476311304193359375e+11
20 76 -7.89048078646775097656e+12
20 77 8.27785756129272343750e+13
20 78 7.86397875553193359375e+11
20 79 3.09488844634151855469e+12
20 80 5.73390665642255859375e+11
20 81 5.73301762338227050781e+11
20 82 -6.67987176502014770508e+10
20 83 -4.61214103700741863251e+09
20 84 -2.61808846749868927002e+10
20 85 2.83651302314007797241e+10
20 86 5.08199857668376827240e+09
20 87 4.58602740324845428467e+10
20 88 7.51115351760499633789e+11
20 89 -7.64311159864959472656e+11
20 90 -6.12290741263091302924e+25
20 91 -7.29786738604391308594e+12
20 92 5.18558091157109863281e+11
20 93 3.96780856228016662598e+11
20 94 -1.34335074759194067383e+12
20 95 -3.57871247459986099111e+25
21 0 5.35299620864000000000e+11
21 1 7.73094113280000000000e+10
21 2 3.50039834624000000000e+11
21 3 -3.55756462293560400391e+12
21 4 2.45469512033237792969e+11
21 5 1.80520097584774932861e+10
21 6 -1.95355374351876098633e+11
21 7 3.82014410131234497070e+11
21 8 -1.88978561024000000000e+11
21 9 -2.23596308395735290527e+11
21 10 -4.28277941221078735352e+11
21 11 1.71375948525386132812e+12
21 12 1.28849018880000000000e+11
21 13 -6.41189124128633117676e+09
21 14 1.25557687110352478027e+10
21 15 -1.34992574175918579102e+10
21 16 -2.21625560611392860413e+10
21 17 2.25407962002404785156e+09
21 18 2.24309235625743408203e+10
21 19 -7.96538078243735198975e+10
21 20 -2.02519839073238037109e+11
21 21 -1.35432121858555236816e+11
21 22 -5.76224891124274902344e+10
21 23 -1.19808997777432373047e+11
21 24 4.25258023117707031250e+11
21 25 4.46676598784000000000e+11
21 26 3.00647710720000000000e+11
21 27 -2.16044830168766906738e+11
21 28 -9.70062493548576049805e+11
21 29 1.97568495616000000000e+11
21 30 -2.54946189489975189209e+11
21 31 -6.78717354395639770508e+11
21 32 -8.52373104668794860840e+10
21 33 -1.25873386973308837891e+11
21 34 1.67914233659090362549e+11
21 35 3.93866322258314895630e+10
21 36 1.20259084288000000000e+11
21 37 1.39586437120000000000e+11
21 38 1.28849018880000000000e+11
21 39 -5.59365189921411132812e+09
21 40 4.29239874072088623047e+09
21 41 -2.61351946863652496338e+10
21 42 9.49204932784075164795e+09
21 43 5.93889994908319091797e+09
21 44 6.33799614201032714844e+10
21 45 -3.20182634058216391049e+23
21 46 2.56333834829789593218e+26
21 47 5.23986010112000000000e+11
21 48 3.77957122048000000000e+11
21 49 -3.22981540659200000000e+12
21 50 5.52708603904000000000e+11
21 51 -6.01295421440000000000e+10
21 52 7.31099094556356506348e+10
21 53 -7.97775308399963378906e+07
21 54 -6.95859472368380584717e+10
21 55 -2.01453707916665039062e+10
21 56 -2.18392431992312011719e+10
21 57 -2.39078211367236633301e+10
21 58 2.30688664459325225830e+11
21 59 -2.29708080118148223877e+11
21 60 -2.53667051938906103516e+12
21 61 -1.88978561024000000000e+11
21 62 -3.89074374251483886719e+11
21 63 4.49976342730258544922e+11
21 64 -3.42903451329417663574e+11
21 65 -1.47057268994605639648e+12
21 66 8.76173328384000000000e+11
21 67 2.52773382186185107422e+12
21 68 -1.81236367728435986328e+12
21 69 -1.57616760172483917236e+11
21 70 -6.37880306680303039551e+10
21 71 3.53519967704285278320e+11
21 72 4.11600884802762451172e+11
21 73 -1.64593285436993961018e+27
21 74 2.05590930724096916534e+24
21 75 -3.72803161292800000000e+12
21 76 -1.16352351873054589844e+13
21 77 2.87327686021017919922e+12
21 78 -1.71798691840000000000e+10
21 79 -5.14322333696000000000e+11
21 80 -2.57698037760000000000e+12
21 81 -2.06158430208000000000e+11
21 82 -4.14475525270024291992e+11
21 83 -2.62406787894910949707e+11
21 84 1.64596523988901489258e+11
21 85 2.40260150696464538574e+11
21 86 -5.63027165991958129883e+11
21 87 -2.07608217945788085938e+11
21 88 6.94321137110582275391e+10
21 89 -1.71203709243783935547e+12
21 90 2.38747671564700781250e+12
21 91 -8.50577338311522460938e+11
21 92 -1.80388626432000000000e+11
21 93 5.58833342199775878906e+11
21 94 -1.24214581952538623047e+12
21 95 8.41513532342289672852e+11
22 0 6.24046842880000000000e+10
22 1 3.67647522816000000000e+11
22 2 4.41240780800000000000e+09
22 3 -1.05159034026709216309e+12
22 4 -1.63695741524695220947e+11
22 5 -2.31601509006146278381e+10
22 6 1.00170840209130599976e+11
22 7 -1.06105168357640136719e+11
22 8 3.60441708544000000000e+11
22 9 -4.83114797429899902344e+10
22 10 3.06025953105508003235e+10
22 11 5.86388414180240112305e+11
22 12 3.86714828800000000000e+11
22 13 1.65622122667920135498e+11
22 14 1.69752227400719787598e+11
22 15 2.43624452076597290039e+10
22 16 9.46519837968739624023e+10
22 17 1.29516024632997055054e+11
22 18 5.31502171405780639648e+10
22 19 -7.46492502273932800293e+10
22 20 1.59593712212695037842e+11
22 21 5.77502687632881622314e+10
22 22 2.42565463857171134949e+10
22 23 -1.68115918730529937744e+11
22 24 -6.47076031854125671387e+10
22 25 9.96566630400000000000e+10
22 26 -1.31407544320000000000e+11
22 27 4.63582180119334335327e+10
22 28 -2.67817262947372985840e+11
22 29 -4.43337932800000000000e+10
22 30 -8.12732894584493103027e+10
22 31 -6.20631598373657836914e+10
22 32 4.89246050644201477051e+11
22 33 -4.24931258650931701660e+10
22 34 -3.77231846988188293457e+11
22 35 2.42874500553935058594e+11
22 36 -3.21937997824000000000e+11
22 37 -2.05940326400000000000e+09
22 38 -1.96175986688000000000e+11
22 39 -2.85618085699087646484e+11
22 40 6.17412521281201049805e+11
22 41 -2.08154014036208740234e+11
22 42 2.40207694474182098389e+11
22 43 1.52616999930418457031e+11
22 44 -6.44381604546416625977e+11
22 45 2.56333834829789318340e+26
22 46 3.20182634058202902168e+23
22 47 1.56001265254400000000e+12
22 48 7.25614592000000000000e+10
22 49 4.35375466086400000000e+12
22 50 2.10636557516800000000e+12
22 51 8.03293102080000000000e+10
22 52 -1.81906416003851867676e+11
22 53 1.40704189801483795166e+11
22 54 9.73107604327150726318e+10
22 55 -1.00297582365954025269e+11
22 56 3.24775212848703002930e+11
22 57 1.26697677960932006836e+11
22 58 1.71998867318664520264e+11
22 59 -1.26292999373033721924e+11
22 60 -6.03268998996377319336e+11
22 61 -4.78150656000000000000e+08
22 62 2.32102593343041778564e+11
22 63 -2.17499398084787101746e+10
22 64 -1.08350258487008819580e+11
22 65 -1.95865862743128387451e+11
22 66 -9.90761713664000000000e+11
22 67 6.92619592948270996094e+11
22 68 -1.64038793946338424683e+10
22 69 -1.47813754262422485352e+12
22 70 9.70243965418476196289e+11
22 71 6.15953841684467407227e+11
22 72 -8.70529413131598510742e+11
22 73 -2.05590930724100271977e+24
22 74 -1.64593285436994043481e+27
22 75 1.95662603878400000000e+12
22 76 1.64142612501195068359e+12
22 77 1.96573394814531640625e+12
22 78 7.05716813824000000000e+11
22 79 -1.31851930828800000000e+12
22 80 4.12836954112000000000e+12
22 81 -3.93190834176000000000e+11
22 82 2.20948262660491210938e+11
22 83 -9.38590413745125366211e+11
22 84 2.64260504101863975525e+10
22 85 1.20164634046225738525e+11
22 86 6.85415692113477134705e+09
22 87 3.13275510720650558472e+10
22 88 1.59133567673988250732e+11
22 89 6.21525478922439041138e+10
22 90 6.00571001718954467773e+11
22 91 -1.17429250680549530029e+11
22 92 -2.86764564480000000000e+11
22 93 -2.20436750087456588745e+10
22 94 1.24786028781274246216e+11
22 95 3.70026975153687927246e+11
23 0 4.67083261057448852539e+11
23 1 8.01969401107502319336e+11
23 2 -4.23499787127189636230e+10
23 3 -2.31078943217782109375e+13
23 4 7.63431647042441454981e+25
23 5 -2.34774066757012011719e+12
23 6 1.34772474440986132812e+12
23 7 -6.98751565991806762695e+11
23 8 -1.76271747394771545410e+11
23 9 -1.16190203552566835938e+13
23 10 -9.19341483999042879504e+25
23 11 -8.95288931202484321594e+09
23 12 -2.28195042873314306641e+12
23 13 -3.33237760857247505188e+10
23 14 -4.68366423060080032349e+10
23 15 1.20715001597283737183e+11
23 16 -7.62293034576779174805e+10
23 17 -8.11556606060071716309e+10
23 18 -6.40895546760505580902e+09
23 19 -8.59443974459110870361e+10
23 20 4.36902313153642211914e+11
23 21 8.93903381063663787842e+10
23 22 1.19458152367282333374e+11
23 23 7.64336986146346893311e+10
23 24 -1.46383258699434539795e+11
23 25 1.21465473218632324219e+11
23 26 -2.90930058622571289062e+11
23 27 -9.65985630508955535889e+10
23 28 1.44283516787084899902e+11
23 29 -4.87897779380234436035e+11
23 30 -2.56524472005966766357e+11
23 31 1.58509658306490600586e+11
23 32 8.42019933277629852295e+10
23 33 1.73134514644119262695e+10
23 34 -8.71930774263248901367e+10
23 35 1.37527507499164367676e+11
23 36 -3.44423652148444213867e+11
23 37 1.66566419677456420898e+11
23 38 -1.02823841903267578125e+11
23 39 1.15605345213596801758e+10
23 40 4.02451880309476547241e+10
23 41 -1.81830191449120559692e+10
23 42 8.02203114759365749359e+09
23 43 6.40298422739743351936e+08
23 44 -2.89821988666615791321e+10
23 45 3.20520593233340393066e+11
23 46 -9.51432495285459960938e+11
23 47 -1.15765038274404113770e+11
23 48 7.06803950257570556641e+11
23 49 3.58296114601340429688e+12
23 50 1.40677516902301406250e+13
23 51 6.20233756379948364258e+11
23 52 6.71201487313728904724e+09
23 53 -2.39057613555119514465e+10
23 54 -8.12991785913193206787e+10
23 55 4.87589886643081054688e+10
23 56 3.90708389232827806473e+09
23 57 -2.51002011727451972961e+10
23 58 -3.43316186802122497559e+11
23 59 -2.44899506385309731935e+25
23 60 -1.54393115625683380127e+11
23 61 1.17631071459615966797e+11
23 62 3.45417995986416625977e+10
23 63 -1.46563646805853302002e+11
23 64 -2.43045001534503106789e+25
23 65 -2.03044311239154144287e+11
23 66 -6.87224630590094970703e+11
23 67 2.25211932855928802490e+11
23 68 -5.55311929074609146118e+10
23 69 -4.09994364259331970215e+11
23 70 1.73829758613395996094e+11
23 71 2.16338007277597570419e+09
23 72 2.63380838689788360596e+11
23 73 4.11157972215793066406e+12
23 74 -1.71216733013338305664e+12
23 75 -3.36121143979971435547e+11
23 76 -1.64191472524179829676e+27
23 77 -7.95052183096782800000e+15
23 78 -8.47134076159000976562e+11
23 79 -1.39997262342206660156e+13
23 80 4.98043504109611230469e+12
23 81 -1.60286456948776855469e+12
23 82 5.57749970845826538086e+11
23 83 -2.19295758169826263428e+11
23 84 1.35014693577734423828e+12
23 85 2.56907870780438867188e+12
23 86 2.06893773556613769531e+11
23 87 -1.22820554159268164062e+12
23 88 3.76243652423902441406e+12
23 89 -1.15175971153675568739e+26
23 90 -8.57576360415637207031e+11
23 91 -3.29712620967847778320e+11
23 92 -1.53445540281968994141e+12
23 93 -2.91730744261391906738e+11
23 94 -9.09286807562639650356e+25
23 95 2.08325687450144335938e+12
