2304
72 0 -2.70307475363678073883e+09
72 1 1.67846405311291412354e+11
72 2 -4.00826371596559600830e+10
72 3 3.25638157350505104065e+10
72 4 -3.34420586059909484863e+11
72 5 5.39951351632960700989e+09
72 6 -8.76519017238265419006e+09
72 7 -2.06522382095235404968e+10
72 8 -4.40756069575481140137e+11
72 9 -1.05057732747790412903e+10
72 10 2.46415688652364227295e+11
72 11 -2.56186313733899650574e+10
72 12 8.35964335667474822998e+10
72 13 2.36318100958274888992e+09
72 14 -6.09867670558693766594e+08
72 15 -1.70017273744100570679e+08
72 16 4.30641975496660888195e+08
72 17 9.44483044955855607986e+08
72 18 2.67084980586042612791e+08
72 19 4.00503054263143920898e+09
72 20 -1.35474320491233882904e+10
72 21 -4.11591481139612487793e+11
72 22 8.67924509287928833008e+11
72 23 -2.68866967372775360107e+11
72 24 2.74097330577137451172e+10
72 25 -5.05684141753349060059e+11
72 26 1.12875541605806909180e+12
72 27 -3.83208388871537446976e+09
72 28 2.54535304517348518372e+10
72 29 -1.89709714965352020264e+11
72 30 4.14788159335303680680e-03
72 31 1.35314226360863328925e-03
72 32 -4.36019392666566266148e-03
72 33 3.88556777509351317090e-03
72 34 -3.22390945414578744543e-04
72 35 2.35897315639275496901e-03
72 36 1.43287140788896270752e+11
72 37 4.09944285663064636230e+11
72 38 -1.78878109181289825439e+11
72 39 3.08871785842415857315e+09
72 40 -1.40438511158201098442e+09
72 41 4.16979193394465327263e+08
72 42 1.18405779255249118805e+09
72 43 5.94809954446485519409e+08
72 44 -1.15182766452057883143e+07
72 45 6.25285981864884765625e+11
72 46 -3.20472142755901672363e+11
72 47 3.18094976732879394531e+11
72 48 -4.67074599155826854706e+09
72 49 1.81953899130074005127e+11
72 50 -4.33860435612817230225e+10
72 51 9.57193768516894073486e+10
72 52 -3.73764573857186853886e+08
72 53 1.92454974992964088917e+08
72 54 -2.27919745041060633957e+07
72 55 -1.76775050559501218796e+09
72 56 -2.25908147406769895554e+09
72 57 3.45989401696178960800e+09
72 58 -1.78118268873894767761e+10
72 59 4.27659734440602350235e+09
72 60 2.29174678943023185730e+10
72 61 -4.82615899385277099609e+10
72 62 2.34500548374294228852e+07
72 63 -2.75932456230913925171e+10
72 64 3.07872929886543178558e+09
72 65 9.94105796860299301147e+09
72 66 -3.95931423595375183105e+11
72 67 2.12376465105392067201e-04
72 68 -5.77047306218827726313e-05
72 69 -6.90063407673873700082e-04
72 70 1.45479919271587852109e-03
72 71 2.60234087147501972227e-04
72 72 2.32864556187577492058e-06
72 73 2.45727734203520874023e+11
72 74 -1.82889489357213928223e+11
72 75 -9.59949684729008483887e+10
72 76 -4.62272790221535339355e+11
72 77 3.43904376496688690186e+10
72 78 2.28847629109899871826e+11
72 79 -6.55923836994038330078e+11
72 80 6.93310800998350830078e+10
72 81 8.71403424018041229248e+10
72 82 -4.18000788962799845350e-04
72 83 -4.61497949617938377741e-04
72 84 -6.88287381122948838802e-04
72 85 9.25988473883632189423e-04
72 86 -1.22118421298014236120e-03
72 87 -1.02796808422788116082e-03
72 88 -1.39695313296145591736e+10
72 89 -2.58285264793651657104e+10
72 90 -4.09358679096220397949e+10
72 91 -2.79925485752684235573e+08
72 92 7.94520351866011047363e+10
72 93 -2.12073673788057212830e+10
72 94 -1.91085912280057411194e+10
72 95 -2.36059593377353363037e+10
73 0 2.08343872307200000000e+12
73 1 -7.04374636544000000000e+11
73 2 3.31571475251200000000e+12
73 3 3.71434001412118835449e+10
73 4 -2.45512334217088720703e+12
73 5 1.82158771937328710938e+12
73 6 5.66479216180851171875e+12
73 7 -5.20233762224080761719e+12
73 8 7.55914244096000000000e+11
73 9 3.19143180539625000000e+12
73 10 -5.73350114475320507812e+12
73 11 5.87619871632291015625e+12
73 12 -1.35291469824000000000e+12
73 13 -1.62361598758276611328e+12
73 14 4.68525834675407226562e+11
73 15 -1.36319240473422436523e+12
73 16 2.95540650299546972656e+12
73 17 6.03457408100302246094e+12
73 18 -4.60972772428726757812e+12
73 19 -4.72794988804953320312e+12
73 20 6.26533849629068828125e+13
73 21 1.64593285436993988505e+27
73 22 2.05590930724100325664e+24
73 23 -4.18576109556677685547e+12
73 24 6.68641934030208203125e+12
73 25 3.93419004313600000000e+12
73 26 4.59561500672000000000e+11
73 27 2.20665840378750146484e+12
73 28 1.76337928207096411133e+12
73 29 1.27560528691200000000e+12
73 30 -9.03653010199426879883e+11
73 31 -3.64044278786830517578e+12
73 32 2.02266327922243481445e+12
73 33 2.63290100782990661621e+11
73 34 -1.12146514395021484375e+12
73 35 2.96362439218323974609e+12
73 36 -1.71798691840000000000e+10
73 37 -3.71514671104000000000e+11
73 38 5.23986010112000000000e+11
73 39 -1.32152944848142929077e+11
73 40 8.20439287751287536621e+10
73 41 -6.11836703935736618042e+10
73 42 -1.37202940030952560425e+11
73 43 1.92722594636514282227e+09
73 44 -1.13587613793444213867e+11
73 45 -2.07554842026966406250e+13
73 46 1.13146296708781464641e+27
73 47 9.44892805120000000000e+11
73 48 9.96432412672000000000e+11
73 49 6.87194767360000000000e+10
73 50 1.66161547264000000000e+11
73 51 -1.09951162777600000000e+12
73 52 1.48251098419262878418e+11
73 53 -5.59606693489556274414e+10
73 54 -3.80463368704041976929e+10
73 55 1.62665177333989501953e+11
73 56 -7.77352397719893188477e+10
73 57 -5.52558495415078735352e+10
73 58 -2.87215164173239013672e+11
73 59 -1.05065121901719421387e+11
73 60 1.56544946571203002930e+11
73 61 1.93273528320000000000e+10
73 62 4.62568398635028198242e+11
73 63 -3.28672161898485595703e+11
73 64 -3.06334326644905929565e+10
73 65 4.65864683052253189087e+10
73 66 1.54618822656000000000e+11
73 67 -6.17315910509315185547e+11
73 68 6.25375746076304809570e+11
73 69 -5.02070681674218750000e+10
73 70 -3.62150728813067474365e+10
73 71 -2.61918568409645385742e+10
73 72 -2.45727734203520965576e+11
73 73 -4.31634813002879333496e+10
73 74 -3.37556172038389778137e+10
73 75 1.71798691840000000000e+11
73 76 -3.28178263082457153320e+11
73 77 -8.71033621518152709961e+11
73 78 -4.29496729600000000000e+11
73 79 5.34186557440000000000e+10
73 80 6.87194767360000000000e+10
73 81 -4.03726925824000000000e+11
73 82 7.55622267339156036377e+10
73 83 -1.52416013950149719238e+11
73 84 -3.95930719906905090332e+11
73 85 2.02013248958236511230e+11
73 86 -2.83556601994099609375e+11
73 87 1.53031285607243835449e+11
73 88 4.04480137395265380859e+11
73 89 9.13092293343774414062e+09
73 90 -2.04000817284091430664e+11
73 91 -2.03246020602363647461e+11
73 92 -4.29496729600000000000e+10
73 93 1.75930861690654754639e+11
73 94 -3.34032923348362426758e+11
73 95 -4.39308009547481018066e+11
74 0 3.14486975634937683105e+11
74 1 2.39649125374984313965e+11
74 2 7.58961619357184814453e+11
74 3 1.31382125503286266327e+10
74 4 9.82080203489029052734e+11
74 5 7.81215508780832641602e+11
74 6 -4.52984082382831268311e+10
74 7 -1.96324510700950744629e+11
74 8 -1.98667985819945410156e+12
74 9 5.05994959566872375488e+11
74 10 8.41271529332199096680e+11
74 11 8.92730327244428710938e+11
74 12 2.21329032299901025391e+12
74 13 2.94637170718870422363e+11
74 14 -9.48760333097433398438e+12
74 15 -3.73023178002801086426e+11
74 16 2.39820986009404150391e+12
74 17 -1.47406321881776171875e+13
74 18 -4.91877524774085644531e+12
74 19 2.30562174366610107422e+12
74 20 1.66586337435712343750e+13
74 21 -2.05590930724096836003e+24
74 22 1.64593285436994070969e+27
74 23 1.87658974991702514648e+12
74 24 2.31986355969786224365e+11
74 25 -4.39710178242285302734e+12
74 26 -3.57636020948031640625e+12
74 27 -3.31036217453552612305e+11
74 28 -3.53902289649427185059e+11
74 29 8.80632899306353759766e+11
74 30 2.09374814829594091797e+12
74 31 1.43688990603382904053e+11
74 32 -1.70001037831910937500e+12
74 33 -1.19453605359208642578e+12
74 34 1.06101781133810168457e+12
74 35 1.38348877951237109375e+12
74 36 -1.84825099969005468750e+12
74 37 -3.89640970088764892578e+11
74 38 -1.86292599125569873047e+12
74 39 -1.00959369247498608398e+12
74 40 4.61516097233010177612e+10
74 41 -3.90331323295269165039e+11
74 42 9.27515131301790161133e+11
74 43 1.62737539726481445312e+11
74 44 -1.16582094194024926758e+12
74 45 1.13146296708781533361e+27
74 46 2.07341020100014843750e+13
74 47 9.33692502504454687500e+12
74 48 1.75365167278770043945e+12
74 49 4.54550427304962280273e+11
74 50 -1.33991615552985327148e+12
74 51 4.88092649435162231445e+11
74 52 2.08546770192975463867e+11
74 53 1.89886179936453338623e+11
74 54 -1.08736156975270004272e+11
74 55 6.85582282746308059692e+10
74 56 1.31313618610295391083e+10
74 57 4.59958759438620544434e+11
74 58 -1.25081409603646774292e+11
74 59 2.84400335144461441040e+10
74 60 -4.99443477028512191772e+10
74 61 -2.64505898644630737305e+10
74 62 -1.16390086396224761963e+11
74 63 -8.21055775207050933838e+10
74 64 5.13778960263149719238e+10
74 65 -1.52378657108214935303e+11
74 66 -4.29190157753952026367e+11
74 67 5.35141676740599393845e+08
74 68 6.88865706021743011475e+09
74 69 -3.90486640986662292480e+10
74 70 9.80735737567820739746e+10
74 71 6.15875124876311401367e+11
74 72 1.81404780958293731689e+11
74 73 3.37556172038423614502e+10
74 74 -5.61402009521785507202e+10
74 75 -8.09402768781701660156e+10
74 76 -4.30372456093744888306e+10
74 77 1.79397470520372375488e+11
74 78 -6.19466442339663085938e+10
74 79 7.38471000971311035156e+11
74 80 -1.84145822138823242188e+10
74 81 6.61970186448533935547e+10
74 82 -9.32280003923778381348e+10
74 83 -3.48337914553484678268e+09
74 84 5.58400256361958312988e+09
74 85 1.23388718590610671997e+11
74 86 -3.41604798822203308105e+11
74 87 1.80586771058344024658e+11
74 88 8.34462189989875793457e+10
74 89 -5.01803026496037387848e+09
74 90 -3.06338242324684753418e+10
74 91 -1.90130118340388870239e+10
74 92 -2.18051522265237548828e+11
74 93 -2.36188859765344657898e+10
74 94 -2.09044130403873950243e+08
74 95 -6.74913504654671669006e+09
75 0 -3.00814320126243247227e+22
75 1 5.61661498904402802944e+26
75 2 -1.43806115482774321226e+26
75 3 -6.04079645535759765625e+12
75 4 -1.09017016680707873535e+12
75 5 1.77262429964777416992e+12
75 6 2.97562849530649218750e+12
75 7 -2.06120550125401306152e+10
75 8 -1.04367705292800000000e+12
75 9 2.91512660712212585449e+11
75 10 -4.73843388317390429688e+12
75 11 -4.74232534961055468750e+13
75 12 2.18175287573873434166e+26
75 13 5.51888956300855468750e+11
75 14 -2.25529876172316162109e+11
75 15 -8.37108764787167358398e+11
75 16 1.78990554325814160156e+12
75 17 1.54297205606785229492e+12
75 18 -6.23644608301937377930e+11
75 19 -6.10755059039477050781e+11
75 20 9.41993795095078735352e+11
75 21 3.78907385552951464844e+12
75 22 -1.93845364650696508789e+12
75 23 3.20275647559947326660e+11
75 24 3.73297074568959960938e+11
75 25 -7.04374636544000000000e+11
75 26 -1.18970594099200000000e+12
75 27 2.53534468972730859375e+12
75 28 -1.90155390556807006836e+12
75 29 -6.87957950130924950651e+26
75 30 4.54294799556643945312e+12
75 31 3.23913550155001318359e+12
75 32 -2.17901775407513710938e+13
75 33 6.85179595494764355469e+12
75 34 -7.46986946150866503906e+12
75 35 8.74266071827777929688e+12
75 36 8.01011400704000000000e+11
75 37 -2.89373421568000000000e+11
75 38 -5.35884025341421469223e+26
75 39 9.50537568718863769531e+11
75 40 8.30464734550726440430e+11
75 41 2.54350942704303131104e+11
75 42 -1.46312144137451953125e+12
75 43 -1.19390488934310253906e+12
75 44 7.22718919707106250000e+12
75 45 -2.08231567741553393555e+12
75 46 2.00535246531851904297e+12
75 47 1.66215234355200000000e+12
75 48 1.76304768919484993100e+26
75 49 -1.30996502528000000000e+12
75 50 2.65012903936000000000e+11
75 51 4.56564661631679100449e+26
75 52 -8.16529615720479736328e+11
75 53 2.41380397007343457031e+12
75 54 -4.68525933625965423584e+10
75 55 -2.46012714232596923828e+12
75 56 -3.08827401240963183594e+12
75 57 4.21453377125109765625e+12
75 58 -9.46302700889416259766e+11
75 59 -5.81321149444383666992e+11
75 60 2.18195069751119201660e+11
75 61 7.38734374912000000000e+11
75 62 -1.77933044199887008667e+10
75 63 -1.02513517489994232178e+11
75 64 7.47243556571062774658e+10
75 65 7.21339367115781982422e+11
75 66 -4.72446402560000000000e+10
75 67 -5.68548061944769821167e+10
75 68 -9.52194408780136413574e+10
75 69 1.55054226337602630615e+11
75 70 -2.57823403043326782227e+11
75 71 -1.58998474977157867432e+11
75 72 9.68354239665241699219e+10
75 73 -1.74912423686898834229e+11
75 74 6.83081784150638580322e+10
75 75 -1.71798691840000000000e+10
75 76 -2.35127960730979553223e+11
75 77 4.77106450039006652832e+11
75 78 5.15396075520000000000e+10
75 79 1.61598144512000000000e+11
75 80 1.80388626432000000000e+11
75 81 8.26297926353114617862e+25
75 82 4.18804188438361892700e+10
75 83 -1.49235279755179809570e+11
75 84 -3.62624285218166870117e+11
75 85 -3.83754153992440856934e+11
75 86 1.64738033353878204346e+11
75 87 2.97842053481121032715e+11
75 88 -4.25632267660854644775e+10
75 89 -4.80572405990016052246e+11
75 90 -1.94990772039375610352e+10
75 91 -1.87720106035053771973e+11
75 92 -9.44892805120000000000e+10
75 93 2.33216034059412689209e+10
75 94 -9.71360786602705230713e+10
75 95 -1.02219796959644527435e+10
76 0 -5.30979173924466400000e+15
76 1 1.34022601122858200000e+15
76 2 5.17013648015045700000e+15
76 3 -6.37944182053932000000e+14
76 4 2.09760447222911722213e+27
76 5 -4.17750178598591500000e+15
76 6 2.74109891557234375000e+13
76 7 -2.22601309900241503906e+12
76 8 -8.08849881646006054688e+12
76 9 7.24428333845752800000e+15
76 10 -1.60907708448637694088e+27
76 11 4.33812145989775000000e+12
76 12 -3.51503531663736445312e+13
76 13 3.04023982784943786621e+11
76 14 -2.02953538857288085938e+12
76 15 4.99771399410021850586e+11
76 16 -1.04055112095169540405e+11
76 17 4.46858535286722900391e+11
76 18 -2.86363963886711364746e+11
76 19 -9.26145702432490000000e+15
76 20 7.89661161944264746094e+12
76 21 1.16946424983333789062e+13
76 22 -1.56308990637664770508e+12
76 23 1.64191472524179802188e+27
76 24 -3.72950060107376757812e+12
76 25 7.98903582833823120117e+11
76 26 -1.98397525454643906250e+13
76 27 3.47492474033713050000e+15
76 28 6.85572001053367675781e+11
76 29 -1.10038281458186010742e+12
76 30 -1.88286260120090502930e+12
76 31 3.52169239829331445312e+12
76 32 2.53220231885806347656e+12
76 33 3.43803559545783496094e+12
76 34 -4.57695787327123339844e+12
76 35 2.84695427556530322266e+12
76 36 -1.07922376045079882812e+12
76 37 4.79356708845695343018e+10
76 38 4.72883938336876953125e+11
76 39 1.29760526439345169067e+11
76 40 1.99288624814435241699e+11
76 41 -3.16467254071683837891e+11
76 42 6.32228074676469955444e+10
76 43 5.59880249332502685547e+11
76 44 -3.24586170639575744629e+11
76 45 2.94085844305308647156e+10
76 46 -1.78011090119771752930e+12
76 47 -1.19744124341885864258e+11
76 48 -4.42542514613342346191e+11
76 49 4.65496732288089416504e+11
76 50 -5.09775044531120666504e+11
76 51 -4.76978455214727966309e+11
76 52 1.34623486677194091797e+11
76 53 -5.30704684430027694702e+10
76 54 -1.78512389075685546875e+11
76 55 3.03946348691811332703e+10
76 56 -1.42373430688029052734e+11
76 57 -2.16950578764470214844e+11
76 58 -4.15071712066923645020e+11
76 59 -6.57513525504381547740e+25
76 60 -9.53500880876406005859e+11
76 61 1.95712142893770874023e+11
76 62 -4.18739373745327375000e+14
76 63 8.50899708883042114258e+11
76 64 -5.73170884761242901697e+25
76 65 -7.07111513694018798828e+11
76 66 -5.61380331241505981445e+11
76 67 -6.30650024417480102539e+11
76 68 4.26928502251122680664e+11
76 69 -3.11032450333951354980e+11
76 70 -6.00528770841012939453e+11
76 71 4.24825518831177429199e+11
76 72 4.55023585724640686035e+11
76 73 4.00480941409201599121e+11
76 74 -4.68273672640831756592e+10
76 75 2.50844195095546295166e+11
76 76 -2.83513374335584533691e+11
76 77 4.12289585937819519043e+11
76 78 -4.67623012153639526367e+11
76 79 -1.33513910960007659912e+11
76 80 2.12104579369078979492e+10
76 81 2.77895967063404418945e+11
76 82 7.14419808145351074219e+11
76 83 -8.83585341976787353516e+11
76 84 5.45606916342871643066e+11
76 85 6.33252452623547851562e+11
76 86 3.13271559319776550293e+11
76 87 -8.20607922899875488281e+11
76 88 6.88737112008397705078e+11
76 89 -3.72235202794247516995e+25
76 90 2.00687111889196044922e+11
76 91 -2.41222654018054593750e+14
76 92 -9.73271225149171630859e+11
76 93 -2.71627719756778106689e+11
76 94 -3.36761805878681754791e+25
76 95 2.71212480689944671631e+11
77 0 1.10070133816562621646e+27
77 1 -2.73068941408880276189e+26
77 2 -1.06675172396818337230e+27
77 3 2.43961278814112382812e+13
77 4 1.01691928407889400000e+16
77 5 8.49532101498163951080e+26
77 6 3.03313023956844437500e+14
77 7 -6.73494302659620117188e+12
77 8 1.17200298587453784180e+12
77 9 -1.53915294021207549624e+27
77 10 -7.60444698809066600000e+15
77 11 3.97182502672109609375e+13
77 12 -4.55274386843879296875e+12
77 13 1.62212085667413945312e+13
77 14 -4.35376538469457714844e+12
77 15 1.15357783809717675781e+13
77 16 -8.04639729159709765625e+12
77 17 -3.53040206032340312500e+13
77 18 9.76405303521566601562e+12
77 19 1.91326930535789193911e+27
77 20 -8.27627445988743437500e+13
77 21 -2.88236088226727978516e+12
77 22 -1.80177350389154931641e+12
77 23 7.95025884086775000000e+15
77 24 4.65477934860457519531e+12
77 25 1.31127186701421313477e+12
77 26 2.35437526317542431641e+12
77 27 -7.16536280276583767016e+26
77 28 6.23811763571032128906e+12
77 29 -1.97454910068779968262e+11
77 30 9.60836973319841992188e+12
77 31 -5.89701690523949707031e+12
77 32 -5.25073436412053710938e+12
77 33 -1.30073167786640429688e+12
77 34 8.14491870416871826172e+11
77 35 -4.05701380773383789062e+12
77 36 1.82602550241829370117e+12
77 37 -3.58450238287074768066e+11
77 38 1.47938267673631164551e+11
77 39 2.13944818609620933533e+10
77 40 -3.01965116031906433105e+11
77 41 4.78137379798950256348e+11
77 42 2.42154888536414642334e+11
77 43 -7.88281181146565551758e+11
77 44 2.59671074772239654541e+11
77 45 -1.10534491559051940918e+11
77 46 2.77724690885160253906e+12
77 47 7.42040457765479248047e+11
77 48 5.56436112477715698242e+11
77 49 -8.63833930428927124023e+11
77 50 -3.12863690091401000977e+11
77 51 5.12437461162866516113e+10
77 52 -2.26903249081010345459e+11
77 53 -1.41317224195461669922e+11
77 54 -1.57994226461687713623e+11
77 55 1.67213688551885162354e+11
77 56 -8.77076239409615631104e+10
77 57 -3.65113052928379135132e+10
77 58 -8.95575105759312591553e+10
77 59 -3.18286322630772500000e+14
77 60 1.95654403805012115479e+11
77 61 2.09362846197782409668e+11
77 62 8.65830131174995266550e+25
77 63 3.52435122401250854492e+11
77 64 -2.77942987805010156250e+14
77 65 6.87842770917952270508e+11
77 66 -7.09652042751842285156e+11
77 67 2.13915774666184356689e+11
77 68 -4.19042351928618469238e+11
77 69 2.85902346751836791992e+11
77 70 1.36512355599912429810e+11
77 71 8.90699191311625854492e+11
77 72 -2.54641339012042655945e+10
77 73 7.77757995369123168945e+11
77 74 -3.33351967371013183594e+11
77 75 -4.71070396209937500000e+11
77 76 -6.42523175303375610352e+11
77 77 1.35777998852168853760e+11
77 78 -3.74202327971822631836e+11
77 79 -2.30612712389495300293e+11
77 80 -3.40895914388881835938e+10
77 81 7.14837525291868591309e+09
77 82 -7.28789767284026367188e+11
77 83 -7.43625155591044555664e+11
77 84 -2.36540545195374877930e+11
77 85 -1.57661056869706878662e+11
77 86 -1.87045419493414459229e+11
77 87 2.32296090362822631836e+11
77 88 7.27848256252890014648e+11
77 89 -1.80447137934625062500e+14
77 90 -4.54038863812279907227e+11
77 91 4.98226295034387794714e+25
77 92 8.26748420360097290039e+11
77 93 7.32615554217705841064e+10
77 94 -1.62396744926678250000e+14
77 95 6.07135055329001586914e+11
78 0 -7.05675919360000000000e+11
78 1 -2.76595893862400000000e+12
78 2 -5.09490495488000000000e+11
78 3 -1.12785534768809521484e+12
78 4 8.16959549365072631836e+11
78 5 8.76260198335241943359e+11
78 6 1.82588217384210717773e+12
78 7 -9.91604190825912109375e+12
78 8 -6.98632301449407363056e+26
78 9 2.43271590233885400391e+12
78 10 1.58656369005321655273e+12
78 11 -5.50695295950737109375e+12
78 12 2.99573968896000000000e+12
78 13 1.96603728936946069336e+12
78 14 -4.27817444523774365234e+12
78 15 8.66074199439015258789e+11
78 16 2.71185350844831591797e+12
78 17 3.10770660212154174805e+11
78 18 -3.57743186056335754395e+11
78 19 -4.81525814454321960449e+11
78 20 -7.84747294645072875977e+11
78 21 7.52724761029126586914e+10
78 22 -6.93018306688715332031e+11
78 23 8.63793665001878784180e+11
78 24 -1.31470218626773437500e+11
78 25 -1.97997992345600000000e+12
78 26 1.59021164134400000000e+12
78 27 4.71927290501753662109e+11
78 28 1.32385981751838485718e+11
78 29 6.06664130560000000000e+11
78 30 -3.47304670690948913574e+11
78 31 4.79836285701530395508e+11
78 32 -2.91325994518589013672e+12
78 33 -1.02924265415256103516e+12
78 34 -1.84497506248026049805e+12
78 35 6.42159331493677001953e+11
78 36 3.48233650832416452836e+26
78 37 4.71516391571188608624e+26
78 38 -2.61993005056000000000e+11
78 39 -2.74773172779220611572e+11
78 40 4.01317499779904418945e+11
78 41 1.20608370478347198486e+11
78 42 -5.31353011629450317383e+11
78 43 1.18388500886719757080e+11
78 44 -1.54164577740703369141e+11
78 45 -4.17753146592379589844e+12
78 46 -5.17275105378831970215e+11
78 47 4.77730670625321735168e+26
78 48 -5.05088154009600000000e+12
78 49 -7.73094113280000000000e+10
78 50 5.64754644992000000000e+11
78 51 5.07879882752000000000e+11
78 52 -4.01794922651158828735e+10
78 53 5.91748108107796020508e+11
78 54 -2.75021782270677001953e+11
78 55 -8.20668818040495849609e+11
78 56 3.94014657114327783203e+12
78 57 6.09642170665061645508e+10
78 58 6.58999674973438949585e+10
78 59 2.58961179857616615295e+10
78 60 -6.08065572768558959961e+10
78 61 -1.21902182227929617253e+26
78 62 1.54794441043088226318e+11
78 63 4.88759533215441436768e+10
78 64 -3.68901553623861083984e+10
78 65 -2.43235628571662872314e+11
78 66 -2.36114906913213384191e+26
78 67 2.02748667808389343262e+11
78 68 6.77720445384695892334e+10
78 69 -1.53642543194867095947e+11
78 70 1.88777967787058807373e+11
78 71 2.17878018846917114258e+11
78 72 -2.27660210293641448975e+11
78 73 4.43044922025477844238e+11
78 74 7.81640219581560974121e+10
78 75 2.14748364800000000000e+10
78 76 5.16817223816295593262e+11
78 77 3.89168256386765197754e+11
78 78 3.43597383680000000000e+10
78 79 9.19391436800000000000e+09
78 80 3.86547056640000000000e+10
78 81 1.41733920768000000000e+11
78 82 -9.87183336632612304688e+10
78 83 3.07642238949333251953e+11
78 84 1.40848066731252746582e+10
78 85 7.21901862176766662598e+10
78 86 -1.42890012705333129883e+11
78 87 -6.89681504926288452148e+10
78 88 9.38575857143076171875e+10
78 89 2.04969832996837432861e+11
78 90 -1.27585189288583908081e+10
78 91 3.16370510570501464844e+11
78 92 -1.95037296574836093485e+25
78 93 5.38765189733683090210e+10
78 94 1.45112849941407394409e+10
78 95 -9.28467420391911125183e+09
79 0 1.90898359715067352295e+11
79 1 -8.05183685399503540039e+11
79 2 -8.53434102308094604492e+11
79 3 4.81225419603164672852e+11
79 4 7.15653087543560302734e+11
79 5 6.97211812072457641602e+11
79 6 1.70047764954628631592e+11
79 7 -3.21927020404238525391e+11
79 8 4.00295846043648974609e+12
79 9 -1.74017194393587402344e+11
79 10 -1.07070136572564733887e+12
79 11 8.09062242854603576660e+10
79 12 -9.54495758988672241211e+11
79 13 -3.01928408401082519531e+12
79 14 -2.20657627015463330078e+12
79 15 2.91513708142841979980e+11
79 16 -1.16602027868759155273e+12
79 17 5.96938539647403564453e+11
79 18 -5.83203898776114501953e+11
79 19 -1.03463262286443859863e+12
79 20 -3.09310807462181884766e+12
79 21 5.14784549111218566895e+11
79 22 1.32067846382501708984e+12
79 23 1.39320481695179804688e+13
79 24 2.98791898671996093750e+13
79 25 -3.37018118282772427269e+26
79 26 1.27472202813475006597e+27
79 27 2.59661501657335693359e+12
79 28 3.24745227136625061035e+11
79 29 -2.29142956180937011719e+12
79 30 1.39531183854708374023e+12
79 31 7.51469832630086212158e+10
79 32 5.32657108654702832031e+12
79 33 3.25483763619082128906e+12
79 34 1.10613782865739501953e+12
79 35 2.38843802133731079102e+11
79 36 1.08643552051444165039e+12
79 37 -2.95039285113301574707e+11
79 38 -7.18817925835890502930e+11
79 39 -3.76948661317190979004e+11
79 40 -4.72693164777566772461e+11
79 41 6.62537184570099487305e+11
79 42 -6.89304712879594970703e+11
79 43 -1.86200024783141571045e+11
79 44 -1.14529980878370346069e+11
79 45 -1.18815523918355102539e+12
79 46 -2.40529633950640830994e+10
79 47 1.48772319761493103027e+11
79 48 8.97262267378766845703e+11
79 49 3.02917402461913745877e+24
79 50 -7.44048453958554250618e+26
79 51 -1.77337166710251708984e+11
79 52 -8.18942520232494262695e+11
79 53 -3.21416021419229125977e+11
79 54 8.09560703423937622070e+11
79 55 -3.48030807391103881836e+11
79 56 -1.83354657844822113037e+11
79 57 -7.82172869704469909668e+10
79 58 -4.75661689638615783691e+11
79 59 6.24694932713909683228e+10
79 60 -3.08699996700161193848e+11
79 61 -1.83991402490705688477e+11
79 62 -1.68751416301959930420e+11
79 63 2.46821501844901062012e+11
79 64 1.13945437691140426636e+11
79 65 -1.63360730213996612549e+11
79 66 -1.30713398164821960449e+11
79 67 -2.20581706333809478760e+11
79 68 1.72326572219506072998e+09
79 69 -6.54252789190034484863e+09
79 70 5.24576217076757751465e+11
79 71 -4.29341275857940734863e+11
79 72 6.53819859261135742188e+11
79 73 -5.36558351758680648804e+10
79 74 -7.63454217610078735352e+11
79 75 -1.33508979202422271729e+11
79 76 1.87946233177374450684e+11
79 77 2.06451274213082153320e+11
79 78 1.65884850608574676514e+10
79 79 1.56365896952240447998e+10
79 80 1.74027361108790100098e+11
79 81 1.30620379114883499146e+11
79 82 -2.29486261023897247314e+11
79 83 -7.57552925027359771729e+10
79 84 -2.95577283459279870987e+09
79 85 4.21842625112101593018e+10
79 86 -2.58697919117472351074e+11
79 87 3.45101965510749572754e+11
79 88 -3.44701884046125946045e+10
79 89 5.66483689080093841553e+10
79 90 6.07395470216697597504e+09
79 91 -2.78778932602570953369e+10
79 92 1.52909616847809066772e+10
79 93 -2.77462791737107810974e+10
79 94 -3.41160250200139236450e+10
79 95 -1.13945165426930408478e+10
80 0 3.22660387021017639160e+11
80 1 -1.73459204740096801758e+11
80 2 1.42563634314001312256e+11
80 3 4.54621443983473083496e+11
80 4 -4.33424793335570800781e+11
80 5 -4.09247684462950592041e+10
80 6 -1.55257973730455627441e+11
80 7 4.21576407389997177124e+10
80 8 2.48642344663811523438e+11
80 9 6.85433415730031005859e+11
80 10 1.44313742346207543945e+12
80 11 -5.55793392730032348633e+11
80 12 3.75765054826128906250e+11
80 13 -5.81203763929761840820e+11
80 14 1.19098916764099023438e+12
80 15 -4.26953755992877807617e+11
80 16 2.82940090761961059570e+11
80 17 6.64649267743463989258e+11
80 18 1.76819728259933959961e+12
80 19 2.21819413194566113281e+12
80 20 -5.74032224600447753906e+11
80 21 2.57450101894652197266e+12
80 22 -4.12872105442219970703e+12
80 23 -4.94866346865187402344e+12
80 24 9.49616153758764531250e+13
80 25 -1.27472202813475089061e+27
80 26 -3.37018118282772564708e+26
80 27 -3.85483653666995898438e+12
80 28 -5.56941528917842578125e+12
80 29 3.36182632146276123047e+12
80 30 1.53542576798552075195e+12
80 31 -7.86916459768486938477e+11
80 32 -3.95428868972785205078e+12
80 33 2.35106643480112854004e+11
80 34 1.06400111440834558105e+12
80 35 2.32506622698876269531e+12
80 36 9.61119982509223999023e+11
80 37 -1.13136272421248718262e+11
80 38 5.70539246742794799805e+11
80 39 9.04355215270178527832e+10
80 40 5.15500185517047729492e+10
80 41 -5.96356944775227050781e+11
80 42 3.64141332148746109009e+10
80 43 5.52724006213326492310e+10
80 44 3.12503757954259216309e+11
80 45 -3.64307263196980895996e+11
80 46 2.55913821794767852783e+11
80 47 8.34613427775190795898e+11
80 48 3.89468188569145947266e+12
80 49 7.44048453958554388057e+26
80 50 3.02917402461885238031e+24
80 51 2.54053340275284881592e+11
80 52 -2.85400651689878759766e+12
80 53 6.09289011727369976044e+09
80 54 -1.72056174448295776367e+11
80 55 2.99568830207712463379e+11
80 56 -1.98567825592019042969e+11
80 57 -2.57401362914746612549e+11
80 58 1.07175037382845788574e+12
80 59 4.53312982096695007324e+11
80 60 -5.03270375182038513184e+11
80 61 -1.49204019211371362305e+12
80 62 -1.92134214279447509766e+11
80 63 2.61373341873767669678e+11
80 64 1.96574701909711578369e+11
80 65 3.83754102266986923218e+10
80 66 -9.45133525648049926758e+10
80 67 -1.61211897002498748779e+11
80 68 1.14637294402062149048e+11
80 69 1.26453160828468666077e+10
80 70 -9.90089803260719604492e+10
80 71 2.20715519117189331055e+11
80 72 -6.93764779731585540771e+10
80 73 -7.89980249999400177002e+10
80 74 1.82334524701122474670e+10
80 75 -2.09634179855717285156e+11
80 76 -3.61287139036750488281e+10
80 77 2.83582167550759658813e+10
80 78 -4.39614890483814849854e+10
80 79 -1.74596983465393310547e+11
80 80 -2.35903567635530090332e+10
80 81 -6.27060076092447280884e+10
80 82 2.33293047938439636230e+10
80 83 2.16421659442726631165e+10
80 84 1.23903519614178268433e+11
80 85 -1.79005393089781280518e+11
80 86 1.50194212708409824371e+10
80 87 1.45967837595316864014e+11
80 88 4.42437029260700607300e+10
80 89 4.15551715826029663086e+10
80 90 3.88591753332475814819e+10
80 91 -2.90398271074322128296e+10
80 92 4.53140140507748031616e+09
80 93 -1.29687011263926200867e+10
80 94 1.19406447768577423096e+10
80 95 1.13222489200536758423e+11
81 0 1.96518383118133514732e+22
81 1 -3.66926712746530251607e+26
81 2 9.39468084066129871498e+25
81 3 4.06840375667757861328e+12
81 4 3.04644916186490234375e+12
81 5 -2.11270020884661987305e+12
81 6 -2.00679910833830957031e+12
81 7 8.29531106745451507568e+10
81 8 9.48114030592000000000e+11
81 9 1.39414219649697485352e+12
81 10 9.86024001104402587891e+11
81 11 2.75984943584607968750e+13
81 12 -1.27561715031895834817e+26
81 13 -3.90891350409224121094e+11
81 14 1.11644515372666625977e+11
81 15 4.91436869342334106445e+11
81 16 -1.09783118689182373047e+12
81 17 -8.88113428872891967773e+11
81 18 3.60312038373154296875e+11
81 19 -1.64880365290507202148e+12
81 20 -5.75769224840902832031e+11
81 21 2.24820014745519165039e+11
81 22 3.47025248753841979980e+11
81 23 1.59674444136473510742e+12
81 24 -2.63659433021450927734e+11
81 25 3.75165393305600000000e+12
81 26 1.88173254656000000000e+12
81 27 -9.44837491697892700195e+11
81 28 1.29362144941431372070e+12
81 29 4.67880674454978492765e+26
81 30 -3.09802033522778564453e+12
81 31 -2.19032169050118310547e+12
81 32 1.48521685531856621094e+13
81 33 -4.67367690142686718750e+12
81 34 5.03931259736689355469e+12
81 35 -6.00710259647473046875e+12
81 36 -5.50829555712000000000e+11
81 37 7.81147176960000000000e+10
81 38 3.38667543303942699403e+26
81 39 -5.89440448839819946289e+11
81 40 -5.18626362513276428223e+11
81 41 -1.51434833012865844727e+11
81 42 9.84984327518892822266e+11
81 43 8.04047989403545288086e+11
81 44 -4.59083357486852148438e+12
81 45 7.91024616114963745117e+11
81 46 6.07985494019323486328e+11
81 47 -1.77113713868800000000e+12
81 48 -1.67994149932086488828e+26
81 49 -7.04374636544000000000e+11
81 50 -3.64703121408000000000e+11
81 51 -3.37474906532322792668e+26
81 52 5.80553935459527954102e+11
81 53 -1.77534830828655102539e+12
81 54 3.40667947466501693726e+10
81 55 1.87859587466075219727e+12
81 56 2.27582663535819824219e+12
81 57 -3.13265932176209033203e+12
81 58 7.75286544761995849609e+11
81 59 3.37407197574014404297e+11
81 60 -1.40413560923282257080e+11
81 61 -5.20764784640000000000e+11
81 62 -1.28163825296400665283e+11
81 63 1.14612214967799835205e+11
81 64 -1.52772559062098083496e+11
81 65 -5.87001592640528930664e+11
81 66 3.07090161664000000000e+11
81 67 -1.78765098973652954102e+11
81 68 6.75341044531831741333e+10
81 69 -1.52068322461078430176e+11
81 70 1.21221298264362197876e+11
81 71 9.51202940590713806152e+10
81 72 -8.63324435581234741211e+10
81 73 4.21207152537124755859e+11
81 74 -5.56713407575054016113e+10
81 75 -8.26297926353114789661e+25
81 76 -2.73099848519774749756e+11
81 77 -1.87346666905918807983e+10
81 78 -1.50323855360000000000e+11
81 79 -1.26231773184000000000e+11
81 80 6.01295421440000000000e+10
81 81 -1.07374182400000000000e+10
81 82 -7.88436052505641937256e+10
81 83 9.57294171715360717773e+10
81 84 1.18660401705941925049e+10
81 85 1.31970442473745079041e+10
81 86 -6.11840140958633346558e+10
81 87 -6.40346170784175872803e+09
81 88 1.25358229234945983887e+10
81 89 -2.25445921509071960449e+10
81 90 -1.26862756552302932739e+09
81 91 -1.92817390375537719727e+10
81 92 -2.46960619520000000000e+10
81 93 -2.69693636468724517822e+10
81 94 -2.71051210426753082275e+10
81 95 5.48743337284381771088e+09
82 0 -2.59837275574490356445e+11
82 1 1.60146879604876464844e+11
82 2 -7.49534533790747314453e+11
82 3 1.20014579252600738525e+11
82 4 -6.77075483023967895508e+11
82 5 1.48901357106735015869e+11
82 6 3.86799352886092147827e+10
82 7 -8.28358871018717285156e+11
82 8 3.34763061304349121094e+11
82 9 -3.07532576059863708496e+11
82 10 5.07422271781630859375e+11
82 11 -2.41135724953754196167e+10
82 12 1.35967675257318847656e+11
82 13 2.44564637262681066990e+08
82 14 -9.64191587821502923965e+08
82 15 1.23503725393339419365e+09
82 16 7.83734329124215960503e+08
82 17 -1.65250524301704704762e+08
82 18 -1.36015288730160260201e+09
82 19 3.77031821455511840820e+11
82 20 6.56418838346484756470e+10
82 21 4.14474771173196289062e+11
82 22 -2.17311414611261291504e+11
82 23 -5.48969003678736511230e+11
82 24 2.27950579298553924561e+11
82 25 -2.33327346261006896973e+11
82 26 3.15724445193099792480e+11
82 27 -1.67945270456652862549e+11
82 28 -9.70507234632578849792e+09
82 29 -3.99217244037708007812e+11
82 30 5.84604287154618339206e-03
82 31 -4.04546301135950622796e-03
82 32 -1.13580569094022532095e-02
82 33 5.05248056779732720306e-03
82 34 1.11427286407144083592e-03
82 35 3.34034172526422208638e-03
82 36 -2.04621395249079833984e+11
82 37 -1.74928891558748626709e+11
82 38 -3.21923817353875366211e+11
82 39 1.28006702951506447792e+09
82 40 -7.42070008675168800354e+09
82 41 1.05504773076347261667e+08
82 42 1.26287892134525227547e+09
82 43 1.22848691041465848684e+08
82 44 -1.22751519081572676077e+06
82 45 -1.66100140682572113037e+11
82 46 2.96499536761565246582e+11
82 47 -2.22401499196007781982e+11
82 48 7.39328198226635894775e+10
82 49 5.84891012806595001221e+10
82 50 -4.28848017794811950684e+11
82 51 2.46918085796024902344e+11
82 52 -9.24027445168982073665e+06
82 53 2.24971210127393674850e+09
82 54 7.53977315767962485552e+07
82 55 2.63455083654210853577e+09
82 56 2.38451066656565952301e+09
82 57 -2.56859805983555936813e+09
82 58 -5.91533052555413452148e+11
82 59 1.17130087971894359589e+10
82 60 1.13618128177507644653e+11
82 61 7.10473466984770050049e+10
82 62 3.30263512429084920883e+09
82 63 -9.06214652138698242188e+11
82 64 9.04938012426614570618e+09
82 65 7.21888665951929626465e+10
82 66 4.28709758613020324707e+09
82 67 5.03113772369982552302e-04
82 68 -8.59091570486711884891e-04
82 69 2.87821749062343139325e-04
82 70 5.41864908249598659605e-04
82 71 -9.52020493213788098104e-04
82 72 4.06631911234305747950e-04
82 73 -7.55622267339151611328e+10
82 74 9.02504355693092956543e+10
82 75 -4.12811712721600646973e+10
82 76 -7.20399319130824218750e+11
82 77 7.21234634519994262695e+11
82 78 9.90897024240677032471e+10
82 79 2.29580902049820526123e+11
82 80 -2.33588631043571319580e+10
82 81 7.81457902940986938477e+10
82 82 -4.33149209301813832270e-06
82 83 -9.33246280876673687740e-04
82 84 2.38485474341918206233e-04
82 85 1.76182416464856078653e-04
82 86 1.48350905384202072859e-04
82 87 5.65421725144074323668e-04
82 88 4.58570583074230766296e+09
82 89 -3.77081694244709625244e+10
82 90 -2.33849701343198299408e+09
82 91 -5.17117349537359542847e+10
82 92 4.89339248517162780762e+10
82 93 9.31347060413154792786e+09
82 94 -2.83310800840940093994e+10
82 95 -1.36604874665906262398e+09
83 0 -7.88791246323200439453e+11
83 1 -1.40879522077274230957e+11
83 2 -6.00564859872796997070e+11
83 3 5.92003557878158874512e+10
83 4 2.39106495538899322510e+11
83 5 -7.95821244228071289062e+10
83 6 4.41594436002781982422e+10
83 7 -1.24223122304920678711e+12
83 8 2.89749536215378515625e+12
83 9 1.05120775175749252319e+11
83 10 -1.66243830951962219238e+11
83 11 -2.61753746480583915710e+10
83 12 -2.22124654206877822876e+10
83 13 1.28725637882682576776e+08
83 14 4.35193198636776626110e+08
83 15 -7.92672890855126529932e+07
83 16 -2.67275990244652293622e+07
83 17 1.77837646277576476336e+08
83 18 -2.14980347175172269344e+08
83 19 -1.43581263969826293945e+11
83 20 4.60734299661691951752e+09
83 21 2.62407937251817016602e+11
83 22 9.38538339303078369141e+11
83 23 2.19531731395806549072e+11
83 24 3.70443856878520446777e+11
83 25 -4.97194689553101928711e+11
83 26 -2.25781855703984863281e+11
83 27 2.99031616642995109558e+10
83 28 1.76418602281913909912e+10
83 29 -4.80981630351484298706e+10
83 30 2.62283170444760609791e-03
83 31 -5.48926510123181818357e-03
83 32 7.06803918318265299303e-03
83 33 5.06123064026896708062e-03
83 34 1.04810446198142625390e-02
83 35 5.89142189435109571568e-05
83 36 -1.34591273959844262695e+12
83 37 -2.10681240939216748047e+12
83 38 8.57411259000027465820e+09
83 39 -1.34425241568835288286e+08
83 40 1.03494024276769235730e+07
83 41 3.46393383243270870298e+06
83 42 1.71401555880784630775e+08
83 43 9.95608108467807322741e+07
83 44 1.67253539748610742390e+06
83 45 6.44816637227128417969e+11
83 46 1.57456610951751251221e+11
83 47 -2.00567322884236401367e+12
83 48 9.90394698983961181641e+10
83 49 2.82017876333892456055e+11
83 50 -2.37088632394195938110e+10
83 51 8.07642185502274017334e+10
83 52 -2.76726049323582835495e+07
83 53 3.31735038250461257994e+07
83 54 -6.70332191528178006411e+06
83 55 2.60596152123265750706e+07
83 56 2.00422029858156025410e+08
83 57 -1.42401516515645354986e+08
83 58 -8.94954570276725097656e+11
83 59 4.36148979321975803375e+09
83 60 4.46244890847220001221e+10
83 61 4.67174980401195251465e+11
83 62 -2.07229984846096076965e+10
83 63 -1.36355770973016040039e+12
83 64 5.43380404967813491821e+09
83 65 2.58408288663875465393e+10
83 66 1.31386609774448071289e+12
83 67 -1.01301460902726331477e-03
83 68 -5.31473285671963812000e-04
83 69 1.53290069478397516199e-03
83 70 -1.55241704265223412137e-03
83 71 -1.09620731271897601557e-03
83 72 4.76539749868550661840e-04
83 73 1.52416013950499542236e+11
83 74 3.88225064309576177597e+09
83 75 1.49170364023888854980e+11
83 76 8.83312522686282104492e+11
83 77 7.42735680558882568359e+11
83 78 -3.07631178635238891602e+11
83 79 7.58229470716577148438e+10
83 80 -2.16364157350006103516e+10
83 81 -9.55639303623910980225e+10
83 82 9.35710678117175772249e-04
83 83 -2.61572029129809738648e-07
83 84 -7.18558316184333164926e-04
83 85 -1.46161922010257412652e-03
83 86 1.03691188614781480172e-03
83 87 8.87292428106868993898e-04
83 88 -1.32411800791742763519e+10
83 89 5.69569312160892257690e+10
83 90 -3.33462445939018363953e+10
83 91 -6.76223669786741943359e+10
83 92 -4.10770730141118164062e+10
83 93 -1.67388418253931522369e+10
83 94 4.44692072674034194946e+10
83 95 -1.95105920632567062378e+10
84 0 1.76252126963068505859e+12
84 1 1.75984323900100097656e+12
84 2 4.77753515994422851562e+11
84 3 8.99647352884514312744e+10
84 4 -1.71029142967755615234e+12
84 5 3.17274445039622924805e+11
84 6 -1.08928856708847915649e+11
84 7 2.31262454464525048828e+12
84 8 1.43319392722101806641e+11
84 9 -5.76586113018229003906e+11
84 10 1.28202245761191748047e+12
84 11 -2.70450231438735237122e+10
84 12 5.36498552060010681152e+11
84 13 -3.82752413339931845665e+08
84 14 -6.84048550884801101685e+09
84 15 -1.23029318435687065125e+09
84 16 -2.15029239857108443975e+08
84 17 -5.27532175547146224976e+09
84 18 3.27260625163224995136e+08
84 19 7.50375496167309204102e+11
84 20 2.42848079923832778931e+10
84 21 -1.61900228829060852051e+11
84 22 -2.64580358983139114380e+10
84 23 -1.35510273621093017578e+12
84 24 -6.33929290450623901367e+11
84 25 1.35210354373437133789e+12
84 26 3.26892814586864257812e+11
84 27 -2.92745813086312377930e+11
84 28 2.66655614451505947113e+09
84 29 -1.96354143155284277344e+12
84 30 1.69558165563600052317e-02
84 31 1.28310001707789486658e-02
84 32 -6.15644224158431868643e-02
84 33 1.42361086636957449858e-02
84 34 -2.49480808185409616562e-02
84 35 2.05729251114028129088e-02
84 36 -6.37000901877936172485e+10
84 37 -1.01991073411406784058e+11
84 38 -1.42632808218372338867e+12
84 39 4.27665136275999546051e+09
84 40 1.58182631936470007896e+09
84 41 6.57406369548280239105e+08
84 42 5.33639752564437538385e+07
84 43 -5.23824649663402652740e+09
84 44 -3.03689811222471570969e+09
84 45 -1.72056369473287124634e+10
84 46 -1.65047662288925048828e+11
84 47 -9.39938636867550354004e+10
84 48 7.23569732341671386719e+11
84 49 -9.35050405826966918945e+11
84 50 1.05998607441443386078e+10
84 51 1.43484636567401074219e+12
84 52 -3.78108909631890952587e+08
84 53 -1.08071669573095828295e+08
84 54 4.65319909817193222046e+09
84 55 7.45818444875720787048e+09
84 56 -3.96638227148814821243e+09
84 57 9.51174817151783823967e+08
84 58 1.65998517367216845703e+12
84 59 4.45075114017351837158e+10
84 60 7.45148835940706329346e+10
84 61 2.25728139557113037109e+10
84 62 2.91194365078032875061e+10
84 63 2.51889439467350537109e+12
84 64 3.77149208254508209229e+10
84 65 4.46076455149879684448e+10
84 66 5.60029089651359786987e+10
84 67 8.39822222773558982670e-04
84 68 -8.60288428232666396007e-07
84 69 5.65472393304988643972e-04
84 70 -4.18432205593401076310e-04
84 71 7.18862538222518219697e-04
84 72 6.78876165576131930524e-04
84 73 4.03656035362472961426e+11
84 74 -5.58400256363520431519e+09
84 75 3.68957853341683166504e+11
84 76 -5.58341758528659790039e+11
84 77 2.24925433459652862549e+11
84 78 -9.19135367223152160645e+09
84 79 3.06461002381943702698e+09
84 80 -1.25126097762987838745e+11
84 81 -1.13228255667674217224e+10
84 82 -2.34824676847272551796e-04
84 83 7.20927833865058712709e-04
84 84 -4.08127408500347498574e-05
84 85 6.73715872653672057796e-04
84 86 1.13859458720529967265e-04
84 87 -1.96979347360046744752e-04
84 88 -1.19215249380061607361e+10
84 89 -7.93306902711744213104e+09
84 90 -1.56735162094843597412e+10
84 91 -6.34622890531756210327e+09
84 92 9.30407364017562866211e+07
84 93 -2.58956453372694053650e+10
84 94 -4.18296924596354293823e+09
84 95 -9.71906033052828598022e+09
85 0 -1.75919708221048278809e+10
85 1 1.62687330183479248047e+12
85 2 -3.15199495074896545410e+11
85 3 -3.96319209943103103638e+10
85 4 -3.30137868663530029297e+12
85 5 -4.30386339395730667114e+10
85 6 -8.19735806828803348541e+09
85 7 6.35832770942659606934e+10
85 8 -5.72028565763367385864e+10
85 9 5.13196893557941436768e+10
85 10 2.50116408840878125000e+12
85 11 8.20976865646564197540e+09
85 12 5.54969647497539062500e+11
85 13 2.15508833900728845596e+09
85 14 1.34126950747675919533e+09
85 15 6.30023428298920059204e+09
85 16 4.43310045941895604134e+08
85 17 3.28424792867968201637e+08
85 18 1.93237552534222269058e+09
85 19 -1.24718098932761535645e+11
85 20 -2.44571528588420028687e+10
85 21 -2.40242067122094543457e+11
85 22 -1.05029472663700042725e+11
85 23 -2.56914723075234472656e+12
85 24 -9.66934361210129737854e+09
85 25 1.72776276007953430176e+11
85 26 -1.29989128392474926758e+12
85 27 3.07489000808898963928e+10
85 28 2.85410804592511940002e+09
85 29 -2.04877941008777734375e+12
85 30 1.47393348555647854536e-02
85 31 4.71908708862601392747e-03
85 32 -7.55773337626456653826e-02
85 33 1.15032057245260110889e-02
85 34 -1.63932153323216520113e-02
85 35 2.17832625956325791339e-02
85 36 5.80892590215300445557e+10
85 37 4.40267167287345123291e+09
85 38 -1.48041616384000683594e+12
85 39 -2.09588785869588613510e+09
85 40 -1.01932585400805816650e+10
85 41 -5.55704537493152379990e+08
85 42 1.41893470416919422150e+10
85 43 2.36410711791032171249e+09
85 44 -1.31975466980278849602e+08
85 45 -5.99703499823564071655e+10
85 46 -1.33781950374219177246e+11
85 47 4.87788832961870422363e+10
85 48 7.50805002532999267578e+11
85 49 2.75629267934242065430e+11
85 50 7.89471595428523315430e+11
85 51 1.49377433630378247070e+12
85 52 -4.08531587462343335152e+08
85 53 1.63628003613197994232e+09
85 54 2.11087011713688410819e+07
85 55 -2.22416609815654277802e+09
85 56 7.15847000268980693817e+09
85 57 -7.65787614706704139709e+09
85 58 5.70560519711644592285e+10
85 59 9.43060415264533538818e+10
85 60 -4.09764719989442749023e+10
85 61 -2.08266476218720779419e+10
85 62 -6.42071408149853992462e+09
85 63 6.79849093709145584106e+10
85 64 8.08234632122763214111e+10
85 65 -1.86448858295189933777e+10
85 66 6.52701036319401245117e+10
85 67 2.42821724452232847596e-03
85 68 -1.38319195738885480397e-03
85 69 1.05588380245855086199e-03
85 70 -3.20069903188236306105e-04
85 71 -3.67000800639785348684e-04
85 72 -8.64593749626213839421e-04
85 73 -2.02013248958236053467e+11
85 74 -1.21520274203533111572e+11
85 75 3.86216820933831054688e+11
85 76 -6.57856991136699340820e+11
85 77 1.24809726233220184326e+11
85 78 -7.59821503016696014404e+10
85 79 -3.84532010888917770386e+10
85 80 1.78985858776068237305e+11
85 81 -1.57197106762324218750e+10
85 82 -1.67887048457638428552e-04
85 83 1.48379441784720852472e-03
85 84 -6.46264694905606383070e-04
85 85 6.47226314636973254144e-05
85 86 3.32700449887709831954e-04
85 87 2.69924411900929813336e-04
85 88 -6.86750423008598804474e+09
85 89 1.53722612947211284637e+10
85 90 1.83958520399420261383e+09
85 91 -1.38615170345363349915e+10
85 92 -3.12842905758700447083e+10
85 93 -1.02628548363598918915e+10
85 94 1.74107244222530441284e+10
85 95 1.41673014044297599792e+09
86 0 -8.47665517107016601562e+10
86 1 -3.65146383220169006348e+11
86 2 -1.16341066841889831543e+11
86 3 3.29241356269100074768e+10
86 4 -2.57286166013406005859e+11
86 5 4.04321777280702133179e+10
86 6 1.24528945663535251617e+10
86 7 -2.51894310753572753906e+11
86 8 1.20052744285264404297e+12
86 9 -8.41062615378038177490e+10
86 10 1.87242306346552154541e+11
86 11 -1.67882606253932056427e+10
86 12 -9.26128163731087341309e+10
86 13 -9.14413667638456821442e+08
86 14 4.27340190643419325352e+08
86 15 -9.92567428289585232735e+08
86 16 2.76688524475285783410e+06
86 17 5.78366955712491512299e+08
86 18 1.40373483427921462059e+09
86 19 1.00996334726386138916e+11
86 20 -5.85476977218109893799e+09
86 21 5.63036394632634765625e+11
86 22 -1.40376848167956123352e+10
86 23 -2.04973127176071411133e+11
86 24 6.70830462086201248169e+10
86 25 -9.92369634977891967773e+11
86 26 1.08357130082531994629e+12
86 27 -4.63717640685104446411e+10
86 28 1.47642813752944412231e+10
86 29 4.23868495825408813477e+11
86 30 5.98252083729399353890e-04
86 31 -5.86706690960283726993e-03
86 32 2.20519890987526910597e-02
86 33 1.16350523944587112488e-03
86 34 1.07591853154603706022e-02
86 35 -4.78911720706946385934e-03
86 36 -6.42623383682096679688e+11
86 37 -7.40254840604277343750e+11
86 38 2.77336411285075866699e+11
86 39 -1.51190771183171033859e+09
86 40 3.82004262305224943161e+09
86 41 5.36211623774033114314e+07
86 42 1.68709839223925566673e+09
86 43 8.55813593243418693542e+08
86 44 -2.76194567365854652599e+06
86 45 -6.34995436738891754150e+10
86 46 3.42875617185255554199e+11
86 47 -8.06838624031986083984e+11
86 48 -2.03694742850665954590e+11
86 49 3.72346718289170227051e+11
86 50 -9.94987575631024536133e+11
86 51 -3.34158381880964050293e+11
86 52 -2.82347010799564898014e+08
86 53 9.81587580621013343334e+07
86 54 1.36925148695164769888e+07
86 55 1.26493246730266928673e+09
86 56 -2.03654435603222465515e+09
86 57 -3.35592602631875324249e+09
86 58 -1.79364410524536621094e+11
86 59 3.67178280526532459259e+09
86 60 1.98938296487425804138e+10
86 61 2.27273652958009429932e+11
86 62 7.93464888810117244720e+08
86 63 -2.76046735561288452148e+11
86 64 2.64248979966297674179e+09
86 65 1.12016978027310619354e+10
86 66 2.50663164093196441650e+11
86 67 -1.42730935242538843795e-03
86 68 2.08151712059664574734e-04
86 69 2.79633875713577062950e-04
86 70 5.73744886968119449135e-04
86 71 -1.13909832413979579709e-03
86 72 1.22579591812445386038e-03
86 73 2.83556601994099426270e+11
86 74 3.43200537873694519043e+11
86 75 -1.65086240169147918701e+11
86 76 -3.12574463119267700195e+11
86 77 1.88544028817863250732e+11
86 78 1.42452065593200195312e+11
86 79 2.57457751156820404053e+11
86 80 -1.50421497989797058105e+10
86 81 6.16963193322021026611e+10
86 82 -1.47139487804132552008e-04
86 83 -1.03841691549686702262e-03
86 84 -1.19925905973890527430e-04
86 85 -2.95080510858666974182e-04
86 86 6.48996483846444367110e-09
86 87 1.11874410127416968122e-03
86 88 2.36134631748228216171e+09
86 89 -1.72427464647469711304e+10
86 90 -2.54511860855904846191e+10
86 91 -1.36431761644529018402e+10
86 92 8.99196269141437988281e+10
86 93 4.29068154255351209641e+09
86 94 -1.31019781114102210999e+10
86 95 -1.48184884804303207397e+10
87 0 8.66467520722555541992e+09
87 1 -1.14640634461319531250e+12
87 2 8.44778050217642211914e+11
87 3 -8.87314713284286499023e+10
87 4 1.52558585982822851562e+12
87 5 -2.04501376073875244141e+11
87 6 -1.57803674284569835663e+10
87 7 4.72399558525420532227e+11
87 8 4.20372112253824340820e+11
87 9 3.76631663554207519531e+11
87 10 -1.17326951985395190430e+12
87 11 1.59041921972276096344e+10
87 12 -4.42526070204279052734e+11
87 13 -2.49172995331127548218e+09
87 14 -6.17014387714798736572e+09
87 15 1.36899090458988714218e+09
87 16 -2.53976726643966913223e+08
87 17 -3.77037234523662269115e+08
87 18 2.00138456250988221169e+09
87 19 -4.70277424866350830078e+11
87 20 -4.66812066839324340820e+10
87 21 2.07617310372434570312e+11
87 22 -4.60808576173839950562e+10
87 23 1.23547246206595703125e+12
87 24 -1.46953518081686065674e+11
87 25 -5.17095321849779968262e+11
87 26 2.50161535901721533203e+12
87 27 1.91328144871764007568e+11
87 28 6.54129129434250545502e+09
87 29 1.62977688110594848633e+12
87 30 -1.22530140109897121847e-02
87 31 -2.82528021266915388074e-03
87 32 6.83112536717415952392e-02
87 33 -6.66005538429755711283e-03
87 34 1.55196706847095782650e-02
87 35 -1.74082400734887621230e-02
87 36 -2.31980202653528717041e+11
87 37 -2.57019895576632873535e+11
87 38 1.17824733573237915039e+12
87 39 -7.29152911083897304535e+09
87 40 2.54977850709828281403e+09
87 41 -9.63033511277932405472e+08
87 42 4.53710068475689983368e+09
87 43 6.14373095472043275833e+08
87 44 5.24194392752477675676e+07
87 45 3.54412100312545585632e+09
87 46 1.66527047391518035889e+11
87 47 -2.86455393220183837891e+11
87 48 -5.96314931946313964844e+11
87 49 -2.21396563660823089600e+11
87 50 -1.09627225569072167969e+12
87 51 -1.18826241056621728516e+12
87 52 -5.28678939611632764339e+08
87 53 -4.41960939625040435791e+09
87 54 6.70424814908759668469e+07
87 55 2.45869168893247604370e+09
87 56 -2.50764499831016540527e+09
87 57 -3.95792141483456611633e+08
87 58 3.48392439820479492188e+11
87 59 -3.73083084199250488281e+10
87 60 -7.92438761174131622314e+10
87 61 8.36776835232677459717e+10
87 62 -1.66126520744677982330e+10
87 63 5.17287488351496826172e+11
87 64 -3.08833578043005523682e+10
87 65 -5.40977677053818435669e+10
87 66 7.05111744644060974121e+10
87 67 -1.48557346138697855126e-03
87 68 8.14913344893145193647e-04
87 69 -1.03148435531241235152e-03
87 70 1.00524258251252470234e-03
87 71 -1.19156592507577556461e-04
87 72 1.04472448852042519747e-03
87 73 -1.53031285607243988037e+11
87 74 -1.87696255327694641113e+11
87 75 -3.01498818702866516113e+11
87 76 8.37219275603080688477e+11
87 77 -2.35731125053817169189e+11
87 78 7.03803154292952423096e+10
87 79 -3.43683765512689697266e+11
87 80 -1.46000584494964813232e+11
87 81 7.25618540749644947052e+09
87 82 -5.49700179281971943769e-04
87 83 -8.72549580053030588572e-04
87 84 2.08898419716361361627e-04
87 85 -2.59968402394720749914e-04
87 86 -1.11826502176191606812e-03
87 87 8.79871715387930320747e-07
87 88 7.04384754584930324554e+09
87 89 3.06613601074068145752e+10
87 90 1.97064980957694053650e+09
87 91 7.64788196611915683746e+09
87 92 3.91744839825401306152e+10
87 93 9.25842511003068542480e+09
87 94 2.08285255211816062927e+10
87 95 1.26834729774400854111e+09
88 0 3.35847787061763094924e+25
88 1 8.32854792518839523554e+24
88 2 3.25216658375095774117e+25
88 3 -1.66178782203020043945e+12
88 4 -5.19609345437459277344e+12
88 5 1.57872555672004467773e+12
88 6 -2.53164978725575962132e+24
88 7 5.88672381580156733531e+25
88 8 9.85279612511461791992e+10
88 9 -4.17446526218285446167e+10
88 10 2.81614240652034082031e+12
88 11 4.32733820857377868652e+11
88 12 2.76447521969011383057e+10
88 13 1.01658178871088226318e+11
88 14 -4.10039942672509841919e+10
88 15 -6.13237308424004135132e+10
88 16 -5.84614895709250869751e+10
88 17 6.73545075355209732056e+10
88 18 2.43569162302257156372e+10
88 19 -2.91021805265922302246e+11
88 20 -7.45672773044948486328e+11
88 21 -1.06183030830091751099e+11
88 22 -1.59902337823639282227e+11
88 23 -3.74909158893997314453e+12
88 24 -1.65803810630392576255e+25
88 25 -1.00780552087112890625e+12
88 26 9.13209341632651214600e+10
88 27 5.44958923080239391327e+09
88 28 1.29797180573607208252e+11
88 29 -1.52865519301056152344e+11
88 30 2.94396076381306171417e+08
88 31 1.83426797096462585449e+11
88 32 1.49261217728858413696e+10
88 33 -4.82469855028283920288e+10
88 34 -1.81366019574702758789e+11
88 35 4.38910461981044311523e+10
88 36 -4.60379508037416687012e+11
88 37 -7.61330502520763061523e+11
88 38 -1.06070785523638214111e+11
88 39 4.09206904145755624771e+09
88 40 1.23235164519437370300e+10
88 41 2.07933685751255149841e+10
88 42 1.69573704803010940552e+10
88 43 -3.29893297125163221359e+09
88 44 3.87049257645039901733e+10
88 45 -9.54607356751608428955e+10
88 46 -9.12643672309972076416e+10
88 47 -7.25686566189075073242e+11
88 48 7.78765245165703430176e+10
88 49 -2.63383843715799163818e+11
88 50 3.76884573353747749329e+09
88 51 1.71653143625964202881e+11
88 52 -5.48812698321134567261e+10
88 53 5.24748129393455657959e+10
88 54 2.79661913744058656693e+09
88 55 -8.96032806493722839355e+10
88 56 -9.34262939646576995850e+10
88 57 2.88849047282606887817e+09
88 58 4.23614190671933618059e+25
88 59 -2.40096740238806854248e+11
88 60 -1.55528606351852612305e+12
88 61 1.55526339764368133545e+11
88 62 -1.82032261144096313477e+11
88 63 6.45673886037834872715e+25
88 64 5.46444589032896606445e+11
88 65 -3.50163131881361511230e+11
88 66 4.46886566111643737793e+11
88 67 -1.00081230061628875732e+10
88 68 1.45189581453918838501e+10
88 69 -8.02758140493182659149e+09
88 70 -1.44208311987885971069e+10
88 71 3.76236246761714248657e+10
88 72 1.39673686899861106873e+10
88 73 -4.04348746271127685547e+11
88 74 -7.64543940606054840088e+10
88 75 4.06037952081387939453e+10
88 76 -6.56126332966667602539e+11
88 77 -7.38923604729242187500e+11
88 78 -9.31737543409959411621e+10
88 79 3.13420386309034423828e+10
88 80 -4.82312436125699310303e+10
88 81 -1.28168664844302215576e+10
88 82 -4.65193215146543502808e+09
88 83 1.32415099645311756134e+10
88 84 1.18965407124626655579e+10
88 85 6.83895657614473724365e+09
88 86 -2.45383333133647680283e+09
88 87 -7.03848204392756080627e+09
88 88 -4.02429703866594970226e+08
88 89 2.42605768660587120056e+10
88 90 2.99209949824993801117e+09
88 91 5.96526171427290573120e+10
88 92 -6.59382058329865264893e+09
88 93 -1.60560564431303735247e+23
88 94 2.57996946127289352417e+10
88 95 3.47658083327481698990e+09
89 0 2.79370737281214208984e+12
89 1 3.12986043049858496094e+12
89 2 2.58122564285090087891e+11
89 3 -4.38738538754035390625e+13
89 4 1.45410639892128231827e+26
89 5 -4.05682404256002246094e+12
89 6 1.83110169787644360352e+12
89 7 1.46037207644762963867e+12
89 8 2.36298562710827294922e+12
89 9 -1.50724921291828085938e+13
89 10 -1.10788276901968382637e+26
89 11 2.41378170349200195312e+11
89 12 -1.80158666235136572266e+12
89 13 2.25177028712318458557e+10
89 14 -1.40395459085207183838e+11
89 15 3.20612162255865135193e+10
89 16 -5.84455164733645629883e+09
89 17 3.27796482107606201172e+10
89 18 -1.96632090923234329224e+10
89 19 1.07259206164108239746e+12
89 20 7.63235075118480346680e+11
89 21 1.71284016312949218750e+12
89 22 -6.35746551272819824219e+10
89 23 1.15175971153675551559e+26
89 24 -7.25663998014984008789e+11
89 25 6.12042846509479980469e+10
89 26 -1.35896491849099682617e+12
89 27 5.42027034541268157959e+10
89 28 2.21864855342611265182e+09
89 29 -2.35388115876495214844e+12
89 30 -1.26457964147092224121e+11
89 31 2.44240068991836303711e+11
89 32 1.76183505666857849121e+11
89 33 2.40004422933451568604e+11
89 34 -3.18994156010475280762e+11
89 35 1.96445679204994476318e+11
89 36 -1.47155367828193627930e+12
89 37 -2.07167182517996362305e+12
89 38 -1.60427187493027734375e+12
89 39 1.01384412955055656433e+10
89 40 1.18500858782933502197e+10
89 41 -2.15022946016685104370e+10
89 42 2.64675619265105819702e+09
89 43 3.99067395198311996460e+10
89 44 -2.65954073128820533752e+10
89 45 4.46677493404829406738e+10
89 46 5.10188701469631530762e+11
89 47 -2.03073754515101562500e+12
89 48 8.05019979529463989258e+11
89 49 9.69866383140307617188e+09
89 50 -1.54809829453071823120e+10
89 51 1.61455920555929296875e+12
89 52 9.49289681653549766541e+09
89 53 -3.20491849320395088196e+09
89 54 -1.13076774969432697296e+10
89 55 1.80326713315845870972e+09
89 56 -1.01809289057710952759e+10
89 57 -1.57438239828562431335e+10
89 58 1.12939808275569335938e+12
89 59 -4.05707653876357887374e+24
89 60 3.00495797743665283203e+11
89 61 4.99461783492491882324e+11
89 62 6.97098573765223541260e+10
89 63 1.81870504037277758789e+12
89 64 -3.46963955375731598846e+24
89 65 1.67583329098465393066e+11
89 66 1.17389418570074487305e+12
89 67 -4.92299914480442199707e+10
89 68 3.16804188543449020386e+10
89 69 -1.18125370807481269836e+10
89 70 -4.45373941836529541016e+10
89 71 2.95441090841957054138e+10
89 72 2.55072599274009475708e+10
89 73 -7.94635374527673244476e+09
89 74 9.21910187645394897461e+09
89 75 4.80402978413096740723e+11
89 76 3.72235202794247946492e+25
89 77 1.80458277796764718750e+14
89 78 -2.04414090644803710938e+11
89 79 -4.98458017755798110962e+10
89 80 -4.13481643362373657227e+10
89 81 2.19954452534679565430e+10
89 82 3.79527563600929031372e+10
89 83 -5.69938053435409469604e+10
89 84 9.91147309601979827881e+09
89 85 -1.45014974617926101685e+10
89 86 1.72284575744724578857e+10
89 87 -3.06298009405639190674e+10
89 88 -2.37384727762294731140e+10
89 89 -2.00765930977340912819e+09
89 90 4.28040065211753692627e+10
89 91 1.94558761097543449402e+10
89 92 -2.72634035043341827393e+10
89 93 -2.18605663171678638458e+09
89 94 -3.00868981956049868161e+23
89 95 -2.15072532760216979980e+10
90 0 -5.15077877785465049744e+09
90 1 1.51198207757988696289e+12
90 2 1.10189451467415234375e+12
90 3 1.02796494743271443567e+26
90 4 3.12940893285851171875e+13
90 5 -2.14054288879703100586e+12
90 6 3.00801800024851953125e+12
90 7 1.55634177086185668945e+12
90 8 -9.30266359595880004883e+11
90 9 -2.94190028537106079102e+11
90 10 -5.85934314236739501953e+11
90 11 -2.02298100940076241639e+25
90 12 -5.26355135047988574219e+12
90 13 2.78704816540696716309e+11
90 14 1.18885223873368392944e+11
90 15 2.37980580931098022461e+11
90 16 -3.10552125660144958496e+10
90 17 -6.77851029895659561157e+10
90 18 -7.72823806496196441650e+10
90 19 2.52317274336931250000e+12
90 20 6.12290741263091045226e+25
90 21 -2.37837765929728027344e+12
90 22 -6.29468385082583496094e+11
90 23 8.27186008488893432617e+11
90 24 -5.73634061652585449219e+11
90 25 9.72043931978846679688e+11
90 26 3.63032232235842590332e+11
90 27 9.36730296866522827148e+10
90 28 -9.89944903246707064570e+24
90 29 -4.78839717295367965698e+10
90 30 2.22988496638653564453e+11
90 31 3.15092460849434082031e+11
90 32 -4.54461425530412216187e+10
90 33 -9.80691280835250701904e+10
90 34 -4.22693338279610595703e+10
90 35 3.15342625809545440674e+10
90 36 4.52122177141190063477e+11
90 37 5.74975171553362792969e+11
90 38 -3.51143905790736618042e+10
90 39 -4.94168634785729408264e+09
90 40 1.11893910158142929077e+10
90 41 1.17296337506913146973e+10
90 42 -1.82366413817653160095e+10
90 43 -6.22217516481312465668e+09
90 44 -7.83723897847235679626e+09
90 45 -1.18457496674595279694e+10
90 46 -1.22347750400161102295e+11
90 47 5.88043503315010620117e+11
90 48 -9.85827204839729003906e+10
90 49 -5.00008519414869506836e+11
90 50 -3.99814067762130050659e+10
90 51 -1.68215693723691375732e+11
90 52 7.62973272791116180420e+10
90 53 -2.09029391717084999084e+10
90 54 9.72655972521354370117e+10
90 55 -2.31698921484308929443e+10
90 56 8.69942919355184326172e+10
90 57 -1.63537075760086765289e+10
90 58 -1.45204213252628125000e+12
90 59 -1.08717528153600158691e+12
90 60 1.04746725235948696155e+26
90 61 -2.25976259636163879395e+11
90 62 -3.07379709305284179688e+11
90 63 2.54536592902292138672e+12
90 64 -1.24633658159710302734e+12
90 65 6.12159229058230673117e+25
90 66 -3.66353564463438293457e+11
90 67 -1.03433547046830482483e+10
90 68 2.04154306504772109985e+10
90 69 2.18774068366121149063e+09
90 70 3.92172630706304473877e+10
90 71 -2.17669827182185173035e+10
90 72 4.07582105036651382446e+10
90 73 2.22640427851998260498e+11
90 74 4.16873904340847625732e+10
90 75 1.89840203739344253540e+10
90 76 -2.08869399311283721924e+11
90 77 4.75954795897748046875e+11
90 78 1.27147496763577270508e+10
90 79 4.90417048035739183426e+08
90 80 -3.57248699799749755859e+10
90 81 7.42017157384399414062e+08
90 82 2.42530770250638008118e+09
90 83 3.33396515401173210144e+10
90 84 1.57869274094343509674e+10
90 85 -1.87988628446325540543e+09
90 86 2.54393976915805091858e+10
90 87 -1.85823655828421497345e+09
90 88 -4.10072065280424070358e+09
90 89 -4.25470133761635437012e+10
90 90 7.46300739112625867128e+07
90 91 -5.56119751070821685791e+10
90 92 4.28951728109124374390e+10
90 93 -3.80493964662026596069e+10
90 94 -3.51436839562279357910e+10
90 95 -1.37816472270197376418e+23
91 0 -9.43617582854220615925e+25
91 1 2.34098611049422511218e+25
91 2 9.14513000369374076841e+25
91 3 -1.76577606081826464844e+12
91 4 -6.07281492055629760742e+11
91 5 -7.19230246515405816290e+25
91 6 -2.56864311545146914062e+13
91 7 8.45893442051677856445e+11
91 8 5.20299457495168750000e+12
91 9 1.33005630073355310115e+26
91 10 -1.65012371992853750000e+13
91 11 -3.47967779522241699219e+12
91 12 5.45985857270704284668e+11
91 13 -1.39065081656905175781e+12
91 14 3.74980620982728149414e+11
91 15 -9.88944942841991943359e+11
91 16 6.92986526865226562500e+11
91 17 3.03488205009439501953e+12
91 18 -8.37959696945050415039e+11
91 19 -1.64392407933276468380e+26
91 20 7.29736432957819531250e+12
91 21 8.54949847985363037109e+11
91 22 1.14598607595551223755e+11
91 23 3.37326606870755310059e+11
91 24 -4.89487769582533874512e+11
91 25 -9.38236673875839599609e+11
91 26 -3.62895074046339843750e+11
91 27 6.31429457315421987065e+25
91 28 -5.96445795446755004883e+11
91 29 -5.46673420660272399902e+11
91 30 -8.50080941496435668945e+11
91 31 5.10584103364475769043e+11
91 32 4.59314650068669799805e+11
91 33 1.13077780163362701416e+11
91 34 -7.29549682078594055176e+10
91 35 3.52343609354992736816e+11
91 36 -2.68250473113685253906e+12
91 37 -3.72859484778116308594e+12
91 38 -4.22723881756510620117e+11
91 39 -2.83835940429245233536e+09
91 40 2.60680718234773216248e+10
91 41 -4.06960884071191711426e+10
91 42 -2.04857085809967765808e+10
91 43 6.98220810935864410400e+10
91 44 -2.14215892336249008179e+10
91 45 -1.79977452120313034058e+10
91 46 1.34721751169163528442e+11
91 47 -3.71688291158664697266e+12
91 48 1.69576186583787597656e+11
91 49 5.93812941916621337891e+11
91 50 -1.68347748823546943665e+10
91 51 4.10117136462751586914e+11
91 52 1.80941267371360740662e+10
91 53 1.11081278564727516174e+10
91 54 1.43725521768612861633e+10
91 55 -1.16865573372298336029e+10
91 56 1.03100216376177749634e+10
91 57 4.22970223404472255707e+09
91 58 1.93661294466336883545e+11
91 59 -1.41970949311510505676e+10
91 60 2.90650098686119079590e+11
91 61 8.60191395412446899414e+11
91 62 -6.48662113335149444517e+24
91 63 2.67175338262914276123e+11
91 64 1.43958367737338662148e+09
91 65 1.32203843064818359375e+11
91 66 2.26195015410102978516e+12
91 67 -4.09344221289051437378e+10
91 68 6.61477050309122467041e+10
91 69 -3.09634547785411529541e+10
91 70 -3.39809795017412614822e+09
91 71 -8.68595418643447113037e+10
91 72 1.76449196416634917259e+09
91 73 2.04534679941578125000e+11
91 74 1.86205953848623657227e+10
91 75 1.90509162499302124023e+11
91 76 2.41195485779048125000e+14
91 77 -4.98226295034387279318e+25
91 78 -3.15791429947275146484e+11
91 79 3.11790658205102195740e+10
91 80 2.79392395782263488770e+10
91 81 1.89991124583399200439e+10
91 82 5.26483920792147750854e+10
91 83 6.76307057022205734253e+10
91 84 3.33862343746154165268e+09
91 85 1.32879801663748741150e+10
91 86 1.35310088258578701019e+10
91 87 -7.39866679155869197845e+09
91 88 -5.96910529267791137695e+10
91 89 -1.69110021227942256927e+10
91 90 5.36744077841773910522e+10
91 91 -3.90070891557184338570e+08
91 92 2.54973310629452819824e+10
91 93 -1.99449234930268020630e+10
91 94 -9.85293113453960990906e+09
91 95 -3.63348435914136352539e+10
92 0 -1.86358521856000000000e+12
92 1 -1.60524402688000000000e+11
92 2 1.86911608012800000000e+12
92 3 -7.05147651932826171875e+11
92 4 1.84155800417285229492e+12
92 5 -1.11716229666634765625e+12
92 6 6.93297329812485351562e+11
92 7 -3.34768698300984472656e+12
92 8 -2.76933608560968171782e+26
92 9 3.66880719905528466797e+12
92 10 -5.18715464183685119629e+11
92 11 -2.16127429055626660156e+12
92 12 1.31936026624000000000e+12
92 13 7.81057798194406372070e+11
92 14 -1.70184553860602539062e+12
92 15 3.47333749529668334961e+11
92 16 1.07234323892730456543e+12
92 17 1.08613874102739685059e+11
92 18 -1.40633961703138183594e+11
92 19 -3.54581801465345556641e+12
92 20 -5.21123996108852416992e+11
92 21 1.98488567709244781494e+11
92 22 2.70461325967569885254e+11
92 23 1.52740630395761401367e+12
92 24 -2.22632586405327392578e+11
92 25 -1.33143986176000000000e+11
92 26 9.56435529728000000000e+11
92 27 1.45321186194569604492e+12
92 28 1.11859519090152404785e+11
92 29 -2.76488519680000000000e+11
92 30 -1.21643739765432006836e+11
92 31 1.77903458634596984863e+11
92 32 -1.08869732917386413574e+12
92 33 -3.63005896531122558594e+11
92 34 -6.89608864061638061523e+11
92 35 2.51852810739425842285e+11
92 36 1.31797117422736747499e+26
92 37 1.96505417613252717372e+26
92 38 -4.46676598784000000000e+11
92 39 -1.10375126056694015503e+11
92 40 1.72478633538872833252e+11
92 41 4.75395065264951171875e+10
92 42 -2.10715727758988433838e+11
92 43 5.84217902041531982422e+10
92 44 -6.46421531315191040039e+10
92 45 -1.31012085866513476562e+12
92 46 -7.53718781023213195801e+10
92 47 1.90897988498647418594e+26
92 48 -1.80281252249600000000e+12
92 49 -4.64930209792000000000e+11
92 50 1.69114337280000000000e+11
92 51 5.99147937792000000000e+11
92 52 -1.66299773401634349823e+10
92 53 2.26910054656964996338e+11
92 54 -1.20031174264665115356e+11
92 55 -3.18455652695512878418e+11
92 56 1.48334679876513403320e+12
92 57 3.49775062641016311646e+10
92 58 4.55666171035897033691e+11
92 59 -3.07358758401769447327e+10
92 60 -3.05924696237528320312e+11
92 61 -4.58864136394477154012e+25
92 62 -7.87504521300690307617e+10
92 63 6.52508773166965576172e+11
92 64 -4.65216312241244964600e+10
92 65 -2.81406156298231811523e+11
92 66 -1.14809423614627344332e+26
92 67 1.11356828353926315308e+11
92 68 2.28862624534031448364e+10
92 69 -8.47425282959625854492e+10
92 70 1.26584009226510330200e+11
92 71 8.00426182191134796143e+10
92 72 -8.00427998876138458252e+10
92 73 3.77326872794754714966e+10
92 74 2.28714906444566345215e+11
92 75 9.66367641600000000000e+10
92 76 9.83577855471895263672e+11
92 77 -8.32855626586701660156e+11
92 78 1.95037296574836007586e+25
92 79 -9.16035993600000000000e+09
92 80 -2.14748364800000000000e+09
92 81 2.68435456000000000000e+10
92 82 -4.92496636443683776855e+10
92 83 4.10754436019546203613e+10
92 84 2.01728752797329330444e+09
92 85 3.23456244021554489136e+10
92 86 -8.98508505325632019043e+10
92 87 -4.02074314272540283203e+10
92 88 6.97050448755404472351e+09
92 89 2.65099825551412620544e+10
92 90 -4.34517904998824081421e+10
92 91 -2.47439418802157516479e+10
92 92 -2.68435456000000000000e+09
92 93 -8.73724934725272941589e+09
92 94 2.47468963009969444275e+10
92 95 -2.45228111930757789612e+10
93 0 5.09689075584579016474e+25
93 1 1.26395648757702133956e+25
93 2 4.93555069759690049438e+25
93 3 -1.32953824045473754883e+12
93 4 -4.03146056262273193359e+11
93 5 2.61755991797762353516e+12
93 6 -3.73513588949047809409e+24
93 7 8.94623293630123759024e+25
93 8 -5.35440421516111755371e+11
93 9 -6.15005424194186157227e+11
93 10 -1.41938606182301562500e+12
93 11 4.17493504142546203613e+11
93 12 -7.00278375730598068237e+09
93 13 1.54707535717520812988e+11
93 14 -7.02096837400382843018e+10
93 15 -1.01567511851776275635e+11
93 16 -8.66152105302900695801e+10
93 17 9.46431892248855895996e+10
93 18 4.13830423850510330200e+10
93 19 2.41956564691640747070e+11
93 20 -4.04092522366484313965e+11
93 21 -5.03324292437870300293e+11
93 22 3.49920077316797332764e+10
93 23 2.62712807694991271973e+11
93 24 -2.54467276144680391483e+25
93 25 -1.20987891209776269531e+12
93 26 3.69138146982997619629e+11
93 27 -2.49144605490919372559e+11
93 28 5.67664272364209289551e+10
93 29 -1.91637425888479728699e+10
93 30 3.66023381330801427364e+08
93 31 2.79057715218946838379e+11
93 32 2.23295145188577423096e+10
93 33 -7.34987748391414794922e+10
93 34 -2.75592640691627746582e+11
93 35 6.67597226284195175171e+10
93 36 -4.01354181846509094238e+11
93 37 -6.17164767213098999023e+11
93 38 -2.12373728747973785400e+10
93 39 1.01513723297095146179e+10
93 40 1.28832805468278293610e+10
93 41 1.67503429766947746277e+10
93 42 2.11388376566319923401e+10
93 43 -6.15585616569572162628e+09
93 44 6.74574866077446746826e+10
93 45 6.22186465707250747681e+10
93 46 -4.50985465943737487793e+11
93 47 -6.11831258904381469727e+11
93 48 -3.23961789832883262634e+09
93 49 -5.29618924865239807129e+11
93 50 -3.32189175772470057011e+08
93 51 1.07629965176470932007e+11
93 52 -8.20857483460413513184e+10
93 53 8.68581484331838226318e+10
93 54 5.97486339492844581604e+09
93 55 -1.40730269035602691650e+11
93 56 -1.41665614060032043457e+11
93 57 1.31349468553297824860e+10
93 58 6.43888641804940394921e+25
93 59 -5.82275269468868652344e+11
93 60 -1.08747974084077807617e+12
93 61 1.23236793456431396484e+11
93 62 -2.65716607765619293213e+11
93 63 9.81409752524616655857e+25
93 64 6.44262499981002563477e+11
93 65 2.04163408193137176514e+11
93 66 3.38256174220778808594e+11
93 67 -1.51618364958504600525e+10
93 68 2.19679395511299324036e+10
93 69 -1.20360270552653293610e+10
93 70 -2.12859207505295448303e+10
93 71 5.73572681115400619507e+10
93 72 2.12674140104114189148e+10
93 73 -1.65427709778666931152e+11
93 74 3.58080013078798675537e+10
93 75 -2.19111808035165977478e+10
93 76 3.10367040282961364746e+11
93 77 -8.64910265732707061768e+10
93 78 -5.35692043069810485840e+10
93 79 2.15144042101083450317e+10
93 80 2.30684642754078292847e+10
93 81 2.52448745638083190918e+10
93 82 -9.36475804852676010132e+09
93 83 1.67490558926446552277e+10
93 84 2.56546447549467010498e+10
93 85 1.03508582098312168121e+10
93 86 -4.33654159757160282135e+09
93 87 -9.32483837053745841980e+09
93 88 1.60560564431304372781e+23
93 89 1.62896047301879763603e+09
93 90 3.81516705760071716309e+10
93 91 1.95100884360974540710e+10
93 92 8.52627878257032966614e+09
93 93 -4.16202993647059202194e+08
93 94 -8.81662013672969245911e+09
93 95 2.28822971466170043945e+10
94 0 -2.57847009219960479736e+11
94 1 1.48836432107992382812e+12
94 2 1.41828168310712084961e+12
94 3 -3.33333535255496796875e+13
94 4 1.14598802431285591481e+26
94 5 -4.49074799328075683594e+12
94 6 1.50348342098046679688e+12
94 7 -1.96501001734717712402e+11
94 8 -4.25711048521626708984e+11
94 9 -9.46905570469276562500e+12
94 10 -8.72245454298388844302e+25
94 11 -5.52965525847178344727e+10
94 12 -1.83620941090259643555e+12
94 13 1.76323756225897560120e+10
94 14 -1.10679237341891265869e+11
94 15 2.55459245106066360474e+10
94 16 -4.13643505657958841324e+09
94 17 2.62855844005495758057e+10
94 18 -1.52248297666938056946e+10
94 19 -2.11087959005865942383e+12
94 20 1.34296301297610522461e+12
94 21 1.25124087170192578125e+12
94 22 -1.32570864732012405396e+11
94 23 9.09286807562639650356e+25
94 24 -1.98319850155811981201e+11
94 25 -4.44418578400011230469e+11
94 26 -1.17653715972383520508e+12
94 27 1.17496927783375073242e+12
94 28 -1.17637352073723419189e+11
94 29 -3.11440856560805053711e+11
94 30 -9.91538720510060119629e+10
94 31 1.91300256724985748291e+11
94 32 1.38741032164108337402e+11
94 33 1.90082559727363891602e+11
94 34 -2.51216358453354827881e+11
94 35 1.54766133566767181396e+11
94 36 -6.27273931750738677979e+10
94 37 -1.77909000080563583374e+10
94 38 -1.51746755690947631836e+11
94 39 8.09850390868673419952e+09
94 40 8.64080815343587684631e+09
94 41 -1.82558487082928085327e+10
94 42 3.22670963086896085739e+09
94 43 3.10803488526998634338e+10
94 44 -2.10692335043720703125e+10
94 45 -1.77454457903908500671e+10
94 46 2.68705632047519409180e+11
94 47 -1.67188668205648956299e+10
94 48 7.34792870213502349854e+10
94 49 3.14893683562213073730e+11
94 50 -9.19277289721823120117e+10
94 51 1.60330584631633697510e+11
94 52 7.44885199950987243652e+09
94 53 -2.87877869161540079117e+09
94 54 -9.39179184070765495300e+09
94 55 1.54866740793802738190e+09
94 56 -8.10522287531223106384e+09
94 57 -1.24355518525390205383e+10
94 58 -7.98394109602882690430e+10
94 59 -3.13899112166206002849e+24
94 60 1.50497104873839062500e+12
94 61 1.14040590550939140320e+10
94 62 -6.30261442272631835938e+10
94 63 -4.51452603583671646118e+10
94 64 -2.67570808405509148561e+24
94 65 8.71945855760254516602e+11
94 66 -2.76420419332993507385e+09
94 67 -3.94807415148390655518e+10
94 68 2.60592853548211517334e+10
94 69 -8.09939493313471698761e+09
94 70 -3.62235446217040023804e+10
94 71 2.36405548934971084595e+10
94 72 1.94215163854384422302e+10
94 73 3.40581797221242858887e+11
94 74 -2.78957569018199491501e+09
94 75 9.73929268625439910889e+10
94 76 3.36761805878682399036e+25
94 77 1.62383791058899250000e+14
94 78 -1.41296236477874546051e+10
94 79 3.16768312597873115540e+10
94 80 -1.60228113967691345215e+10
94 81 2.71578777195883712769e+10
94 82 2.82182851628201637268e+10
94 83 -4.44243160609166717529e+10
94 84 4.87279453931774616241e+09
94 85 -1.79218692039656600952e+10
94 86 1.32464684743487625122e+10
94 87 -2.02526803210186538696e+10
94 88 -2.62107981541001434326e+10
94 89 3.00868981956050035933e+23
94 90 3.43266178253805313110e+10
94 91 1.10634988102759418488e+10
94 92 -2.47834068096669044495e+10
94 93 8.71069019030819129944e+09
94 94 1.62313692928471302986e+09
94 95 -2.39921630536171493530e+10
95 0 -7.72042676407625122070e+10
95 1 8.69971476447369750977e+11
95 2 7.37155269216684814453e+11
95 3 5.98693570864689906775e+25
95 4 1.49529940136623691406e+13
95 5 -1.31276078112872949219e+12
95 6 1.75223906633732910156e+12
95 7 9.07874506488226928711e+11
95 8 -5.01830893268727355957e+11
95 9 -5.93443222633086967468e+09
95 10 2.18612132767455566406e+12
95 11 -1.17217706669044811421e+25
95 12 -3.06044070808062988281e+12
95 13 1.61881207427692535400e+11
95 14 7.19174817170647583008e+10
95 15 1.33414795043278305054e+11
95 16 -1.72053874274867172241e+10
95 17 -4.06507705169428176880e+10
95 18 -4.18760696689972457886e+10
95 19 1.27690219579426171875e+12
95 20 3.57871247459986313860e+25
95 21 -8.39384229071414062500e+11
95 22 -4.08872724054317321777e+11
95 23 -2.08054502183832470703e+12
95 24 -3.39783836101713134766e+11
95 25 7.51678913000328979492e+11
95 26 2.68607792352085876465e+11
95 27 1.56111811767761962891e+11
95 28 -5.86199147102259135277e+24
95 29 4.03064714646817493439e+09
95 30 1.30381316084564071655e+11
95 31 1.83618209459201751709e+11
95 32 -2.69307815278312606812e+10
95 33 -5.78749480046439208984e+10
95 34 -2.43353752804975738525e+10
95 35 1.80747540354336166382e+10
95 36 2.45544859777812957764e+11
95 37 3.01944526870647705078e+11
95 38 1.12271136451945877075e+09
95 39 7.85074163377514076233e+09
95 40 8.90825469800983369350e+07
95 41 -3.93015914417281866074e+08
95 42 -1.06672514971672115326e+10
95 43 -1.06463646418486862183e+10
95 44 8.21107273581253719330e+09
95 45 -2.82723124649466781616e+10
95 46 2.95223953650540771484e+11
95 47 3.02176783346994628906e+11
95 48 -6.71243172377399291992e+10
95 49 -4.89095093629316650391e+11
95 50 -1.47470023882394409180e+10
95 51 -1.31701882188036361694e+11
95 52 4.41802802269565658569e+10
95 53 -1.05107441974212779999e+10
95 54 5.20514589317058639526e+10
95 55 -7.32502667605018043518e+09
95 56 5.28849568357239151001e+10
95 57 -1.40793320194468421936e+10
95 58 -8.41742065834933227539e+11
95 59 -5.33876049574007873535e+11
95 60 6.10728615457543562461e+25
95 61 -1.22748796459009933472e+11
95 62 -1.72743525102123870850e+11
95 63 1.49626029003038110352e+12
95 64 -6.39325591205084838867e+11
95 65 3.56918919917240782967e+25
95 66 -2.18830038092628570557e+11
95 67 -6.04452171516128635406e+09
95 68 1.14824672839897918701e+10
95 69 1.17142027991244339943e+09
95 70 2.21728504158317031860e+10
95 71 -1.27798259985692443848e+10
95 72 2.36560986438540229797e+10
95 73 4.40445980757362121582e+11
95 74 -7.64025322376630973816e+09
95 75 1.49693571087139701843e+10
95 76 -2.78599447612203796387e+11
95 77 -5.72747920410054931641e+11
95 78 1.14918328312347908020e+10
95 79 1.05833271385354747772e+10
95 80 -1.15446532834810333252e+11
95 81 -5.70260257344424057007e+09
95 82 1.40553538148093962669e+09
95 83 1.95122755286577186584e+10
95 84 9.67203397120270919800e+09
95 85 -1.43906562260037779808e+09
95 86 1.48619776633222045898e+10
95 87 -1.30262219505705952644e+09
95 88 -3.77692197486648511887e+09
95 89 2.05786376407335281372e+10
95 90 1.37816472270197745517e+23
95 91 3.68780081660770874023e+10
95 92 2.41230782059954757690e+10
95 93 -2.36462955958395652771e+10
95 94 2.46993546146955032349e+10
95 95 -2.06105389183418154716e+08
