2304
48 0 -1.92278321944928221921e+22
48 1 3.59009938313535477636e+26
48 2 -9.19198213680075973203e+25
48 3 -3.66702883777593408203e+12
48 4 -1.77595751978771728516e+12
48 5 1.36944680336062670898e+12
48 6 1.76823918147402807617e+12
48 7 -3.02523359604389038086e+10
48 8 -3.73662154752000000000e+11
48 9 -4.91535397200488159180e+11
48 10 -2.79424696417940917969e+12
48 11 -3.74636053961643203125e+13
48 12 1.71396209875486809753e+26
48 13 3.10515163196237915039e+11
48 14 -2.41142903496684844971e+11
48 15 -6.26690879357265380859e+11
48 16 1.28758660792861987305e+12
48 17 1.22151168061872729492e+12
48 18 -4.89747873501777832031e+11
48 19 2.18610398233917907715e+11
48 20 6.76445892011717407227e+11
48 21 -4.03729380918626464844e+11
48 22 -7.10890312384322357178e+10
48 23 -6.96635839108383300781e+11
48 24 2.47391098287596679688e+11
48 25 -7.45606322585600000000e+12
48 26 -1.75019917312000000000e+12
48 27 1.32467608617455053711e+12
48 28 -1.16865012617117822266e+12
48 29 -4.00380005497553663432e+26
48 30 2.62208671759421777344e+12
48 31 1.86744981622509301758e+12
48 32 -1.26127048811826328125e+13
48 33 3.97000941985336181641e+12
48 34 -4.45949174992965332031e+12
48 35 4.95644479309005957031e+12
48 36 -1.22836064665600000000e+12
48 37 2.33968343449600000000e+12
48 38 -3.66897669348982681357e+26
48 39 7.08681792404940063477e+11
48 40 5.30541110346583007812e+11
48 41 1.97581830063970550537e+11
48 42 -8.94746047512023559570e+11
48 43 -7.35525357111533325195e+11
48 44 4.90784048643546582031e+12
48 45 -1.70250140866532043457e+11
48 46 -3.89556316187782775879e+11
48 47 8.16043786240000000000e+10
48 48 -3.43597383680000000000e+10
48 49 -5.71230650368000000000e+11
48 50 6.08476069888000000000e+11
48 51 2.08178627331900011977e+26
48 52 -4.28771382239684753418e+11
48 53 1.12369356100100781250e+12
48 54 -1.27757457929055366516e+10
48 55 -9.99116757001197631836e+11
48 56 -1.43289903954874951172e+12
48 57 1.88082612419140966797e+12
48 58 -3.80575236962277954102e+11
48 59 -2.50744290984040710449e+11
48 60 6.34454974722356567383e+10
48 61 1.02327595827200000000e+12
48 62 -5.35186032651374588013e+10
48 63 -9.84315683845693054199e+10
48 64 1.65920527031385421753e+10
48 65 2.25982424142656738281e+11
48 66 -5.23127016652800000000e+12
48 67 -4.96089548178009155273e+11
48 68 -6.78585192010937805176e+10
48 69 -8.31614322734519195557e+09
48 70 -1.97225057935693725586e+11
48 71 -1.30002284698337097168e+11
48 72 3.77407891860570144653e+09
48 73 -1.02221694701579199219e+12
48 74 -1.77794715038256176758e+12
48 75 -1.76304768919484890020e+26
48 76 4.26057809649640686035e+11
48 77 -5.82398547375452026367e+11
48 78 5.04229160550400000000e+12
48 79 -9.00466737152000000000e+11
48 80 -3.91701017395200000000e+12
48 81 1.67994149932086488828e+26
48 82 -7.29317926288076171875e+10
48 83 -9.93421919876339874268e+10
48 84 -7.22389275586829223633e+11
48 85 -7.56767912984339233398e+11
48 86 2.04141110824458740234e+11
48 87 5.97997266787230834961e+11
48 88 -8.11624427482645874023e+10
48 89 -8.04390375427096435547e+11
48 90 1.00493069039776260376e+11
48 91 -1.69159147467532653809e+11
48 92 1.81462368256000000000e+12
48 93 -3.42746284207460021973e+09
48 94 -7.33872257203550415039e+10
48 95 6.14127947975870208740e+10
49 0 -1.70081066674574249268e+11
49 1 -1.36668126060377832031e+12
49 2 9.28353531916753784180e+11
49 3 4.00733953203457275391e+11
49 4 1.09477871213941760254e+12
49 5 -5.39770451031007568359e+11
49 6 -8.65450116151303710938e+10
49 7 -1.08066392798478927612e+11
49 8 8.31347728812458129883e+11
49 9 1.37800478195478100586e+12
49 10 3.43163283335482177734e+11
49 11 -3.42507179379208374023e+11
49 12 -4.88278054510879516602e+11
49 13 -5.75622544324632568359e+11
49 14 1.24498732988103881836e+12
49 15 -4.30343194613272521973e+11
49 16 2.03943426166878112793e+11
49 17 5.74459448209953002930e+11
49 18 1.83208805702685449219e+12
49 19 1.39634230944815869141e+12
49 20 -5.18156866555949584961e+11
49 21 3.23182811091084716797e+12
49 22 -4.35352068863578515625e+12
49 23 -3.56355460226173339844e+12
49 24 9.57919655495841250000e+13
49 25 -1.28500824260801805742e+27
49 26 -3.34146448099205472628e+26
49 27 -3.42953215809122900391e+12
49 28 -5.29245046004105175781e+12
49 29 4.43559112041343945312e+12
49 30 1.30663730551015625000e+12
49 31 -8.24300439483245605469e+11
49 32 -3.85843099335253808594e+12
49 33 7.28973828467612548828e+11
49 34 1.23142269891991406250e+12
49 35 2.48979342829101074219e+12
49 36 6.62980941970019042969e+11
49 37 1.57044622356909942627e+11
49 38 2.21233629112153466797e+12
49 39 1.70592897522925811768e+11
49 40 4.20009587244762390137e+11
49 41 -4.25984461349394531250e+11
49 42 -1.73144912584710296631e+11
49 43 2.35870107781666076660e+11
49 44 1.34916766962380676270e+11
49 45 4.86267906429631729126e+10
49 46 2.79417317762647766113e+11
49 47 1.76062722805673522949e+11
49 48 5.62602961010946166992e+11
49 49 -7.33246529398679199219e+10
49 50 -1.82979210229254058838e+11
49 51 -8.75377544500556030273e+11
49 52 -1.07148995532933410645e+12
49 53 -2.47750649552290687561e+10
49 54 1.42381231610941528320e+11
49 55 -9.64582227033789367676e+10
49 56 -3.09120735504681091309e+10
49 57 1.73241559161724945068e+11
49 58 -1.64662567279600486755e+10
49 59 8.54605191880081787109e+10
49 60 2.99383881936465637207e+11
49 61 -3.49251493702927001953e+11
49 62 1.63902183138165039062e+11
49 63 9.44321203404824676514e+10
49 64 -2.79825647648436164856e+10
49 65 -1.58279435713203460693e+11
49 66 -1.14038302423981445312e+12
49 67 1.73061014731695343018e+11
49 68 2.34126305123732116699e+11
49 69 -3.41191107861408386230e+11
49 70 1.86844452775326721191e+11
49 71 -1.79870236866615447998e+11
49 72 -1.81876324205018035889e+11
49 73 -1.40779652592507133484e+10
49 74 -4.55550413063489746094e+11
49 75 1.30909905054681274414e+12
49 76 -4.45480611585770812988e+11
49 77 9.88938109899266357422e+11
49 78 5.99049254499032592773e+10
49 79 -3.02917402461913370067e+24
49 80 -7.44048453958554113179e+26
49 81 7.17099957531421386719e+11
49 82 -5.85458635304276275635e+10
49 83 -2.82004790647240234375e+11
49 84 9.56357273020736938477e+11
49 85 -2.76307359479962280273e+11
49 86 -3.72378777035230712891e+11
49 87 2.21501641223370056152e+11
49 88 2.56940656003494171143e+11
49 89 3.67075699096578979492e+09
49 90 4.99640824497736450195e+11
49 91 -6.18814901914703369141e+11
49 92 4.65341522399597778320e+11
49 93 5.33107526123988708496e+11
49 94 -3.12311692527894042969e+11
49 95 4.77437743620671508789e+11
50 0 -1.04556077375931976318e+11
50 1 1.19348199800671972656e+12
50 2 8.63480603115125366211e+11
50 3 -5.47193175702833312988e+11
50 4 -6.93810691519881958008e+11
50 5 -6.21038749827937744141e+11
50 6 -1.76931292759151550293e+11
50 7 3.38457651149254333496e+11
50 8 -4.34416942511655908203e+12
50 9 1.74462108985248260498e+11
50 10 1.10280118152894555664e+12
50 11 -4.90280761056286010742e+10
50 12 1.24401663403316528320e+12
50 13 2.87262373339927832031e+12
50 14 2.13246936532248803711e+12
50 15 -4.93892667977852966309e+11
50 16 1.01957880569714819336e+12
50 17 -5.45869877858762451172e+11
50 18 6.25117205994660522461e+11
50 19 1.13505048609303393555e+12
50 20 3.15382102425323339844e+12
50 21 -5.52089071847619750977e+11
50 22 -2.11932051028416455078e+12
50 23 -1.40373145724693007812e+13
50 24 -2.97775048814451328125e+13
50 25 3.34146448099205335189e+26
50 26 -1.28500824260801723279e+27
50 27 -2.54347653538447851562e+12
50 28 -2.87695848711917663574e+11
50 29 1.35222506913711303711e+12
50 30 -1.28899972418158056641e+12
50 31 -1.01229059346262054443e+11
50 32 -5.41363266557790136719e+12
50 33 -3.26471741625108837891e+12
50 34 -7.91595878666604248047e+11
50 35 3.23923250691253540039e+11
50 36 -8.26407832025867553711e+11
50 37 1.24649223860359771729e+11
50 38 2.69091807599123352051e+11
50 39 2.87271518791007812500e+11
50 40 3.53399569734011779785e+11
50 41 -8.45929119556617279053e+10
50 42 3.98278692883309265137e+11
50 43 6.76265655662024047852e+11
50 44 5.80610124947592407227e+11
50 45 -3.93709009578657913208e+09
50 46 -2.42356901023403167725e+10
50 47 6.53285753477471237183e+10
50 48 -6.17802470209418945312e+11
50 49 1.80395756946188262939e+11
50 50 1.21345936362907165527e+11
50 51 4.19281287780026550293e+11
50 52 7.58528325355199096680e+11
50 53 -4.76925016097516536713e+09
50 54 -1.11562486546892349243e+11
50 55 -2.16073872959607330322e+11
50 56 -2.21534733478956642151e+10
50 57 1.49198366802964965820e+11
50 58 -1.43252120026676757812e+11
50 59 1.12450900388789779663e+11
50 60 1.55172844090777397156e+10
50 61 -2.54399876387535552979e+11
50 62 -1.43109084292944305420e+11
50 63 1.19441103720131027222e+11
50 64 1.25877901969344268799e+11
50 65 -5.80658391829934310913e+10
50 66 7.71475978027498413086e+11
50 67 -1.71235393348503246307e+10
50 68 -3.67816541146117544174e+09
50 69 1.22615911579068511963e+11
50 70 -4.62177059121043273926e+11
50 71 3.29537836240619945526e+09
50 72 4.21215380619542922974e+10
50 73 -1.65416358846786224365e+11
50 74 1.32631156655137109375e+12
50 75 -2.90996464244911621094e+11
50 76 4.50213787589259948730e+11
50 77 3.01123233682266174316e+11
50 78 -5.53695885071619262695e+11
50 79 7.44048453958555075252e+26
50 80 -3.02917402461885613841e+24
50 81 3.62790679694111022949e+11
50 82 4.39549328232373291016e+11
50 83 2.39374739403345756531e+10
50 84 -1.05278445738127975464e+10
50 85 -7.80066952528706665039e+11
50 86 9.94410919201857421875e+11
50 87 1.09125955170215148926e+12
50 88 5.88688668111241912842e+09
50 89 8.74965290346738624573e+09
50 90 7.82749007681442108154e+10
50 91 5.36139278789011573792e+09
50 92 -1.61188714532913299561e+11
50 93 2.70464035489699897766e+10
50 94 8.74769313023237915039e+10
50 95 1.57249659933143062592e+10
51 0 -1.42732240922150227149e+22
51 1 2.66500625192337243608e+26
51 2 -6.82340159640598566006e+25
51 3 -2.37474079670439355469e+12
51 4 -1.26607095193263818359e+12
51 5 9.86540027098395996094e+11
51 6 1.03990602240033618164e+12
51 7 -4.25151990556530151367e+10
51 8 -2.49108103168000000000e+11
51 9 -8.40603730754215087891e+11
51 10 -3.25785915990047363281e+12
51 11 -4.10647228688349218750e+13
51 12 1.86234444383504077517e+26
51 13 1.46965666303095275879e+11
51 14 -3.63550165619753601074e+11
51 15 -6.43083589791843017578e+11
51 16 1.22377425719769262695e+12
51 17 1.34032294561838305664e+12
51 18 -5.42284386439951232910e+11
51 19 3.33435638782991943359e+11
51 20 6.69070497788638183594e+11
51 21 6.17678709021376342773e+10
51 22 -9.12489612582673950195e+10
51 23 -6.18563981894838623047e+11
51 24 2.71645595063168945312e+11
51 25 -1.71798691840000000000e+12
51 26 -5.92705486848000000000e+11
51 27 7.26712880548804809570e+11
51 28 -7.25967728051784667969e+11
51 29 -2.24504534144692937051e+26
51 30 1.42940112014694287109e+12
51 31 1.03725677480170922852e+12
51 32 -6.94022604845662304688e+12
51 33 2.16647146906244531250e+12
51 34 -2.71984476689864062500e+12
51 35 2.51656397243648242188e+12
51 36 4.89626271744000000000e+11
51 37 4.93921239040000000000e+10
51 38 -3.17364696360836317248e+26
51 39 6.81667059819932373047e+11
51 40 4.34182463792409667969e+11
51 41 2.16155228709749877930e+11
51 42 -5.84824303998517822266e+11
51 43 -4.94286474767861938477e+11
51 44 4.18550826663491015625e+12
51 45 -7.38564528820017395020e+10
51 46 -4.88238415002449951172e+10
51 47 -2.53403070464000000000e+12
51 48 -2.08178627331900011977e+26
51 49 8.76173328384000000000e+11
51 50 -4.19296182272000000000e+11
51 52 -1.42220908675464172363e+11
51 53 4.30324543943892822266e+10
51 54 3.69082475564158248901e+09
51 55 3.16942698870844848633e+11
51 56 -8.11619621911378173828e+10
51 57 -9.38606149768932495117e+10
51 58 1.65341150818346954346e+11
51 59 -4.12191624407707443237e+10
51 60 -6.99362130283429412842e+10
51 61 -2.14748364800000000000e+09
51 62 -1.97585227718963562012e+11
51 63 -1.49459806179481872559e+11
51 64 -1.14116018358052795410e+11
51 65 -2.73528004903163391113e+11
51 66 1.01361228185600000000e+12
51 67 -1.21791712630817456055e+12
51 68 -1.50545583537093009949e+10
51 69 -2.05982736853403991699e+11
51 70 -2.44191946987210327148e+11
51 71 -1.66348956862512451172e+11
51 72 -9.45616645360568847656e+10
51 73 1.07498186195682055664e+12
51 74 -4.71423457426124816895e+11
51 75 -4.56564661631679031729e+26
51 76 4.86438305498563964844e+11
51 77 -7.83720667431451721191e+10
51 78 -4.72446402560000000000e+11
51 79 1.50860726272000000000e+11
51 80 -2.23338299392000000000e+11
51 81 3.37474906532322792668e+26
51 82 -2.46494353637725891113e+11
51 83 -8.07902224420509338379e+10
51 84 -1.44552995985574902344e+12
51 85 -1.47488691287031542969e+12
51 86 3.34960934707382324219e+11
51 87 1.19100096260077587891e+12
51 88 -1.91266472517492889404e+11
51 89 -1.61461165284727539062e+12
51 90 1.80492099581310974121e+11
51 91 -4.09936149302785827637e+11
51 92 -5.92705486848000000000e+11
51 93 -1.09617748258073883057e+11
51 94 -1.59216408501968841553e+11
51 95 1.16023244505892074585e+11
52 0 -2.13381021197321414948e+09
52 1 -3.18975097395712463379e+11
52 2 2.00905421897396621704e+10
52 3 3.70461612572864532471e+10
52 4 -5.30892742269084548950e+09
52 5 1.56395325637227935791e+10
52 6 4.15682515824467773438e+10
52 7 -1.15609532370531597137e+10
52 8 3.81990325052672576904e+09
52 9 -4.40070762510130844116e+10
52 10 -1.41085604353716278076e+09
52 11 -3.87724668013831710815e+10
52 12 -2.65303869462157531738e+11
52 13 1.51768762066439594910e-03
52 14 -3.52209897022110135847e-03
52 15 1.88114309311121019955e-03
52 16 -2.08338857432785982959e-03
52 17 -6.04702239938088165205e-03
52 18 -3.74413964719091029928e-03
52 19 4.51525860243454055786e+10
52 20 -5.46085556710598068237e+10
52 21 -7.29405371470116424561e+10
52 22 1.81894547281436279297e+11
52 23 -6.98862818745202827454e+09
52 24 -8.59955939482884521484e+10
52 25 3.11438219600112304688e+12
52 26 7.11809819939595336914e+11
52 27 -2.50403647601691207886e+10
52 28 5.19226647748800048828e+10
52 29 1.89790826466348632812e+11
52 30 -2.13185444425875604153e+08
52 31 4.67307620563045120239e+09
52 32 1.67365978692407870293e+09
52 33 2.26314034333220809698e+08
52 34 2.97974627633452527225e+07
52 35 2.76442494069641223177e+06
52 36 -1.69083925658505096436e+10
52 37 2.01151655717876014709e+10
52 38 4.03463078299760375977e+11
52 39 -1.68147413423692547105e-03
52 40 -2.09229972913242256299e-03
52 41 9.86591205390374183237e-04
52 42 1.17786194292480192285e-03
52 43 2.31893452965139162730e-04
52 44 -4.99998370878234656145e-03
52 45 1.58220084039554656982e+11
52 46 -3.15765265329551239014e+10
52 47 1.88302521493126296997e+09
52 48 4.29002394802026977539e+11
52 49 1.07227893333412219238e+12
52 50 -7.58796998327102416992e+11
52 51 1.42260149587588745117e+11
52 52 -2.50860250455922108564e-06
52 53 4.50531256288608933369e-04
52 54 -9.90341204478103500058e-05
52 55 -1.10429489721647258044e-03
52 56 -1.32592787657217180131e-03
52 57 6.10702435682030893641e-04
52 58 -4.54029700882718658447e+09
52 59 -1.90480053999044013023e+09
52 60 -1.47466677925049996376e+09
52 61 4.87750793370182800293e+09
52 62 -2.18850841668817424774e+09
52 63 -7.33429872452799129486e+09
52 64 -1.67624784506166172028e+09
52 65 -7.23399056882793784142e+08
52 66 -4.48390890981957550049e+10
52 67 4.35382682290312945843e+07
52 68 2.18732841942908620834e+09
52 69 5.63683085599970221519e+08
52 70 -6.93694559381956815720e+08
52 71 5.11554773462026655674e+08
52 72 3.73764573857588469982e+08
52 73 -1.49430109187088195801e+11
52 74 -2.08047770477680572510e+11
52 75 8.16834186666681640625e+11
52 76 -1.31877736744124710083e+11
52 77 2.24204080255805358887e+11
52 78 4.15517773250974731445e+10
52 79 8.18915624354262695312e+11
52 80 2.85404002786252587891e+12
52 81 -5.80316416647767089844e+11
52 82 9.24027445269805192947e+06
52 83 2.76726049392150007188e+07
52 84 3.78108909629278659821e+08
52 85 4.08531587464518487453e+08
52 86 2.82347010801692306995e+08
52 87 5.28678939610188484192e+08
52 88 5.56012687661708221436e+10
52 89 -9.56689943122022247314e+09
52 90 -7.59897600326833190918e+10
52 91 -1.82073961266827888489e+10
52 92 1.66663569217749671936e+10
52 93 8.13330435631161956787e+10
52 94 -7.52348258669504070282e+09
52 95 -4.47000525707640457153e+10
53 0 2.87058073155752182007e+10
53 1 1.36092905341345800781e+12
53 2 -3.33323086894211853027e+11
53 3 -1.09119290686165475845e+09
53 4 2.76098146070153465271e+10
53 5 2.73469935555376946926e+08
53 6 -3.48671622039395675659e+10
53 7 -4.34262203207676601410e+09
53 8 3.47716415448168212891e+11
53 9 -8.44786280265162372589e+09
53 10 -1.69708962763504447937e+10
53 11 7.92063439576970005035e+09
53 12 9.62901357259287353516e+11
53 13 1.16639862905329916472e-03
53 14 2.02551086015721098013e-03
53 15 -3.99104164485419854458e-03
53 16 5.27022884499077012843e-03
53 17 7.85585506550749886057e-03
53 18 -1.89663429434183032976e-03
53 19 1.16438945028671283722e+10
53 20 1.14082104557575550079e+10
53 21 -1.80744574680768810213e+07
53 22 -1.40713111141357788086e+11
53 23 2.42450355371806182861e+10
53 24 8.38422272569845581055e+10
53 25 8.90655851763375244141e+10
53 26 -5.66522852312580200195e+11
53 27 -8.04402928858366203308e+09
53 28 -1.11801077169353199005e+10
53 29 -1.12422874447189379883e+12
53 30 1.29621773935314083099e+09
53 31 -1.60363786413800150156e+08
53 32 -2.05655144467973041534e+09
53 33 1.30228883494137978554e+09
53 34 2.50095701521886444092e+09
53 35 -1.04997600179271578789e+09
53 36 1.95093939873453063965e+10
53 37 -5.28543336641310302734e+11
53 38 -1.62495461176508593750e+12
53 39 4.00599875047287154461e-03
53 40 1.62644107401936285906e-03
53 41 1.00280054067187910163e-03
53 42 -2.45608617345352553407e-03
53 43 -2.65434964100463854919e-03
53 44 2.17382689798265062164e-02
53 45 -6.73296842852150115967e+10
53 46 -8.68627909909609031677e+09
53 47 -2.84508564194239562988e+11
53 48 -1.12066874493646704102e+12
53 49 2.48117302654846191406e+10
53 50 3.22678686398860549927e+09
53 51 -4.27709878490752410889e+10
53 52 -4.49286983525962462394e-04
53 53 -3.00880730227085944548e-06
53 54 2.80707308080981455915e-04
53 55 2.03395887404647689525e-03
53 56 2.00300849026836943687e-04
53 57 -1.19570326223026029283e-03
53 58 -6.72075422959280109406e+09
53 59 6.66312608737814426422e+07
53 60 4.18353805099678564072e+09
53 61 -1.35862088017885208130e+10
53 62 -2.15850518149161577225e+09
53 63 -9.98831674014238929749e+09
53 64 -2.26648677504811584949e+08
53 65 2.28234265759255552292e+09
53 66 7.66350367338232177734e+11
53 67 -4.61512287039826154709e+08
53 68 -3.05541983379594027996e+08
53 69 3.01616583387919616699e+09
53 70 -1.01374349829118137360e+10
53 71 -5.71856799336939239502e+09
53 72 -1.92454974992890536785e+08
53 73 5.58945286278995208740e+10
53 74 -1.81961542683439270020e+11
53 75 -2.41749739279708496094e+12
53 76 5.35377785112693099976e+10
53 77 1.36964173818376785278e+11
53 78 -5.84176238316122802734e+11
53 79 3.18698339327723571777e+11
53 80 -5.98831966370587158203e+09
53 81 1.77516489083803222656e+12
53 82 -2.24971210127547788620e+09
53 83 -3.31735038248075135052e+07
53 84 1.08071669581866532564e+08
53 85 -1.63628003613400316238e+09
53 86 -9.81587580648861527443e+07
53 87 4.41960939625027751923e+09
53 88 -4.96961899088929443359e+10
53 89 3.19507379659407997131e+09
53 90 2.42405607811658515930e+10
53 91 -1.10928805973452453613e+10
53 92 -2.27105615436774719238e+11
53 93 -8.60797871714123687744e+10
53 94 2.72815702780368471146e+09
53 95 1.06620560538602828979e+10
54 0 -1.34643250866072869301e+09
54 1 -2.95756581846456489563e+10
54 2 5.16569220222517967224e+09
54 3 5.38542459141263275146e+10
54 4 9.67192318255416412354e+10
54 5 -2.78006113027554035187e+09
54 6 1.60066275480317085981e+08
54 7 -2.40612559504065132141e+09
54 8 1.97254842111432037354e+11
54 9 -1.18269336097793807983e+10
54 10 -6.46700532148573379517e+10
54 11 -5.50604382211132125854e+10
54 12 -2.09172911696060104370e+10
54 13 -3.49856647607226694044e-03
54 14 -7.43680480445573009567e-04
54 15 3.20606743321907416543e-04
54 16 -1.91474100698616834029e-03
54 17 1.10277359630056061290e-03
54 18 -1.19315339994908748561e-03
54 19 9.15390478583885550499e+08
54 20 -6.79879522432843627930e+10
54 21 6.91512295572312774658e+10
54 22 -9.74715742442754974365e+10
54 23 8.05248237478152160645e+10
54 24 2.26822204451947631836e+10
54 25 2.03038633291364318848e+11
54 26 1.34341930845252172852e+12
54 27 -7.89291435444788551331e+09
54 28 7.24920375074629211426e+10
54 29 2.97898494776032562256e+10
54 30 -7.15445226120794564486e+07
54 31 -1.32431336901725730896e+10
54 32 -8.30322730627714097500e+07
54 33 3.78045803221053257585e+06
54 34 -1.05237890247919365764e+08
54 35 1.30099891672632209957e+07
54 36 -1.85959036670530395508e+11
54 37 4.07295898794639587402e+09
54 38 3.84212682220085906982e+10
54 39 -3.14003680995152720072e-04
54 40 -3.30122648578215732544e-04
54 41 1.42732706217558541701e-04
54 42 -2.00264383754024833263e-04
54 43 -5.49933043034108890931e-04
54 44 -1.10761503568450022164e-03
54 45 -8.41143419784353179932e+10
54 46 5.38383608958624267578e+10
54 47 -1.14298917959853805542e+11
54 48 1.27409859569773826599e+10
54 49 -1.41203442988483856201e+11
54 50 1.11558503560709472656e+11
54 51 -4.03089548662789344788e+09
54 52 9.68177321965094962730e-05
54 53 -2.88522559205214022045e-04
54 54 -2.20788086306871576153e-06
54 55 6.02045319259803218652e-04
54 56 -2.11583596632991055922e-03
54 57 -1.08141216730314677951e-04
54 58 -2.04246745595196604729e+09
54 59 -6.93756990280247092247e+08
54 60 -2.75543738690718460083e+09
54 61 6.91404889861306610107e+10
54 62 -4.16970220415106439590e+09
54 63 -2.51331047984497117996e+09
54 64 -3.83765869265723407269e+08
54 65 -1.64504997046484041214e+09
54 66 -2.38912521686651428223e+11
54 67 -6.40281309453113935888e+06
54 68 2.92529208711336059570e+10
54 69 -1.41093039497479349375e+08
54 70 4.19143175775539427996e+07
54 71 7.53921206114881634712e+07
54 72 2.27919745037052668631e+07
54 73 4.71843032759126129150e+10
54 74 1.08732180358323226929e+11
54 75 4.36390183698549652100e+10
54 76 1.79809982098582397461e+11
54 77 1.55203469088478393555e+11
54 78 2.80512192891949584961e+11
54 79 -8.09259646807815551758e+11
54 80 1.73627218693278717041e+11
54 81 -3.18705703740241050720e+10
54 82 -7.53977315762475132942e+07
54 83 6.70332129205442499369e+06
54 84 -4.65319909817338657379e+09
54 85 -2.11087011725325211883e+07
54 86 -1.36925148685393054038e+07
54 87 -6.70424814902379959822e+07
54 88 -3.41368177255196189880e+09
54 89 1.03294907801617965698e+10
54 90 -8.75819010615661621094e+10
54 91 -1.37944941049452476501e+10
54 92 1.18145943944438064575e+11
54 93 -9.65454888056031227112e+09
54 94 9.66108081089308929443e+09
54 95 -5.82419810840378112793e+10
55 0 -5.52459128748569412231e+10
55 1 -1.82509741772060961914e+12
55 2 4.37554732865456726074e+11
55 3 -5.78627331718487071991e+09
55 4 -4.92305144158372497559e+10
55 5 -8.00684943774991512299e+09
55 6 5.91578107777678451538e+10
55 7 -3.18257884845757293701e+09
55 8 -2.06411219796716186523e+11
55 9 1.33365316346366271973e+10
55 10 3.85885732771825714111e+10
55 11 8.42299774055350303650e+09
55 12 -1.14802314966018212891e+12
55 13 1.10113151248468423178e-03
55 14 2.45242981642787225005e-03
55 15 3.86402757430163480701e-03
55 16 -5.90397090765005638086e-03
55 17 -8.89776695138056947232e-03
55 18 4.29687080400499056554e-03
55 19 -2.05575268500612487793e+10
55 20 -8.61653906309418797493e+08
55 21 2.00227930171159896851e+10
55 22 9.96069569087028503418e+10
55 23 -4.57942426903907241821e+10
55 24 -1.29813448433104446411e+11
55 25 -4.20064038575672058105e+11
55 26 -1.14774836190415136719e+12
55 27 1.56331210120815353394e+10
55 28 -1.35973076855706539154e+10
55 29 1.67841346941282373047e+12
55 30 1.58491092372349834442e+09
55 31 -3.16321715276751995087e+09
55 32 -3.16525096851848602295e+09
55 33 -1.96964452054012084007e+09
55 34 -8.22308978182744383812e+08
55 35 8.53003800660012125969e+08
55 36 -1.74616940301232482910e+11
55 37 5.43794153434151184082e+11
55 38 2.07025008775410668945e+12
55 39 -4.41304098861247141861e-03
55 40 -1.42125513200429655705e-03
55 41 -1.81291111945486521986e-03
55 42 4.18869027429410838159e-03
55 43 4.49315044995128500677e-03
55 44 -2.70691418945111159089e-02
55 45 8.81426897364852752686e+10
55 46 4.03293617058278656006e+10
55 47 1.96063118623397613525e+11
55 48 9.97981906678260742188e+11
55 49 9.61228690052088317871e+10
55 50 2.11763292900037384033e+11
55 51 -3.16985236729392700195e+11
55 52 1.10602107402566081883e-03
55 53 -2.04990982612713408192e-03
55 54 -6.02855197128394026083e-04
55 55 -2.42997043180810494423e-05
55 56 4.77895326439286075026e-04
55 57 -1.81176016607006973823e-03
55 58 3.37938408877184629440e+09
55 59 3.90166061641209244728e+08
55 60 1.54896784518373012543e+09
55 61 6.96705948027394409180e+10
55 62 1.90482340315182590485e+09
55 63 4.73151919094940567017e+09
55 64 7.48459496441257476807e+08
55 65 9.33944775499950289726e+08
55 66 -9.71195232342507690430e+11
55 67 -2.26342781874075949192e+08
55 68 4.77930771195657634735e+09
55 69 -1.59659869789643716812e+09
55 70 -9.21283983448855018616e+09
55 71 8.36768139280583381653e+08
55 72 1.76775050559605765343e+09
55 73 -1.63853083393907287598e+11
55 74 -5.91281303250509338379e+10
55 75 2.45675990091584765625e+12
55 76 -2.93048743928624992371e+10
55 77 -1.72603767144161987305e+11
55 78 8.20179052848540283203e+11
55 79 3.47319111313424682617e+11
55 80 -3.07220006214704162598e+11
55 81 -1.87689243906818286133e+12
55 82 -3.70829266054074335098e+09
55 83 -1.60277343111608535051e+08
55 84 -7.45818444876299953461e+09
55 85 2.22416609815922307968e+09
55 86 -1.26493246730065560341e+09
55 87 -2.45869168893211078644e+09
55 88 9.03528710845887603760e+10
55 89 -2.52291045710698843002e+09
55 90 2.17209775260044708252e+10
55 91 1.09168655733753509521e+10
55 92 3.19366892524826416016e+11
55 93 1.41623703331681793213e+11
55 94 -1.54736722793606567383e+09
55 95 9.76405270864184761047e+09
56 0 -7.22011624056347961426e+10
56 1 -1.70552080377537060547e+12
56 2 4.22900328835214782715e+11
56 3 4.20933721425279617310e+10
56 4 -1.04595775091131992340e+10
56 5 -2.37723890815399818420e+10
56 6 6.29943658120114440918e+10
56 7 -6.98921402309081172943e+09
56 8 2.68062082261509082031e+12
56 9 3.92802170493018188477e+10
56 10 9.13262036039211463928e+09
56 11 -3.85712340623155899048e+10
56 12 -1.21450092198239575195e+12
56 13 -8.08044232736598519451e-03
56 14 2.17678545265825064414e-02
56 15 -5.19223915218807396087e-04
56 16 -1.75731053641247046693e-02
56 17 -5.27621301692334995770e-03
56 18 4.79923210139152501413e-03
56 19 -4.83182405232243804932e+10
56 20 -2.92110890659651069641e+10
56 21 2.13242143259909133911e+10
56 22 -3.25728712863107727051e+11
56 23 -3.90247613395130634308e+09
56 24 -1.48839231426082641602e+11
56 25 3.95347035250500366211e+11
56 26 -2.76184220762633300781e+11
56 27 1.72062715150525970459e+10
56 28 5.22361776074155426025e+10
56 29 1.39494685111471582031e+12
56 30 -3.86590715998947143555e+09
56 31 -3.28585024547159612179e+08
56 32 -2.83839589014719343185e+09
56 33 1.20780024796680641174e+09
56 34 5.69194172781616926193e+08
56 35 -1.24861012225845679641e+08
56 36 -8.57917678268632202148e+10
56 37 -3.74439620540412890625e+12
56 38 2.05019964130293212891e+12
56 39 -2.07063855695662152670e-03
56 40 -8.17621959437795677028e-03
56 41 -1.74836004356176575800e-03
56 42 6.57747114580111737203e-03
56 43 1.72629865934482691712e-04
56 44 -2.61618007753308470797e-02
56 45 -2.19701060532759033203e+11
56 46 9.85902731245828247070e+09
56 47 -2.14032879973592871094e+12
56 48 1.43392501187708105469e+12
56 49 3.15654316478747558594e+10
56 50 2.15184244424392280579e+10
56 51 8.07654530361137847900e+10
56 52 1.32539604681696887405e-03
56 53 -2.09920588567213137546e-04
56 54 2.10425598994999976665e-03
56 55 -4.88680497852085962696e-04
56 56 -1.13857242752118947848e-05
56 57 -9.67156395263618325411e-04
56 58 7.96120511757448673248e+08
56 59 2.00298084157057356834e+09
56 60 -1.10221758217221349478e+08
56 61 -2.42017031000832519531e+10
56 62 -3.98336986442634344101e+09
56 63 9.82097851960130333900e+08
56 64 2.44009525055012655258e+09
56 65 -1.38336701383377090096e+07
56 66 5.17764857043361914062e+12
56 67 -4.05913187806845307350e+08
56 68 7.86923868191051125526e+08
56 69 7.89899254749672055244e+08
56 70 -7.42624951900202465057e+09
56 71 -5.50516331290873050690e+08
56 72 1.18533965006611609459e+09
56 73 7.67882620288172912598e+10
56 74 -4.44929031556721496582e+09
56 75 3.08980263932131933594e+12
56 76 1.31076025447359924316e+11
56 77 7.92369562780549316406e+10
56 78 -3.93872686427576318359e+12
56 79 1.87014306459574432373e+11
56 80 1.98886073877882324219e+11
56 81 -2.27002157733478808594e+12
56 82 -2.38451066656389522552e+09
56 83 -2.00422029985484123230e+08
56 84 3.96638227146557807922e+09
56 85 -1.14534372986789169312e+10
56 86 2.03654435603192639351e+09
56 87 2.50764499830285596848e+09
56 88 9.39868699139223632812e+10
56 89 9.64166449985914039612e+09
56 90 -8.70050219668274230957e+10
56 91 -1.05659860096528949738e+10
56 92 -1.48228084045963354492e+12
56 93 1.41204246729277587891e+11
56 94 7.94377879139285278320e+09
56 95 -5.41084397368116378784e+10
57 0 -5.75486443954594612122e+09
57 1 2.57513447469309570312e+12
57 2 -6.53113201417646972656e+11
57 3 5.09138241179783582687e+08
57 4 2.57107435368328514099e+10
57 5 -1.10014688917221107483e+10
57 6 -6.33791882647443675995e+09
57 7 6.29401691213310003281e+08
57 8 -3.55509785731225036621e+11
57 9 1.34188982719611415863e+10
57 10 -1.81882270970870513916e+10
57 11 1.43143988661429519653e+10
57 12 1.76891784126669213867e+12
57 13 2.39848926922129040279e-03
57 14 -5.73269138088184238705e-03
57 15 -5.42751594585096520246e-03
57 16 1.26937096433266324857e-02
57 17 1.41001299309871548637e-02
57 18 -6.17611315833722484409e-03
57 19 -1.28627992181116333008e+10
57 20 2.10856236086479339600e+10
57 21 2.40430745529716835022e+10
57 22 -1.22686025914448730469e+11
57 23 2.67379950107394943237e+10
57 24 1.60845786391204128265e+10
57 25 7.09544011804086791992e+11
57 26 3.17165510715886230469e+11
57 27 2.84416022397153568268e+09
57 28 -1.68002419296631488800e+10
57 29 -2.21528445995777050781e+12
57 30 -9.46030540579631328583e+08
57 31 1.22567006855171501637e+08
57 32 -1.50096773674495143890e+10
57 33 4.96527098962389886379e+08
57 34 -5.96020518428400516510e+09
57 35 -1.50688678186374330521e+09
57 36 1.97262734656851501465e+11
57 37 2.10789888836440673828e+11
57 38 -3.04608202228254980469e+12
57 39 6.26337042996730208877e-03
57 40 4.18082191273206130178e-03
57 41 2.51626348865658776982e-03
57 42 -6.01089710413615831847e-03
57 43 -4.80064778489464050182e-03
57 44 3.99775799486706620578e-02
57 45 -2.30555972932250862122e+10
57 46 5.98942031106147384644e+09
57 47 2.39730793777405853271e+11
57 48 -1.88280357994680932617e+12
57 49 -1.73206441600017333984e+11
57 50 -1.45630752321106384277e+11
57 51 9.42980106376670684814e+10
57 52 -6.07420237375365466154e-04
57 53 1.21059284831625440029e-03
57 54 1.12491001975109465583e-04
57 55 1.82430664087780995339e-03
57 56 9.84333159613856849973e-04
57 57 1.64883662504499393930e-06
57 58 2.74041478688694477081e+08
57 59 2.49724463677780914307e+09
57 60 4.15612650638143634796e+09
57 61 -7.31483572225490264893e+10
57 62 -1.87593874600300312042e+09
57 63 3.30429993102328479290e+08
57 64 2.85325659531525516510e+09
57 65 2.35648549987540102005e+09
57 66 -5.37747209500691528320e+10
57 67 -2.70272308764275908470e+08
57 68 1.02020591044851589203e+09
57 69 9.38663848020627498627e+08
57 70 1.48294312806902942657e+10
57 71 -2.65450229642121744156e+09
57 72 -3.45989401696189928055e+09
57 73 5.47223909914482574463e+10
57 74 -4.63414462524753173828e+11
57 75 -4.21105426806771875000e+12
57 76 1.94488237024928314209e+11
57 77 2.51918510237371025085e+10
57 78 -5.88142352972404785156e+10
57 79 7.59749875218443450928e+10
57 80 2.57849220077995605469e+11
57 81 3.13227965728324560547e+12
57 82 2.56859805983238220215e+09
57 83 1.42401516500733226538e+08
57 84 -9.51174817154283285141e+08
57 85 7.65787614706100463867e+09
57 86 3.35592602631531190872e+09
57 87 4.69075943748544788361e+09
57 88 -8.36591978761964035034e+09
57 89 1.55653331987506027222e+10
57 90 2.05680581170935096741e+10
57 91 -3.75551282480972909927e+09
57 92 -3.45127500952657775879e+10
57 93 -1.29033443144325733185e+10
57 94 1.20095275377720012665e+10
57 95 1.88491832900113372803e+10
58 0 2.09920921429941483282e+25
58 1 5.20574058243610072056e+24
58 2 2.03275957801421417312e+25
58 3 -3.01840609867625793457e+11
58 4 2.42947837378530670166e+11
58 5 1.10900174323688027344e+13
58 6 -2.97980866815792417813e+25
58 7 4.00707088755258493082e+24
58 8 -4.77690615027052490234e+11
58 9 -2.28317676281170867920e+11
58 10 -7.78304073282189331055e+10
58 11 1.42735132640929296875e+12
58 12 -5.62838814184455810547e+11
58 13 -4.54417661494957160950e+09
58 14 4.97977333818912124634e+09
58 15 -1.76848629015103988647e+10
58 16 -1.55318720410856533051e+10
58 17 -1.05657403447494373322e+10
58 18 -1.24518560651560935974e+10
58 19 -1.43240528858339202881e+11
58 20 1.97633617798878637695e+12
58 21 -2.32571367790291717529e+11
58 22 -1.68325537982852569580e+11
58 23 3.42857880232684326172e+11
58 24 6.45711982456915371103e+25
58 25 3.38746403082185986328e+12
58 26 -1.70042913735860766602e+12
58 27 8.62718471602109832764e+10
58 28 -1.32680531375988769531e+12
58 29 7.41597100076332641602e+11
58 30 4.61917917154547500610e+10
58 31 -3.51682519921513244629e+11
58 32 4.69219983463022308350e+10
58 33 2.81736173855157394409e+10
58 34 1.31817888911213517189e+09
58 35 -1.49281288990635166168e+10
58 36 1.10670646240064331055e+11
58 37 1.73966250933180419922e+11
58 38 8.65116277893778076172e+11
58 39 5.50302304343461799622e+09
58 40 1.19426969211197590828e+09
58 41 -9.60398297872710943222e+08
58 42 9.27413146236860513687e+08
58 43 7.30974293836778831482e+09
58 44 -1.00974573932964668274e+10
58 45 -1.11330894866675857544e+11
58 46 -6.68045316682202148438e+10
58 47 1.79029616564589843750e+11
58 48 3.79289808721125854492e+11
58 49 1.97489779966471557617e+10
58 50 1.44300473070551666260e+11
58 51 -1.65575438706728179932e+11
58 52 4.53673532149855327606e+09
58 53 6.72081180780116081238e+09
58 54 2.03847701163853764534e+09
58 55 -3.32590926390659666061e+09
58 56 -8.10346118875487565994e+08
58 57 -2.92885181967428505421e+08
58 58 -1.34180353596914514899e+08
58 59 3.22914929089992446899e+10
58 60 -1.89929004982704925537e+10
58 61 -5.94382804154709854126e+10
58 62 1.35677490577460823059e+10
58 63 1.85817518243623573914e+23
58 64 4.11884441667742385864e+10
58 65 -1.93340063011933593750e+10
58 66 -1.49961946666680908203e+09
58 67 -1.73455465437202644348e+10
58 68 -1.01277116781899774075e+09
58 69 -7.88002076240656280518e+09
58 70 1.10431612489392662048e+10
58 71 -5.72179654755518054962e+09
58 72 1.74093388117296905518e+10
58 73 2.91451501014596130371e+11
58 74 1.24891729652084167480e+11
58 75 9.37858211751223266602e+11
58 76 4.20617427109845153809e+11
58 77 8.61555147836815490723e+10
58 78 -7.06242587631266174316e+10
58 79 4.71210760651890991211e+11
58 80 -1.07687586592794274902e+12
58 81 -7.72500723586420654297e+11
58 82 5.93728424050306640625e+11
58 83 8.94798730919849609375e+11
58 84 -1.66164754520150927734e+12
58 85 -5.61465869331231918335e+10
58 86 1.79468424885875091553e+11
58 87 -3.48379876349288024902e+11
58 88 -4.23614190671934305253e+25
58 89 -1.12914879217437719727e+12
58 90 1.45724724408697949219e+12
58 91 -1.93829191191192413330e+11
58 92 -4.55858984469742736816e+11
58 93 -6.43888641804940652619e+25
58 94 7.84478213256108245850e+10
58 95 8.48955401099835937500e+11
59 0 -1.13287381204919006348e+11
59 1 -1.73039992910666122437e+10
59 2 8.43574310247079467773e+10
59 3 -9.07275592244337890625e+12
59 4 2.82295803394674505076e+25
59 5 -9.85283768304213623047e+11
59 6 6.24034281420440673828e+11
59 7 -9.65180898895293884277e+10
59 8 3.69220375501613082886e+10
59 9 -2.41237962443872607422e+12
59 10 -2.03186092778863883977e+25
59 11 6.20875252120090209961e+11
59 12 -6.28228487847930175781e+11
59 13 5.94268207671165943146e+09
59 14 -2.88665457480418586731e+10
59 15 2.37204158937611913681e+09
59 16 1.39840375741828489304e+09
59 17 9.80762051527535820007e+09
59 18 -3.96858341807689428329e+09
59 19 -2.45894993825629760742e+11
59 20 7.79983610588011962891e+11
59 21 2.28930819345407958984e+11
59 22 1.28711154696723098755e+11
59 23 2.44899506385309774884e+25
59 24 -6.11793549142221069336e+11
59 25 -5.92046835275441284180e+11
59 26 -1.43744069461073425293e+11
59 27 1.98905318705767669678e+11
59 28 -6.86157403591974243164e+11
59 29 1.70306779745867218018e+11
59 30 -1.79118318854538612366e+10
59 31 4.69243323895661849976e+10
59 32 3.45316415874985198975e+10
59 33 5.04486597811810836792e+10
59 34 -6.46307391680374526978e+10
59 35 3.70194406782796401978e+10
59 36 -6.08470129420984573364e+10
59 37 -1.34408591518281295776e+11
59 38 3.16786050494785339355e+11
59 39 2.03513856373370170593e+09
59 40 1.42042256020373964310e+09
59 41 -4.10460860287251186371e+09
59 42 8.90000188984322190285e+08
59 43 8.94138302899660682678e+09
59 44 -4.10412090411619615555e+09
59 45 1.09737489272495620728e+11
59 46 1.37913590658333473206e+10
59 47 -1.05850486992311920166e+11
59 48 2.50713167694431304932e+11
59 49 -8.76328579741309204102e+10
59 50 -1.11549076154033233643e+11
59 51 4.08442872320994415283e+10
59 52 1.91736724112538719177e+09
59 53 -1.22897628690681252629e+07
59 54 6.89518479586617112160e+08
59 55 -6.23133148079289317131e+08
59 56 -2.26978568628191280365e+09
59 57 -2.71988050254454612732e+09
59 58 -3.24703812407816734314e+10
59 59 -2.20344031820824116468e+08
59 60 1.64269217281802387238e+10
59 61 1.80538861003179626465e+10
59 62 -5.64724970478798389435e+09
59 63 -4.30668830563244171143e+10
59 64 1.18374655905757151625e+23
59 65 9.06780690725495529175e+09
59 66 1.27821033052724792480e+11
59 67 -1.84359748227982749939e+10
59 68 8.79758386443394279480e+09
59 69 1.19811264888010978699e+10
59 70 -1.53949155230748844147e+10
59 71 6.42382601092357635498e+09
59 72 -4.33823171999116802216e+09
59 73 1.03843202529565002441e+11
59 74 -2.78354582020053215027e+10
59 75 5.81019256553757080078e+11
59 76 6.57513525504381461841e+25
59 77 3.18295359204902437500e+14
59 78 -2.62385948908443145752e+10
59 79 -6.29833451606486053467e+10
59 80 -4.53906686967053955078e+11
59 81 -3.37423555729377624512e+11
59 82 -1.17151071637473087311e+10
59 83 -4.40421535685838031769e+09
59 84 -4.43941088929306640625e+10
59 85 -9.38535639748332977295e+10
59 86 -3.62805469805166912079e+09
59 87 3.69450822248971557617e+10
59 88 2.40933350298734863281e+11
59 89 4.05707653876357833687e+24
59 90 1.08709286109254235840e+12
59 91 1.44058546903721790314e+10
59 92 3.06800738570390167236e+10
59 93 5.81386343810274414062e+11
59 94 3.13899112166206110224e+24
59 95 5.33684165467809387207e+11
60 0 3.25571413856040771484e+11
60 1 1.02702494084112158203e+12
60 2 4.91532839960595779419e+10
60 3 5.04801344920098476581e+25
60 4 1.57897407556081640625e+13
60 5 -1.12965817588511352539e+12
60 6 9.89565962827719970703e+11
60 7 1.33954769207898025513e+11
60 8 3.53043894538645690918e+11
60 9 -8.45584839060643768311e+10
60 10 -7.59022767413853637695e+11
60 11 -5.56921790026452041476e+25
60 12 -1.25113172232818769531e+13
60 13 -3.74387952588526489258e+11
60 14 4.83495839147587890625e+10
60 15 -2.36032468198993530273e+11
60 16 1.08292243883996063232e+11
60 17 -6.21942173011431198120e+10
60 18 -5.78360542573679809570e+10
60 19 -1.47758852901669287109e+12
60 20 -6.63879717149695865887e+25
60 21 2.53877748245825683594e+12
60 22 5.98905720098804077148e+11
60 23 1.58120356332239196777e+11
60 24 -1.30273507313427291870e+11
60 25 1.50443498467560839844e+12
60 26 -3.15547162428503356934e+11
60 27 7.11362076769506958008e+11
60 28 6.84731633027416332016e+25
60 29 -4.17611764561054992676e+11
60 30 -3.77256591500290222168e+11
60 31 -1.66346639025284210205e+11
60 32 -9.25045496444108276367e+10
60 33 7.25234473864818237305e+11
60 34 -2.07193852343719482422e+11
60 35 1.97890925510270721436e+11
60 36 2.28092126355461196899e+10
60 37 5.80060782482453994751e+10
60 38 -2.20624274395298095703e+11
60 39 -1.91917385568125081062e+09
60 40 1.17066133895490779877e+10
60 41 -8.60004118496507263184e+09
60 42 2.29344945263490247726e+09
60 43 1.64771698783570137024e+10
60 44 4.87043518115125083923e+09
60 45 -9.70928828979360504150e+10
60 46 -7.43856319858533325195e+10
60 47 5.24125990322793884277e+10
60 48 -7.01818896716789093018e+10
60 49 -3.11678223453371948242e+11
60 50 -1.33868181234295921326e+10
60 51 6.94769653066754150391e+10
60 52 1.49759809456573462486e+09
60 53 -4.12914823931121063232e+09
60 54 2.69179020198466873169e+09
60 55 -1.71680243095574116707e+09
60 56 9.91838740496709197760e+07
60 57 -4.21569876148656320572e+09
60 58 1.87536907102884292603e+10
60 59 -1.72931194140109672546e+10
60 60 -1.38905723696895289421e+09
60 61 -8.09242287282461929321e+09
60 62 -1.01141837876574077606e+10
60 63 2.83270815821733322144e+10
60 64 1.60478981687945575714e+10
60 65 1.65295296339635328778e+23
60 66 -2.90908623698135375977e+10
60 67 1.66922972313012313843e+10
60 68 -6.52190259827155685425e+09
60 69 -2.02229538021663398743e+10
60 70 -2.02555988279742736816e+10
60 71 -3.96582030947081518173e+09
60 72 -2.26575129034754486084e+10
60 73 -1.71519047591055450439e+11
60 74 6.66629979907509918213e+10
60 75 -2.07789441900753662109e+11
60 76 9.44366349622797729492e+11
60 77 -1.97034093146339904785e+11
60 78 5.01699607749587249756e+10
60 79 3.18185514476401916504e+11
60 80 5.17337727490903564453e+11
60 81 1.47693230691371398926e+11
60 82 -1.13178219949228820801e+11
60 83 -4.46316168030218276978e+10
60 84 -6.32674239212854995728e+10
60 85 3.96413187865389862061e+10
60 86 -1.99213434236873092651e+10
60 87 7.73956279202099304199e+10
60 88 1.56894975757332324219e+12
60 89 -2.99562226563645446777e+11
60 90 -1.04746725235948696155e+26
60 91 -2.88952157706484069824e+11
60 92 3.07015789187200134277e+11
60 93 1.08394527867527185059e+12
60 94 -1.50430075157401391602e+12
60 95 -6.10728615457543476562e+25
61 0 3.06816614400000000000e+09
61 1 -1.55692564480000000000e+10
61 2 -2.17969590272000000000e+11
61 3 -1.17511979694727783203e+11
61 4 -1.53796967870608642578e+11
61 5 1.64547769195915710449e+11
61 6 2.00603471110539184570e+11
61 7 -1.23629782592047949219e+12
61 8 -8.72182131071386482482e+25
61 9 1.82110995270752746582e+11
61 10 4.00770805327364990234e+11
61 11 -6.56913775056579589844e+11
61 12 6.19012161536000000000e+11
61 13 2.37989371021671966553e+11
61 14 -5.53133602833648315430e+11
61 15 1.37616384958365722656e+11
61 16 3.17702337607646850586e+11
61 17 3.06973565785453414917e+09
61 18 -3.17415190862527999878e+10
61 19 7.73312903483817901611e+10
61 20 -3.89396895373914031982e+10
61 21 1.81784779505985992432e+11
61 22 4.74013564753725051880e+09
61 23 -1.13559859155158508301e+11
61 24 -7.27139118024367675781e+10
61 25 1.69436459827200000000e+12
61 26 8.37518622720000000000e+10
61 27 -8.97488041874445343018e+10
61 28 -1.03094763460211242676e+11
61 29 -2.13137752064000000000e+11
61 30 5.51465814998984832764e+10
61 31 -1.77809336432096176147e+10
61 32 5.26312178295289688110e+10
61 33 1.49459034577475830078e+11
61 34 3.55418385333681030273e+10
61 35 6.21229383415221328735e+10
61 36 4.46903650951530145435e+24
61 37 1.18861524742333537796e+26
61 38 -4.03726925824000000000e+11
61 39 -6.36027029865742111206e+10
61 40 1.71863586130271423340e+11
61 41 1.47890490128728561401e+10
61 42 -9.47974516110847930908e+10
61 43 9.38449563151980438232e+10
61 44 -2.27073311666749420166e+10
61 45 -5.01207371928679138184e+11
61 46 1.36440066401191825867e+10
61 47 6.91936488068182611686e+25
61 48 -1.03616086016000000000e+12
61 49 3.47892350976000000000e+11
61 50 2.45383561216000000000e+11
61 51 -1.31533373440000000000e+10
61 52 -5.08401655076737880707e+09
61 53 1.42122164264778442383e+10
61 54 -6.91561349585315399170e+10
61 55 -6.95217491115774383545e+10
61 56 2.51432794019469299316e+10
61 57 7.29314346238488311768e+10
61 58 5.87493330927370758057e+10
61 59 -1.79660868407600822449e+10
61 60 7.50245587643663597107e+09
61 61 -1.61061273600000000000e+09
61 62 -1.98731501336125793457e+10
61 63 -1.77044260748061256409e+10
61 64 -9.49577924835262107849e+09
61 65 -5.35686544494947433472e+10
61 66 -1.62074282683751437848e+26
61 67 2.17149089216536987305e+11
61 68 -7.98887013279022216797e+09
61 69 -1.70478040252263732910e+11
61 70 3.62899367643379089355e+11
61 71 -9.36536924248581504822e+09
61 72 4.76091766832620086670e+10
61 73 -1.84666271560746803284e+10
61 74 2.76823730841776046753e+10
61 75 -7.23701989376000000000e+11
61 76 -1.93101383184814666748e+11
61 77 -2.06458962437605194092e+11
61 78 1.21902182227929617253e+26
61 79 1.88508798976000000000e+11
61 80 1.49679610265600000000e+12
61 81 5.14322333696000000000e+11
61 82 -7.11424956648362884521e+10
61 83 -4.67223806303960388184e+11
61 84 -1.94304172697444381714e+10
61 85 1.90952156919817543030e+10
61 86 -2.27187942686461547852e+11
61 87 -8.67612632406420898438e+10
61 88 -1.55107048377003601074e+11
61 89 -4.99697514490677062988e+11
61 90 2.26975782859686218262e+11
61 91 -8.60382364122914794922e+11
61 92 4.58864136394477239911e+25
61 93 -1.26244406223423873901e+11
61 94 -1.14213899347176475525e+10
61 95 1.23488083938106246948e+11
62 0 -2.06792135226924805076e+25
62 1 5.13022992705797411465e+24
62 2 2.00413917115804324725e+25
62 3 -5.39031488395934326172e+11
62 4 -1.92588614163851440430e+11
62 5 -1.43854170476210865140e+25
62 6 -5.00216949194214941406e+12
62 7 9.65582848320017242432e+10
62 8 2.65265626542102172852e+11
62 9 3.07516130556121652040e+25
62 10 -3.71893922308675146484e+12
62 11 -6.30708884090574218750e+11
62 12 2.02851532355487365723e+11
62 13 -3.04803965039046813965e+11
62 14 8.54156303811234741211e+10
62 15 -2.18242116531756774902e+11
62 16 1.57089084846203033447e+11
62 17 6.72817116431464477539e+11
62 18 -1.86236363228971527100e+11
62 19 -3.65885325753662965348e+25
62 20 1.77423305298727539062e+12
62 21 3.85970087877518249512e+11
62 22 -2.32893674764308288574e+11
62 23 -2.93368454898210296631e+10
62 24 -3.95953243234107666016e+11
62 25 8.31145593171153930664e+11
62 26 -3.85633234681445495605e+11
62 27 1.64424705853788363245e+25
62 28 -3.56448277299219177246e+11
62 29 -3.06711019799083129883e+11
62 30 -2.25540876416924468994e+11
62 31 1.24291972028998443604e+11
62 32 1.14570963190964508057e+11
62 33 2.49158580555435295105e+10
62 34 -1.98437970004728546143e+10
62 35 8.41936014930484008789e+10
62 36 -1.14121016314506332397e+11
62 37 -2.80489491664928527832e+11
62 38 -2.64677293130753723145e+11
62 39 4.49691435542870089412e+07
62 40 6.69226174270801353455e+09
62 41 -8.77962286712054824829e+09
62 42 -4.90489840772529315948e+09
62 43 1.56780085916625766754e+10
62 44 -1.92937378625487613678e+09
62 45 -2.00967615358603240967e+11
62 46 2.74139467801793884277e+11
62 47 -2.19883487064640502930e+11
62 48 5.36409054422253875732e+10
62 49 -1.69818388772601013184e+11
62 50 1.35080437071744796753e+11
62 51 1.97784210997933624268e+11
62 52 2.03937335488350296021e+09
62 53 2.24157199170007085800e+09
62 54 3.93390534020097494125e+09
62 55 -1.80155191524705433846e+09
62 56 4.22482706571692371368e+09
62 57 1.67134040680036401749e+09
62 58 -1.32396251816651744843e+10
62 59 5.71665938316854953766e+09
62 60 1.10974556363303318024e+10
62 61 1.97523210359121971130e+10
62 62 5.70278588350732207298e+08
62 63 -1.68035846504456596375e+10
62 64 -3.30015185426749610901e+10
62 65 1.96244598121380271912e+10
62 66 3.33094297073150573730e+11
62 67 -4.35200782884977493286e+10
62 68 5.92721448807005157471e+10
62 69 -1.64393620788672313690e+10
62 70 1.09063394096983489990e+10
62 71 -3.45740855135340270996e+10
62 72 2.83341548850296854973e+08
62 73 -4.62113595718088684082e+11
62 74 1.13396493222049331665e+11
62 75 1.76337032905498657227e+10
62 76 4.18759703498068437500e+14
62 77 -8.65830131174995094751e+25
62 78 -1.54523373573070709229e+11
62 79 1.68224601118254089355e+11
62 80 1.90167861630777770996e+11
62 81 1.28195679184487884521e+11
62 82 -3.17108471085348081589e+09
62 83 2.07334783741050910950e+10
62 84 -2.90630671880349464417e+10
62 85 6.24673225696416568756e+09
62 86 -9.72414101115990519524e+08
62 87 1.72499692317113456726e+10
62 88 1.81353605828630950928e+11
62 89 -6.95579807134949493408e+10
62 90 3.08297868838408264160e+11
62 91 6.48662113335149444517e+24
62 92 7.87720115027570495605e+10
62 93 2.66379673745426300049e+11
62 94 6.20159033566702651978e+10
62 95 1.72685628179968566895e+11
63 0 3.18488842083676627633e+25
63 1 7.89807075442783172113e+24
63 2 3.08407203925272482357e+25
63 3 1.84971636742071484375e+12
63 4 -1.50144375956323223114e+10
63 5 1.67700951653202753906e+13
63 6 -4.54072186412630351125e+25
63 7 5.84936823447999073380e+24
63 8 -1.95203443517058532715e+11
63 9 -8.55700389425629425049e+10
63 10 1.58289621654434051514e+11
63 11 -3.59836401751113403320e+11
63 12 -1.35932773165391433716e+11
63 13 -7.42256401540785598755e+09
63 14 7.95547139931054496765e+09
63 15 -2.68983310149723014832e+10
63 16 -2.34533181001901092529e+10
63 17 -1.64079362919089279175e+10
63 18 -1.95389873972267265320e+10
63 19 -5.18946205520630432129e+11
63 20 -3.89696903131079177856e+10
63 21 -4.56565794458238281250e+11
63 22 2.26974627717908897400e+10
63 23 1.48491856805288055420e+11
63 24 9.84923231297831412380e+25
63 25 7.10873470163364355469e+12
63 26 2.91299151932335266113e+11
63 27 2.70930672522768463135e+11
63 28 1.12101126204817138672e+12
63 29 -1.35874871385019775391e+11
63 30 7.05821151854142456055e+10
63 31 -4.85098968498200012207e+11
63 32 7.94700801176114654541e+10
63 33 6.48338708079966659546e+10
63 34 3.55880406582271385193e+09
63 35 -2.38808445119189491272e+10
63 36 -1.03239124778456222534e+11
63 37 -7.43714021895549316406e+10
63 38 -7.89152814034005126953e+10
63 39 8.20537819426121616364e+09
63 40 1.21278400805737996101e+09
63 41 -1.61813316645805406570e+09
63 42 1.14779260530255985260e+09
63 43 1.08978281760364685059e+10
63 44 -1.52921613355268764496e+10
63 45 1.89293932048544692993e+10
63 46 -1.58508865478709197998e+11
63 47 -8.61949959120578460693e+10
63 48 8.84642167715192718506e+10
63 49 -9.39957349653818969727e+10
63 50 -1.17048689347743347168e+11
63 51 1.48817475901377563477e+11
63 52 7.34774658158407115936e+09
63 53 1.00020094831685295105e+10
63 54 2.56562461840281057358e+09
63 55 -4.56696723460764980316e+09
63 56 -1.03983093642371261120e+09
63 57 -3.98530273921818971634e+08
63 58 -1.85817518243623473250e+23
63 59 4.33755082288259735107e+10
63 60 -2.78488010677324142456e+10
63 61 2.05405449648268699646e+10
63 62 1.68854297265460376740e+10
63 63 -3.90784225524792432785e+08
63 64 5.16393417901099014282e+10
63 65 -2.36567180505889167786e+10
63 66 8.24415629667071228027e+10
63 67 -2.56301752118661842346e+10
63 68 -6.02326354531013259888e+10
63 69 -3.47461491513529968262e+09
63 70 2.78568360993229789734e+10
63 71 -2.07280366997140388489e+10
63 72 2.81637839896944007874e+10
63 73 3.28601633503277099609e+11
63 74 8.19693631944104919434e+10
63 75 9.82630220412011108398e+10
63 76 -8.73970099883930664062e+11
63 77 -3.54398875708490295410e+11
63 78 -5.21684667063158874512e+10
63 79 -2.68043994316357177734e+11
63 80 -2.54446017666872192383e+11
63 81 -1.10563555859383895874e+11
63 82 9.07559222774237792969e+11
63 83 1.36339564003880932617e+12
63 84 -2.52950340139419970703e+12
63 85 -7.33128406877068176270e+10
63 86 2.75775610228663696289e+11
63 87 -5.16458231777523620605e+11
63 88 -6.45673886037834357319e+25
63 89 -1.81933880643787792969e+12
63 90 -2.56369044775585595703e+12
63 91 -2.64938241674031951904e+11
63 92 -6.53582816570552856445e+11
63 93 -9.81409752524615281468e+25
63 94 4.46514038389762496948e+10
63 95 -1.51374767080111621094e+12
64 0 8.90209516290540283203e+11
64 1 4.00522136331694091797e+11
64 2 -2.49345298727777343750e+11
64 3 -9.23016968517358203125e+12
64 4 2.83848238734851011311e+25
64 5 -5.33765488950613403320e+11
64 6 6.17320985080093612671e+10
64 7 -3.29383655231580505371e+10
64 8 -6.08761500516312179565e+10
64 9 -3.31184617190576513672e+12
64 10 -2.06091193463258518808e+25
64 11 7.12469820168570190430e+11
64 12 -3.34934359619261596680e+11
64 13 5.78930517376912689209e+09
64 14 -2.79444642275212440491e+10
64 15 3.52111194935885953903e+09
64 16 1.05210614948890626431e+09
64 17 9.13788472339746665955e+09
64 18 -3.88232735264225578308e+09
64 19 8.16977143164898315430e+11
64 20 8.67623631690346435547e+11
64 21 3.44046896564033142090e+11
64 22 1.10285843593225921631e+11
64 23 2.43045001534502977940e+25
64 24 6.18597227184397460938e+11
64 25 -3.94435627305645141602e+11
64 26 3.45696773475083389282e+10
64 27 -2.16080307248758148193e+11
64 28 -7.88935230206966308594e+11
64 29 -2.59408240001688720703e+11
64 30 -1.89305575053678665161e+10
64 31 4.66300616841605300903e+10
64 32 3.47611981550260162354e+10
64 33 5.02975294454517135620e+10
64 34 -6.47089440752774047852e+10
64 35 3.73845667629463348389e+10
64 36 -3.41135553447517852783e+10
64 37 -3.43009416371636581421e+10
64 38 -2.19895923230166259766e+11
64 39 1.36960258155994868279e+09
64 40 1.61515658060664153099e+09
64 41 -4.10450507298246526718e+09
64 42 4.02369217334893882275e+08
64 43 8.96489193896642303467e+09
64 44 -4.84963420492505073547e+09
64 45 1.01186357343030899048e+11
64 46 9.84811313418683624268e+10
64 47 -3.22182171986248779297e+10
64 48 -1.66384669131678199768e+10
64 49 2.89673630794859848022e+10
64 50 -1.27748289123264801025e+11
64 51 1.14249572933893966675e+11
64 52 1.78446849373328828812e+09
64 53 3.22595516441952764988e+08
64 54 2.97288630566713623703e+07
64 55 -7.39507542974005699158e+08
64 56 -2.49978790785928726196e+09
64 57 -2.84608862488112831116e+09
64 58 -4.13546076954642333984e+10
64 59 -1.18374655905757017407e+23
64 60 -1.65141147937949218750e+10
64 61 9.52043142545300292969e+09
64 62 3.33023190293415489197e+10
64 63 -5.20426469928132400513e+10
64 64 -1.83730988090451173484e+07
64 65 -1.00067742445721874237e+10
64 66 1.74240277598466339111e+10
64 67 -1.71875672185202751160e+10
64 68 7.99233134894877243042e+09
64 69 9.88234523694901275635e+09
64 70 -1.52265119508477725983e+10
64 71 6.28257292345816612244e+09
64 72 -2.96178817414656734467e+09
64 73 3.36306997020861396790e+10
64 74 -5.19264847524013290405e+10
64 75 -7.49284741358402862549e+10
64 76 5.73170884761242729898e+25
64 77 2.77951907633184843750e+14
64 78 3.64843199250807418823e+10
64 79 -1.13291238268934509277e+11
64 80 -1.98075346640654205322e+11
64 81 1.52832300410261138916e+11
64 82 -8.98723443677612686157e+09
64 83 -5.42725870066808128357e+09
64 84 -3.75329374765907363892e+10
64 85 -8.09570691234423522949e+10
64 86 -2.64099544669136142731e+09
64 87 3.09550090454785461426e+10
64 88 -5.47136381972118530273e+11
64 89 3.46963955375731598846e+24
64 90 1.24586826037110839844e+12
64 91 -2.00926617179836654663e+09
64 92 4.65898280194885482788e+10
64 93 -6.43699576797379394531e+11
64 94 2.67570808405509255935e+24
64 95 6.39430160716844970703e+11
65 0 1.65588907498052246094e+11
65 1 1.38592204756693505859e+12
65 2 4.36446347737705627441e+11
65 3 2.93393061917173924055e+25
65 4 9.31568137511228710938e+12
65 5 -8.85735603408323486328e+11
65 6 1.82788984007682739258e+11
65 7 1.35917607665197677612e+11
65 8 4.05398176579388366699e+11
65 9 4.00313736154222656250e+11
65 10 -5.34170806508214538574e+11
65 11 -3.25156155111945318642e+25
65 12 -6.94934306670033398438e+12
65 13 -2.19172608649142913818e+11
65 14 2.81921016417793731689e+10
65 15 -1.38426636304812347412e+11
65 16 6.33361893216980590820e+10
65 17 -3.61159523193383102417e+10
65 18 -3.36680834536391792297e+10
65 19 -1.41698579358861547852e+12
65 20 -3.88949805080076058928e+25
65 21 1.46941260900659472656e+12
65 22 1.95605837507962371826e+11
65 23 2.00643131406721710205e+11
65 24 7.53777084608389160156e+11
65 25 -2.22283973162655487061e+11
65 26 -6.24152154163969360352e+11
65 27 6.41633829166666748047e+11
65 28 4.00326044444276855249e+25
65 29 -8.90786921222812744141e+11
65 30 -2.20341711689000549316e+11
65 31 -1.03754387417246826172e+11
65 32 -4.56203862634363632202e+10
65 33 4.29246582072316894531e+11
65 34 -1.23787918938709167480e+11
65 35 1.15328228591147460938e+11
65 36 -1.61381636932685760498e+11
65 37 2.44802791874018478394e+09
65 38 -8.18059798028490234375e+11
65 39 -1.10914661023287200928e+09
65 40 6.79947976694389152527e+09
65 41 -4.89601102072279930115e+09
65 42 1.32585541055281114578e+09
65 43 9.56008751770191955566e+09
65 44 2.82160818371014738083e+09
65 45 -1.69737379815157135010e+11
65 46 -6.18281417110707550049e+10
65 47 -9.07201521025260314941e+10
65 48 -2.29241467835573486328e+11
65 49 1.60849919721127563477e+11
65 50 5.37721438274632110596e+10
65 51 2.73635701496873931885e+11
65 52 7.37975842383589267731e+08
65 53 -2.29815173523212480545e+09
65 54 1.55210167274287843704e+09
65 55 -9.26696878168099880219e+08
65 56 4.60267245999193191528e+07
65 57 -2.30603215961376380920e+09
65 58 1.93844900525668563843e+10
65 59 -9.06595433517015457153e+09
65 60 -1.65295296339635429442e+23
65 61 5.27409902101721725464e+10
65 62 -2.00242111681185073853e+10
65 63 2.37379207905750236511e+10
65 64 1.01822677364264831543e+10
65 65 3.45292504408916924149e+06
65 66 -1.94068586570298370361e+11
65 67 9.91541494183731651306e+09
65 68 1.07705992676959705353e+09
65 69 -1.66480656884112777710e+10
65 70 -1.24000198257873306274e+10
65 71 -1.68873976759711623192e+09
65 72 -9.54296819849846076965e+09
65 73 -4.75153675445314102173e+10
65 74 1.56453074378648834229e+11
65 75 -7.28909361789695800781e+11
65 76 7.08899687339446533203e+11
65 77 -6.87397508605743286133e+11
65 78 2.41843964060983459473e+11
65 79 1.62110715764795471191e+11
65 80 -2.31721797249100646973e+10
65 81 5.81613192951562133789e+11
65 82 -7.20408433342691955566e+10
65 83 -2.58945708264059753418e+10
65 84 -4.36248452732491836548e+10
65 85 1.64097029604657936096e+10
65 86 -1.18460718252622604370e+10
65 87 5.09859358692837295532e+10
65 88 3.51192552229283630371e+11
65 89 -1.67572275128975585938e+11
65 90 -6.12159229058230930815e+25
65 91 -1.34424102947388549805e+11
65 92 2.77896289391667297363e+11
65 93 -2.11960825390227050781e+11
65 94 -8.72784797806860961914e+11
65 95 -3.56918919917240911816e+25
66 0 2.10219696128000000000e+11
66 1 2.60704514867200000000e+12
66 2 1.28312147968000000000e+12
66 3 1.23098035397975170898e+12
66 4 1.15997175256375415039e+12
66 5 -1.43198227590846752930e+12
66 6 -2.04952533538682446289e+12
66 7 1.07757416297810195312e+13
66 8 7.59927403719256277338e+26
66 9 -1.87727787463049218750e+12
66 10 -3.23781434464428906250e+12
66 11 6.03344727500221777344e+12
66 12 -3.50684079718400000000e+12
66 13 -2.16032443962594165039e+12
66 14 4.61929010490411523438e+12
66 15 -8.79952705629550170898e+11
66 16 -2.99154798953026660156e+12
66 17 -3.86853264462948730469e+11
66 18 4.14002602305405944824e+11
66 19 -4.31313891311526245117e+11
66 20 8.77990229388245849609e+11
66 21 -9.53860362228233032227e+11
66 22 1.01309283537418249512e+12
66 23 6.98711080922345825195e+11
66 24 6.80115322832949218750e+10
66 25 1.28849018880000000000e+11
66 26 -2.10238649139200000000e+12
66 27 -3.91148793347824401855e+11
66 28 -3.31821438343539123535e+11
66 29 -1.48176371712000000000e+11
66 30 5.67949814418701293945e+11
66 31 -6.51419140086586425781e+11
66 32 3.95924052433981250000e+12
66 33 1.65708723522215234375e+12
66 34 2.51832487650736425781e+12
66 35 -7.36728589325715820312e+11
66 36 -4.54335697797561766310e+26
66 37 -3.96676271118906877767e+26
66 38 9.44892805120000000000e+11
66 39 2.21210966135505676270e+11
66 40 -1.92396613473932525635e+11
66 41 -1.26305499315305511475e+11
66 42 5.12822310580679077148e+11
66 43 2.33888909228662414551e+10
66 44 1.62825719397706817627e+11
66 45 4.56754980478293652344e+12
66 46 -2.10595038535997436523e+11
66 47 -5.01141182988785031399e+26
66 48 5.29569467596800000000e+12
66 49 1.17682103910400000000e+12
66 50 -6.89208033280000000000e+11
66 51 -1.02327595827200000000e+12
66 52 4.43944738887671127319e+10
66 53 -7.67488402268877807617e+11
66 54 2.40882614488776367188e+11
66 55 9.72371319385121337891e+11
66 56 -5.17601309617237988281e+12
66 57 5.37413460138290863037e+10
66 58 8.88699830833041381836e+09
66 59 -1.27750181211412918091e+11
66 60 3.11149277829405059814e+10
66 61 1.62074282683751472208e+26
66 62 -3.33381957155594970703e+11
66 63 -8.93144583857975158691e+10
66 64 -1.72771659224730911255e+10
66 65 1.94852548362332092285e+11
66 66 -6.01295421440000000000e+10
66 67 1.49787331505137390137e+11
66 68 -1.30264907785413543701e+11
66 69 -1.15548807415057205200e+11
66 70 4.61074514753618774414e+11
66 71 -3.01659531894200866699e+11
66 72 3.98408862693148681641e+11
66 73 -1.22524819385398376465e+11
66 74 3.62656260213183288574e+11
66 75 -1.71798691840000000000e+10
66 76 5.47584679950120361328e+11
66 77 7.35147352068706787109e+11
66 78 2.36114906913213349831e+26
66 79 1.42270791680000000000e+11
66 80 3.43597383680000000000e+10
66 81 -2.70582939648000000000e+11
66 82 -3.48648670677288055420e+09
66 83 -1.31335893699375292969e+12
66 84 -3.89374663134337768555e+10
66 85 -5.46114219273826293945e+10
66 86 -2.51125286176343475342e+11
66 87 -7.37191059432939758301e+10
66 88 -4.49201444240952514648e+11
66 89 -1.17442477117452246094e+12
66 90 3.67384734422596618652e+11
66 91 -2.26130508591052734375e+12
66 92 1.14809423614627344332e+26
66 93 -3.36848000382125366211e+11
66 94 3.72275130282074356079e+09
66 95 2.18524068547769470215e+11
67 0 5.11542016374797363281e+11
67 1 1.34369825771644653320e+12
67 2 -8.57072591231571777344e+11
67 3 -2.17377302722053260803e+10
67 4 -3.17476766353447509766e+11
67 5 3.92014400633828308105e+11
67 6 6.05203344446767234802e+09
67 7 2.25199345655758857727e+10
67 8 -1.09974918870613037109e+12
67 9 -6.99128913730606201172e+11
67 10 2.54395112478825042725e+11
67 11 8.52810421175670909882e+09
67 12 5.59359573864523803711e+11
67 13 -1.30329864864380091429e+08
67 14 2.34829039102445155382e+08
67 15 -1.10001766184354037046e+08
67 16 3.80040293612387403846e+07
67 17 1.41730858883604377508e+08
67 18 1.73722002027338117361e+08
67 19 8.73785441880490112305e+11
67 20 -3.77406461961757898331e+09
67 21 -2.52773050862580468750e+12
67 22 -6.92910942074665039062e+11
67 23 -2.27492516889219451904e+11
67 24 -2.20454654803302078247e+10
67 25 6.82844028353236816406e+11
67 26 -2.57906353731414001465e+11
67 27 -3.20563865422681335449e+11
67 28 -5.20238079354649543762e+09
67 29 -1.80980898018996069336e+12
67 30 1.54113379088729237493e-02
67 31 1.23888938595542643512e-02
67 32 -6.75763330186392452426e-02
67 33 1.36587813880808001815e-02
67 34 -2.15639406875949811437e-02
67 35 1.56443936352897335074e-02
67 36 6.12898076629336059570e+11
67 37 6.41374000315640869141e+11
67 38 -1.39172746836034692383e+12
67 39 1.26889880176806612872e+06
67 40 5.13452044969478845596e+08
67 41 1.94232305941767811775e+08
67 42 -6.07774698497430682182e+08
67 43 -1.97030392232752293348e+08
67 44 2.28231195227020699531e+06
67 45 -4.74141928461064086914e+11
67 46 -1.83436929894948730469e+12
67 47 7.34939446065826416016e+11
67 48 4.96881617274125549316e+11
67 49 -1.73079051239022949219e+11
67 50 1.41457675541975059509e+10
67 51 1.21888999147664672852e+12
67 52 -4.35382682292357906699e+07
67 53 4.61512287038816630840e+08
67 54 -1.98579490685559133999e+06
67 55 9.21250538766661882401e+07
67 56 4.05913187814900159836e+08
67 57 2.70272308759815692902e+08
67 58 1.73121289113109512329e+10
67 59 1.84848602871287460327e+10
67 60 -1.72969153283526077271e+10
67 61 -2.17259948756916137695e+11
67 62 4.35205515120983352661e+10
67 63 2.57420098367255592346e+10
67 64 1.71614499169299697876e+10
67 65 -9.79774164018027877808e+09
67 66 -1.50354947923044311523e+11
67 67 -1.13857573615561060570e-06
67 68 -5.78787784030000522495e-04
67 69 1.02255918384482405448e-03
67 70 -8.77110600010659277083e-04
67 71 1.63439492192672704957e-05
67 72 -2.21196387766831828892e-04
67 73 6.17315910509315551758e+11
67 74 -5.36432122956408202648e+08
67 75 5.69850249657160339355e+10
67 76 6.31156753897842407227e+11
67 77 -2.12755768086830749512e+11
67 78 -2.03037832740226257324e+11
67 79 2.20687878197144287109e+11
67 80 1.61207420575735900879e+11
67 81 1.78680012224117919922e+11
67 82 -5.02801666046196371780e-04
67 83 1.01714133445509257933e-03
67 84 -8.23243362810821728559e-04
67 85 -2.44761345552873795309e-03
67 86 1.42273969035331283167e-03
67 87 1.48001914809089800407e-03
67 88 1.00081496871535873413e+10
67 89 4.92727453669964370728e+10
67 90 1.03475828294943714142e+10
67 91 4.09213875164265136719e+10
67 92 -1.11302638221250808716e+11
67 93 1.51479109771058769226e+10
67 94 3.94755312567228775024e+10
67 95 6.03432055137555408478e+09
68 0 -6.56682270253218994141e+11
68 1 1.62415129662410583496e+11
68 2 6.44295379094119018555e+11
68 3 1.60961072323134727478e+10
68 4 2.54244280315033378601e+10
68 5 -5.08413767588196105957e+11
68 6 -1.14458988383421077728e+10
68 7 4.17387806240765457153e+10
68 8 1.31782153051049285889e+11
68 9 8.63570450214947143555e+11
68 10 -1.23950647223630310059e+11
68 11 -1.07499870032471866608e+10
68 12 -2.03703988944956512451e+10
68 13 2.63122171249031692743e+08
68 14 4.84190387220302963257e+09
68 15 -2.70796895289683437347e+09
68 16 -1.01481222410709428787e+09
68 17 -1.70618224250725784302e+10
68 18 2.56877635360637521744e+09
68 19 -1.20046018472902075195e+12
68 20 -3.47339169440022964478e+10
68 21 1.76155181810142773438e+12
68 22 1.64624137431530132294e+10
68 23 3.30735288535513591766e+09
68 24 9.42721558053242683411e+09
68 25 2.89989692207873168945e+11
68 26 7.74284487702613677979e+10
68 27 4.21708397976596191406e+11
68 28 1.30935429306467304230e+10
68 29 -3.29854626704017639160e+08
68 30 -7.11677977020523915702e-03
68 31 -4.68136459935819754588e-04
68 32 6.05625119586677106154e-03
68 33 1.21411081427864908124e-03
68 34 -1.61936365987869743989e-03
68 35 5.40623279044852907832e-03
68 36 -5.14259626545454559326e+10
68 37 -1.18464501714250396729e+11
68 38 3.49462811912283096313e+10
68 39 2.66883284602990055084e+09
68 40 3.64762399409359693527e+09
68 41 -5.14428799615142822266e+09
68 42 4.17733070308810710907e+08
68 43 -3.59706776553022480011e+09
68 44 -2.04018803107753448486e+10
68 45 1.08909297193639259338e+10
68 46 1.31009089575594873047e+12
68 47 -8.16818042395924072266e+10
68 48 5.92127025083487243652e+10
68 49 -2.16723582723939819336e+11
68 50 3.58225363573445892334e+09
68 51 3.51026429935582122803e+10
68 52 -2.18732841942868280411e+09
68 53 3.05541983379737317562e+08
68 54 -2.92529208711335601807e+10
68 55 -4.84340415956792950630e+08
68 56 -7.86923868191606044769e+08
68 57 -1.02020591044821190834e+09
68 58 -3.67314964566298866272e+09
68 59 -8.95306887152743339539e+09
68 60 1.18162397732937641144e+10
68 61 1.06442059507669334412e+10
68 62 -5.88408502322566375732e+10
68 63 6.21610601045314712524e+10
68 64 -6.96235588927437686920e+09
68 65 1.27587419049975013733e+10
68 66 1.10755497651342376709e+11
68 67 6.61708202222943686621e-04
68 68 2.51597377854815060618e-05
68 69 -2.47479078955200226982e-04
68 70 -2.50929759907231536911e-04
68 71 -3.57870166621535458051e-04
68 72 4.09032587482126730894e-05
68 73 -5.69506654752170776367e+11
68 74 -6.88865706021724796295e+09
68 75 1.03102249598608367920e+11
68 76 -4.09629748626404724121e+11
68 77 4.59825359981575500488e+11
68 78 -6.27427025651976470947e+10
68 79 -1.77891703197652864456e+09
68 80 -1.06687779900230133057e+11
68 81 -7.04214492816857299805e+10
68 82 8.41895498161274115530e-04
68 83 5.49331177804147398336e-04
68 84 -3.01869599554174285194e-05
68 85 1.43117041786467499159e-03
68 86 -2.15620849896208937203e-04
68 87 -8.29736184214158439126e-04
68 88 -1.45696671618073101044e+10
68 89 -3.09521673528734054565e+10
68 90 -1.99073403613075790405e+10
68 91 -6.83222400535334701538e+10
68 92 -2.08960241459382629395e+10
68 93 -2.17163905203827018738e+10
68 94 -2.56355960374051551819e+10
68 95 -1.18244969241229362488e+10
69 0 1.41614110500357910156e+11
69 1 3.10655305728052551270e+11
69 2 -2.28979924928656494141e+11
69 3 2.22956032982639579773e+10
69 4 5.22856902252747192383e+11
69 5 1.23674177029206604004e+11
69 6 5.29902798229894447327e+09
69 7 -4.57911873416810154915e+08
69 8 8.79587943111036132812e+11
69 9 -2.02639472649169586182e+11
69 10 -3.96421867718707580566e+11
69 11 -4.59978024320372104645e+09
69 12 1.62712552361350830078e+11
69 13 2.51403993300090360641e+09
69 14 -3.08573653685447645187e+09
69 15 -3.28717652907514619827e+09
69 16 -3.30679830811121940613e+08
69 17 -7.12045120749033570290e+08
69 18 1.41644785452374076843e+09
69 19 2.39606172319483062744e+11
69 20 1.22399383132157115936e+10
69 21 1.57663194662504638672e+11
69 22 1.48831257311411425781e+12
69 23 4.28797775876794616699e+11
69 24 -1.37068980017470302582e+10
69 25 -6.59819672365228271484e+11
69 26 3.48601576442772674561e+10
69 27 -8.91846611006043853760e+10
69 28 -1.65767571992864322662e+09
69 29 -3.98073568247233825684e+11
69 30 6.60364630240478037854e-03
69 31 8.73785680417254084947e-04
69 32 -1.04926503656585096147e-02
69 33 5.69112389839346918124e-03
69 34 -1.22390242278707381610e-03
69 35 6.77929480022270661982e-03
69 36 -4.84856637544293823242e+11
69 37 -5.12728678898886230469e+11
69 38 -3.51734477472012084961e+11
69 39 -3.23907631881100654602e+09
69 40 -6.62616148365115046501e+08
69 41 -2.69345190022468805313e+08
69 42 4.77012165495854663849e+09
69 43 1.07515279409361982346e+09
69 44 -1.18850737148404400796e+06
69 45 9.97141828455974365234e+11
69 46 1.01808908962096466064e+11
69 47 -5.83004138444040893555e+11
69 48 1.25973961996642456055e+10
69 49 3.41216112507778259277e+11
69 50 -1.22240780426714462280e+11
69 51 2.08572455081904418945e+11
69 52 -5.63683085597941517830e+08
69 53 -3.01616583388160657883e+09
69 54 1.41093039497553259134e+08
69 55 1.59659869789880061150e+09
69 56 -7.89899254746666193008e+08
69 57 -9.38663848024366497993e+08
69 58 7.11864691439642524719e+09
69 59 -1.23696821300846214294e+10
69 60 1.59583774673040409088e+10
69 61 1.71751991626508331299e+11
69 62 1.63037022554467544556e+10
69 63 4.22115097921771860123e+09
69 64 -9.79196975356901741028e+09
69 65 1.43285783742491664886e+10
69 66 1.26875300495366622925e+11
69 67 -1.01911450497195119058e-03
69 68 2.49732530895455540759e-04
69 69 -2.34674254791969840502e-06
69 70 -3.26833095138027020059e-05
69 71 2.10674301866288824327e-04
69 72 6.79259724909489080898e-04
69 73 5.02070681674218597412e+10
69 74 2.78839096382024230957e+10
69 75 -1.54556289322832336426e+11
69 76 2.99080811764230346680e+11
69 77 -2.87314288254602905273e+11
69 78 1.56747094067382812500e+11
69 79 1.16882025243559417725e+10
69 80 -1.27113659020094909668e+10
69 81 1.51630507717236328125e+11
69 82 -2.95403659701305265455e-04
69 83 -1.52632337806645965173e-03
69 84 -5.69399200427875415084e-04
69 85 -1.04747200614728475099e-03
69 86 -2.84415561715571456585e-04
69 87 1.04304377233366187688e-03
69 88 8.00131868449484348297e+09
69 89 1.26158733156350402832e+10
69 90 -2.32062461219238376617e+09
69 91 3.05468915793418273926e+10
69 92 8.56099564491939392090e+10
69 93 1.20797835906703300476e+10
69 94 8.03413607540395736694e+09
69 95 -1.17229463305664396286e+09
70 0 -1.61766806704217010498e+11
70 1 2.35229265453898956299e+11
70 2 9.45140405828191680908e+10
70 3 3.11518511903877525330e+10
70 4 -2.48743996401087493896e+11
70 5 -1.26539701704023605347e+11
70 6 1.06897095021688175201e+10
70 7 -1.44982856431646060944e+10
70 8 -1.92804067377794824219e+12
70 9 2.54436736124185150146e+11
70 10 2.06595128287851989746e+11
70 11 -2.31092286540101890564e+10
70 12 3.15551351495576972961e+10
70 13 -6.34069346612178230286e+09
70 14 -1.10329852138785386086e+09
70 15 -7.49925240463041782379e+09
70 16 -3.99790197974065542221e+07
70 17 -2.47211335761948871613e+09
70 18 8.30742341911715269089e+08
70 19 -3.56452013143200439453e+11
70 20 -1.10131402447327384949e+10
70 21 6.38205301695958175659e+10
70 22 -1.01048982833588293457e+12
70 23 -1.55925778461388854980e+11
70 24 -1.78893510255980758667e+10
70 25 4.80948660009553344727e+11
70 26 1.94490685600828277588e+11
70 27 1.24205031755081924438e+11
70 28 2.44743774707945289612e+10
70 29 -3.19986174414027465820e+11
70 30 -2.38653932073528037006e-03
70 31 3.47577119332389238016e-03
70 32 -1.48974062768297554893e-02
70 33 7.05803858640744515712e-04
70 34 -9.31902279832353720723e-03
70 35 4.08017323314884428759e-03
70 36 1.02766195024168615723e+12
70 37 1.21142522575030102539e+12
70 38 -1.40446146479805877686e+11
70 39 9.93969587166366577148e+09
70 40 8.09819135784438705444e+09
70 41 3.30436925485170698166e+09
70 42 -1.88340930553756866455e+10
70 43 -1.53073548479216814041e+08
70 44 3.90018990825539678335e+07
70 45 -6.85723673750859008789e+11
70 46 3.74127527250237121582e+10
70 47 1.29121198046189160156e+12
70 48 1.98218255611694946289e+11
70 49 -1.87039368798538757324e+11
70 50 4.48725270843500610352e+11
70 51 2.51487249543258270264e+11
70 52 6.93694559380211949348e+08
70 53 5.84246768691522789001e+09
70 54 -4.19143175784333646297e+07
70 55 9.21283983448633766174e+09
70 56 7.42624951900052070618e+09
70 57 -1.48294312806861476898e+10
70 58 -1.58584513573861503601e+10
70 59 1.52270972274420375824e+10
70 60 1.82863168308264274597e+10
70 61 -3.61647101208798400879e+11
70 62 -8.72626866887788200378e+09
70 63 -2.01233688728795242310e+10
70 64 1.55080072352246990204e+10
70 65 1.56066819117516956329e+10
70 66 -4.55590789951059509277e+11
70 67 8.83388696382049714954e-04
70 68 3.24215751756031975682e-04
70 69 2.51672848150780685680e-05
70 70 -2.72552532700243740731e-06
70 71 3.36399555263857384137e-04
70 72 -1.41097078044454264829e-03
70 73 3.62150728813072357178e+10
70 74 -8.19527585491642761230e+10
70 75 2.45984064977942443848e+11
70 76 5.81540479014131713867e+11
70 77 -1.74251767931352447510e+11
70 78 -1.90881808921527832031e+11
70 79 -5.00598951821969360352e+11
70 80 9.88829367766201477051e+10
70 81 -1.24297211162090209961e+11
70 82 -5.27632417603314009258e-04
70 83 1.59338216918826340064e-03
70 84 4.10792210699453103594e-04
70 85 3.52450716473254777213e-04
70 86 -5.42667086493515624102e-04
70 87 -9.58329798572426019843e-04
70 88 1.46449608533268032074e+10
70 89 4.59506229461880493164e+10
70 90 -3.88767300273690032959e+10
70 91 2.65417400682873535156e+09
70 92 -1.29047440117226013184e+11
70 93 2.12418548099827232361e+10
70 94 3.49880381203747482300e+10
70 95 -2.22065522944859580994e+10
71 0 2.47923763431644927979e+11
71 1 5.68224455036424102783e+10
71 2 -2.20783111132154510498e+11
71 3 -2.78046419188682174683e+09
71 4 1.16593338507025337219e+10
71 5 1.91257442818800567627e+11
71 6 -2.67244493777548713684e+10
71 7 2.23744680752010955811e+10
71 8 2.06694720073002746582e+11
71 9 -2.90538185171796936035e+11
71 10 -3.84552148407238998413e+10
71 11 1.00592217200457916260e+10
71 12 1.12054675225910358429e+10
71 13 -1.79835581988585257530e+09
71 14 3.36551674147830820084e+09
71 15 6.61039750805364990234e+09
71 16 -1.04777783545073881745e+08
71 17 -9.06572177807876348495e+08
71 18 -3.35214153870464420319e+09
71 19 3.84794359694079895020e+11
71 20 2.38026913855768623352e+10
71 21 -3.53480132399250610352e+11
71 22 -6.12904284197712402344e+11
71 23 4.62971123161951065063e+09
71 24 5.51982992701701431274e+10
71 25 -4.92474565354838928223e+11
71 26 -9.02240538256928955078e+11
71 27 -1.26597159432819351196e+11
71 28 -1.42856364981163120270e+10
71 29 -1.58576332679931610107e+11
71 30 1.99513555570171542339e-03
71 31 -1.51037532543445889369e-04
71 32 -1.05187047727105537770e-02
71 33 -1.49688763260679032468e-04
71 34 -1.63502606570879228422e-03
71 35 1.67725380788207706871e-03
71 36 -3.87623389958680038452e+10
71 37 -2.49695157176572387695e+11
71 38 -7.10769117113590087891e+10
71 39 8.16393808419840621948e+09
71 40 2.46405415284643602371e+09
71 41 2.10340274438008093834e+09
71 42 3.54029958123793363571e+09
71 43 -1.91752074915691542625e+09
71 44 -7.34772417038692720234e+06
71 45 -3.20130788553339965820e+11
71 46 -2.47619794663079345703e+11
71 47 -1.67986797152608886719e+11
71 48 1.27744288845018722534e+11
71 49 1.79673896439327880859e+11
71 50 -2.65727877490599899292e+10
71 51 1.64181836354617767334e+11
71 52 -5.11554773460192739964e+08
71 53 3.57108434536898422241e+09
71 54 -7.53921206111913770437e+07
71 55 -8.36768139281008124352e+08
71 56 5.50516331294071078300e+08
71 57 2.65450229642059659958e+09
71 58 -8.26058335242401242256e+08
71 59 -6.09042049973186111450e+09
71 60 -5.12570123942281782627e+08
71 61 1.10292349944957866669e+10
71 62 3.50720212612552719116e+10
71 63 1.95045237014320564270e+10
71 64 -5.55316221961849403381e+09
71 65 8.23001363372079730034e+08
71 66 3.06877203455072692871e+11
71 67 5.63172083365593584021e-06
71 68 4.08946691869626678152e-04
71 69 -2.31468552305363363657e-04
71 70 -3.22882890827368065206e-04
71 71 -4.76805091835899138084e-06
71 72 -2.69545639655193391363e-04
71 73 2.61918568409647598267e+10
71 74 -5.94976548588200805664e+11
71 75 1.56427938647740478516e+11
71 76 -4.05499898295463500977e+11
71 77 -8.96335375675392333984e+11
71 78 -2.16440710490282470703e+11
71 79 4.35076224211779113770e+11
71 80 -2.20652370658682861328e+11
71 81 -9.19443131783853149414e+10
71 82 9.52136427708518903734e-04
71 83 1.11609213774468713637e-03
71 84 -7.02421915484475827517e-04
71 85 3.54058679598952122988e-04
71 86 1.13682527941612559856e-03
71 87 1.32785490428328790133e-04
71 88 -3.75340928507527770996e+10
71 89 -3.05559490806993255615e+10
71 90 2.18559074120440025330e+10
71 91 8.76885864685022277832e+10
71 92 -8.04969770791001129150e+10
71 93 -5.74214050893595428467e+10
71 94 -2.29919933785405845642e+10
71 95 1.29155972241249389648e+10
