605 605 605 4.37729201009469063502e+37
605 605 1186 -1.60020858805346642966e+36
605 605 1906 1.11683683072690251594e+36
605 1186 605 -1.60025046245472877078e+36
605 1186 1186 5.77232097264517587980e+48
605 1186 1906 -1.95774413039013558824e+48
605 1906 605 1.11699854895373259933e+36
605 1906 1186 -1.95774413039013429016e+48
605 1906 1906 1.14897884643276198200e+48
1186 605 605 -2.71580837403027022113e+33
1186 605 1186 5.77235791965297911004e+48
1186 605 1906 -1.95764722287588829226e+48
1186 1186 605 5.77235791965297911004e+48
1186 1906 605 -1.95764722287588764323e+48
1906 605 605 5.04504698580713276658e+36
1906 605 1186 -1.95779256480555979717e+48
1906 605 1906 1.14912034478902885162e+48
1906 1186 605 -1.95779256480555947266e+48
1906 1906 605 1.14912034478902771581e+48
