atom1 xyz1 atom2 xyz2 ifc2
1    1    1    1    3.0536843226e-01
1    1    2    1    -1.7529951830e-03
1    1    3    1    -1.7529951830e-03
1    1    4    1    1.9455720764e-02
1    1    5    1    -8.0329540664e-02
1    1    5    2    -6.7480504539e-02
1    1    5    3    -6.7480504539e-02
1    1    6    1    -8.0329540664e-02
1    1    6    2    -6.7480504539e-02
1    1    6    3    6.7480504539e-02
1    1    7    1    -8.0329540664e-02
1    1    7    2    6.7480504539e-02
1    1    7    3    -6.7480504539e-02
1    1    8    1    -8.0329540664e-02
1    1    8    2    6.7480504539e-02
1    1    8    3    6.7480504539e-02
1    2    1    2    3.0536843226e-01
1    2    2    2    -1.7529951830e-03
1    2    3    2    1.9455720764e-02
1    2    4    2    -1.7529951830e-03
1    2    5    1    -6.7480504539e-02
1    2    5    2    -8.0329540664e-02
1    2    5    3    -6.7480504539e-02
1    2    6    1    -6.7480504539e-02
1    2    6    2    -8.0329540664e-02
1    2    6    3    6.7480504539e-02
1    2    7    1    6.7480504539e-02
1    2    7    2    -8.0329540664e-02
1    2    7    3    6.7480504539e-02
1    2    8    1    6.7480504539e-02
1    2    8    2    -8.0329540664e-02
1    2    8    3    -6.7480504539e-02
1    3    1    3    3.0536843226e-01
1    3    2    3    1.9455720764e-02
1    3    3    3    -1.7529951830e-03
1    3    4    3    -1.7529951830e-03
1    3    5    1    -6.7480504539e-02
1    3    5    2    -6.7480504539e-02
1    3    5    3    -8.0329540664e-02
1    3    6    1    6.7480504539e-02
1    3    6    2    6.7480504539e-02
1    3    6    3    -8.0329540664e-02
1    3    7    1    -6.7480504539e-02
1    3    7    2    6.7480504539e-02
1    3    7    3    -8.0329540664e-02
1    3    8    1    6.7480504539e-02
1    3    8    2    -6.7480504539e-02
1    3    8    3    -8.0329540664e-02
2    1    1    1    -1.7529951830e-03
2    1    2    1    3.0536843226e-01
2    1    3    1    1.9455720764e-02
2    1    4    1    -1.7529951830e-03
2    1    5    1    -8.0329540664e-02
2    1    5    2    -6.7480504539e-02
2    1    5    3    6.7480504539e-02
2    1    6    1    -8.0329540664e-02
2    1    6    2    -6.7480504539e-02
2    1    6    3    -6.7480504539e-02
2    1    7    1    -8.0329540664e-02
2    1    7    2    6.7480504539e-02
2    1    7    3    6.7480504539e-02
2    1    8    1    -8.0329540664e-02
2    1    8    2    6.7480504539e-02
2    1    8    3    -6.7480504539e-02
2    2    1    2    -1.7529951830e-03
2    2    2    2    3.0536843226e-01
2    2    3    2    -1.7529951830e-03
2    2    4    2    1.9455720764e-02
2    2    5    1    -6.7480504539e-02
2    2    5    2    -8.0329540664e-02
2    2    5    3    6.7480504539e-02
2    2    6    1    -6.7480504539e-02
2    2    6    2    -8.0329540664e-02
2    2    6    3    -6.7480504539e-02
2    2    7    1    6.7480504539e-02
2    2    7    2    -8.0329540664e-02
2    2    7    3    -6.7480504539e-02
2    2    8    1    6.7480504539e-02
2    2    8    2    -8.0329540664e-02
2    2    8    3    6.7480504539e-02
2    3    1    3    1.9455720764e-02
2    3    2    3    3.0536843226e-01
2    3    3    3    -1.7529951830e-03
2    3    4    3    -1.7529951830e-03
2    3    5    1    6.7480504539e-02
2    3    5    2    6.7480504539e-02
2    3    5    3    -8.0329540664e-02
2    3    6    1    -6.7480504539e-02
2    3    6    2    -6.7480504539e-02
2    3    6    3    -8.0329540664e-02
2    3    7    1    6.7480504539e-02
2    3    7    2    -6.7480504539e-02
2    3    7    3    -8.0329540664e-02
2    3    8    1    -6.7480504539e-02
2    3    8    2    6.7480504539e-02
2    3    8    3    -8.0329540664e-02
3    1    1    1    -1.7529951830e-03
3    1    2    1    1.9455720764e-02
3    1    3    1    3.0536843226e-01
3    1    4    1    -1.7529951830e-03
3    1    5    1    -8.0329540664e-02
3    1    5    2    6.7480504539e-02
3    1    5    3    -6.7480504539e-02
3    1    6    1    -8.0329540664e-02
3    1    6    2    6.7480504539e-02
3    1    6    3    6.7480504539e-02
3    1    7    1    -8.0329540664e-02
3    1    7    2    -6.7480504539e-02
3    1    7    3    -6.7480504539e-02
3    1    8    1    -8.0329540664e-02
3    1    8    2    -6.7480504539e-02
3    1    8    3    6.7480504539e-02
3    2    1    2    1.9455720764e-02
3    2    2    2    -1.7529951830e-03
3    2    3    2    3.0536843226e-01
3    2    4    2    -1.7529951830e-03
3    2    5    1    6.7480504539e-02
3    2    5    2    -8.0329540664e-02
3    2    5    3    6.7480504539e-02
3    2    6    1    6.7480504539e-02
3    2    6    2    -8.0329540664e-02
3    2    6    3    -6.7480504539e-02
3    2    7    1    -6.7480504539e-02
3    2    7    2    -8.0329540664e-02
3    2    7    3    -6.7480504539e-02
3    2    8    1    -6.7480504539e-02
3    2    8    2    -8.0329540664e-02
3    2    8    3    6.7480504539e-02
3    3    1    3    -1.7529951830e-03
3    3    2    3    -1.7529951830e-03
3    3    3    3    3.0536843226e-01
3    3    4    3    1.9455720764e-02
3    3    5    1    -6.7480504539e-02
3    3    5    2    6.7480504539e-02
3    3    5    3    -8.0329540664e-02
3    3    6    1    6.7480504539e-02
3    3    6    2    -6.7480504539e-02
3    3    6    3    -8.0329540664e-02
3    3    7    1    -6.7480504539e-02
3    3    7    2    -6.7480504539e-02
3    3    7    3    -8.0329540664e-02
3    3    8    1    6.7480504539e-02
3    3    8    2    6.7480504539e-02
3    3    8    3    -8.0329540664e-02
4    1    1    1    1.9455720764e-02
4    1    2    1    -1.7529951830e-03
4    1    3    1    -1.7529951830e-03
4    1    4    1    3.0536843226e-01
4    1    5    1    -8.0329540664e-02
4    1    5    2    6.7480504539e-02
4    1    5    3    6.7480504539e-02
4    1    6    1    -8.0329540664e-02
4    1    6    2    6.7480504539e-02
4    1    6    3    -6.7480504539e-02
4    1    7    1    -8.0329540664e-02
4    1    7    2    -6.7480504539e-02
4    1    7    3    6.7480504539e-02
4    1    8    1    -8.0329540664e-02
4    1    8    2    -6.7480504539e-02
4    1    8    3    -6.7480504539e-02
4    2    1    2    -1.7529951830e-03
4    2    2    2    1.9455720764e-02
4    2    3    2    -1.7529951830e-03
4    2    4    2    3.0536843226e-01
4    2    5    1    6.7480504539e-02
4    2    5    2    -8.0329540664e-02
4    2    5    3    -6.7480504539e-02
4    2    6    1    6.7480504539e-02
4    2    6    2    -8.0329540664e-02
4    2    6    3    6.7480504539e-02
4    2    7    1    -6.7480504539e-02
4    2    7    2    -8.0329540664e-02
4    2    7    3    6.7480504539e-02
4    2    8    1    -6.7480504539e-02
4    2    8    2    -8.0329540664e-02
4    2    8    3    -6.7480504539e-02
4    3    1    3    -1.7529951830e-03
4    3    2    3    -1.7529951830e-03
4    3    3    3    1.9455720764e-02
4    3    4    3    3.0536843226e-01
4    3    5    1    6.7480504539e-02
4    3    5    2    -6.7480504539e-02
4    3    5    3    -8.0329540664e-02
4    3    6    1    -6.7480504539e-02
4    3    6    2    6.7480504539e-02
4    3    6    3    -8.0329540664e-02
4    3    7    1    6.7480504539e-02
4    3    7    2    6.7480504539e-02
4    3    7    3    -8.0329540664e-02
4    3    8    1    -6.7480504539e-02
4    3    8    2    -6.7480504539e-02
4    3    8    3    -8.0329540664e-02
5    1    1    1    -8.0329540664e-02
5    1    1    2    -6.7480504539e-02
5    1    1    3    -6.7480504539e-02
5    1    2    1    -8.0329540664e-02
5    1    2    2    -6.7480504539e-02
5    1    2    3    6.7480504539e-02
5    1    3    1    -8.0329540664e-02
5    1    3    2    6.7480504539e-02
5    1    3    3    -6.7480504539e-02
5    1    4    1    -8.0329540664e-02
5    1    4    2    6.7480504539e-02
5    1    4    3    6.7480504539e-02
5    1    5    1    3.0536843226e-01
5    1    6    1    -1.7529951830e-03
5    1    7    1    -1.7529951830e-03
5    1    8    1    1.9455720764e-02
5    2    1    1    -6.7480504539e-02
5    2    1    2    -8.0329540664e-02
5    2    1    3    -6.7480504539e-02
5    2    2    1    -6.7480504539e-02
5    2    2    2    -8.0329540664e-02
5    2    2    3    6.7480504539e-02
5    2    3    1    6.7480504539e-02
5    2    3    2    -8.0329540664e-02
5    2    3    3    6.7480504539e-02
5    2    4    1    6.7480504539e-02
5    2    4    2    -8.0329540664e-02
5    2    4    3    -6.7480504539e-02
5    2    5    2    3.0536843226e-01
5    2    6    2    -1.7529951830e-03
5    2    7    2    1.9455720764e-02
5    2    8    2    -1.7529951830e-03
5    3    1    1    -6.7480504539e-02
5    3    1    2    -6.7480504539e-02
5    3    1    3    -8.0329540664e-02
5    3    2    1    6.7480504539e-02
5    3    2    2    6.7480504539e-02
5    3    2    3    -8.0329540664e-02
5    3    3    1    -6.7480504539e-02
5    3    3    2    6.7480504539e-02
5    3    3    3    -8.0329540664e-02
5    3    4    1    6.7480504539e-02
5    3    4    2    -6.7480504539e-02
5    3    4    3    -8.0329540664e-02
5    3    5    3    3.0536843226e-01
5    3    6    3    1.9455720764e-02
5    3    7    3    -1.7529951830e-03
5    3    8    3    -1.7529951830e-03
6    1    1    1    -8.0329540664e-02
6    1    1    2    -6.7480504539e-02
6    1    1    3    6.7480504539e-02
6    1    2    1    -8.0329540664e-02
6    1    2    2    -6.7480504539e-02
6    1    2    3    -6.7480504539e-02
6    1    3    1    -8.0329540664e-02
6    1    3    2    6.7480504539e-02
6    1    3    3    6.7480504539e-02
6    1    4    1    -8.0329540664e-02
6    1    4    2    6.7480504539e-02
6    1    4    3    -6.7480504539e-02
6    1    5    1    -1.7529951830e-03
6    1    6    1    3.0536843226e-01
6    1    7    1    1.9455720764e-02
6    1    8    1    -1.7529951830e-03
6    2    1    1    -6.7480504539e-02
6    2    1    2    -8.0329540664e-02
6    2    1    3    6.7480504539e-02
6    2    2    1    -6.7480504539e-02
6    2    2    2    -8.0329540664e-02
6    2    2    3    -6.7480504539e-02
6    2    3    1    6.7480504539e-02
6    2    3    2    -8.0329540664e-02
6    2    3    3    -6.7480504539e-02
6    2    4    1    6.7480504539e-02
6    2    4    2    -8.0329540664e-02
6    2    4    3    6.7480504539e-02
6    2    5    2    -1.7529951830e-03
6    2    6    2    3.0536843226e-01
6    2    7    2    -1.7529951830e-03
6    2    8    2    1.9455720764e-02
6    3    1    1    6.7480504539e-02
6    3    1    2    6.7480504539e-02
6    3    1    3    -8.0329540664e-02
6    3    2    1    -6.7480504539e-02
6    3    2    2    -6.7480504539e-02
6    3    2    3    -8.0329540664e-02
6    3    3    1    6.7480504539e-02
6    3    3    2    -6.7480504539e-02
6    3    3    3    -8.0329540664e-02
6    3    4    1    -6.7480504539e-02
6    3    4    2    6.7480504539e-02
6    3    4    3    -8.0329540664e-02
6    3    5    3    1.9455720764e-02
6    3    6    3    3.0536843226e-01
6    3    7    3    -1.7529951830e-03
6    3    8    3    -1.7529951830e-03
7    1    1    1    -8.0329540664e-02
7    1    1    2    6.7480504539e-02
7    1    1    3    -6.7480504539e-02
7    1    2    1    -8.0329540664e-02
7    1    2    2    6.7480504539e-02
7    1    2    3    6.7480504539e-02
7    1    3    1    -8.0329540664e-02
7    1    3    2    -6.7480504539e-02
7    1    3    3    -6.7480504539e-02
7    1    4    1    -8.0329540664e-02
7    1    4    2    -6.7480504539e-02
7    1    4    3    6.7480504539e-02
7    1    5    1    -1.7529951830e-03
7    1    6    1    1.9455720764e-02
7    1    7    1    3.0536843226e-01
7    1    8    1    -1.7529951830e-03
7    2    1    1    6.7480504539e-02
7    2    1    2    -8.0329540664e-02
7    2    1    3    6.7480504539e-02
7    2    2    1    6.7480504539e-02
7    2    2    2    -8.0329540664e-02
7    2    2    3    -6.7480504539e-02
7    2    3    1    -6.7480504539e-02
7    2    3    2    -8.0329540664e-02
7    2    3    3    -6.7480504539e-02
7    2    4    1    -6.7480504539e-02
7    2    4    2    -8.0329540664e-02
7    2    4    3    6.7480504539e-02
7    2    5    2    1.9455720764e-02
7    2    6    2    -1.7529951830e-03
7    2    7    2    3.0536843226e-01
7    2    8    2    -1.7529951830e-03
7    3    1    1    -6.7480504539e-02
7    3    1    2    6.7480504539e-02
7    3    1    3    -8.0329540664e-02
7    3    2    1    6.7480504539e-02
7    3    2    2    -6.7480504539e-02
7    3    2    3    -8.0329540664e-02
7    3    3    1    -6.7480504539e-02
7    3    3    2    -6.7480504539e-02
7    3    3    3    -8.0329540664e-02
7    3    4    1    6.7480504539e-02
7    3    4    2    6.7480504539e-02
7    3    4    3    -8.0329540664e-02
7    3    5    3    -1.7529951830e-03
7    3    6    3    -1.7529951830e-03
7    3    7    3    3.0536843226e-01
7    3    8    3    1.9455720764e-02
8    1    1    1    -8.0329540664e-02
8    1    1    2    6.7480504539e-02
8    1    1    3    6.7480504539e-02
8    1    2    1    -8.0329540664e-02
8    1    2    2    6.7480504539e-02
8    1    2    3    -6.7480504539e-02
8    1    3    1    -8.0329540664e-02
8    1    3    2    -6.7480504539e-02
8    1    3    3    6.7480504539e-02
8    1    4    1    -8.0329540664e-02
8    1    4    2    -6.7480504539e-02
8    1    4    3    -6.7480504539e-02
8    1    5    1    1.9455720764e-02
8    1    6    1    -1.7529951830e-03
8    1    7    1    -1.7529951830e-03
8    1    8    1    3.0536843226e-01
8    2    1    1    6.7480504539e-02
8    2    1    2    -8.0329540664e-02
8    2    1    3    -6.7480504539e-02
8    2    2    1    6.7480504539e-02
8    2    2    2    -8.0329540664e-02
8    2    2    3    6.7480504539e-02
8    2    3    1    -6.7480504539e-02
8    2    3    2    -8.0329540664e-02
8    2    3    3    6.7480504539e-02
8    2    4    1    -6.7480504539e-02
8    2    4    2    -8.0329540664e-02
8    2    4    3    -6.7480504539e-02
8    2    5    2    -1.7529951830e-03
8    2    6    2    1.9455720764e-02
8    2    7    2    -1.7529951830e-03
8    2    8    2    3.0536843226e-01
8    3    1    1    6.7480504539e-02
8    3    1    2    -6.7480504539e-02
8    3    1    3    -8.0329540664e-02
8    3    2    1    -6.7480504539e-02
8    3    2    2    6.7480504539e-02
8    3    2    3    -8.0329540664e-02
8    3    3    1    6.7480504539e-02
8    3    3    2    6.7480504539e-02
8    3    3    3    -8.0329540664e-02
8    3    4    1    -6.7480504539e-02
8    3    4    2    -6.7480504539e-02
8    3    4    3    -8.0329540664e-02
8    3    5    3    -1.7529951830e-03
8    3    6    3    -1.7529951830e-03
8    3    7    3    1.9455720764e-02
8    3    8    3    3.0536843226e-01
