1771
3 3 3 8.499902e+35
3 3 4 -2.411903e+36
3 3 5 1.033429e+36
3 3 6 -4.890495e+35
3 3 7 -6.019738e+36
3 3 8 -3.650834e+36
3 3 9 3.474644e+48
3 3 10 3.080005e+48
3 3 11 -1.079662e+48
3 3 12 -1.466366e+48
3 3 13 3.575630e+49
3 3 14 1.857347e+49
3 3 15 2.481697e+48
3 3 16 2.377658e+48
3 3 17 -2.298100e+48
3 3 18 -1.071779e+48
3 3 19 -3.706613e+48
3 3 20 -1.223403e+48
3 3 21 -2.802607e+48
3 3 22 2.052514e+47
3 3 23 -8.448096e+48
3 4 4 -5.282391e+36
3 4 5 4.322019e+36
3 4 6 4.056482e+35
3 4 7 9.170570e+36
3 4 8 -5.346768e+36
3 4 9 -2.371444e+48
3 4 10 -1.612791e+48
3 4 11 -5.736447e+47
3 4 12 2.101255e+48
3 4 13 2.043251e+48
3 4 14 -3.837696e+48
3 4 15 -3.655623e+49
3 4 16 1.804358e+48
3 4 17 -6.749186e+48
3 4 18 7.717652e+48
3 4 19 7.805663e+47
3 4 20 1.338977e+49
3 4 21 9.017011e+49
3 4 22 -2.158491e+47
3 4 23 2.686122e+49
3 5 5 -8.633816e+35
3 5 6 4.424161e+36
3 5 7 -1.419217e+37
3 5 8 -1.245827e+36
3 5 9 4.234940e+48
3 5 10 1.597887e+48
3 5 11 -6.402671e+47
3 5 12 -1.747714e+49
3 5 13 -2.857207e+48
3 5 14 7.965096e+48
3 5 15 -1.834138e+49
3 5 16 2.366597e+49
3 5 17 6.049729e+48
3 5 18 -6.523878e+48
3 5 19 -3.412915e+48
3 5 20 -2.273615e+49
3 5 21 2.585466e+49
3 5 22 3.346926e+48
3 5 23 5.051677e+49
3 6 6 8.435860e+35
3 6 7 6.164453e+36
3 6 8 -1.819576e+36
3 6 9 -2.270360e+48
3 6 10 -1.148802e+48
3 6 11 3.013835e+47
3 6 12 8.671797e+48
3 6 13 3.851919e+48
3 6 14 -2.274341e+48
3 6 15 -4.102126e+48
3 6 16 -1.107453e+49
3 6 17 -1.320775e+49
3 6 18 7.536514e+48
3 6 19 -3.280761e+48
3 6 20 2.313969e+49
3 6 21 4.308908e+49
3 6 22 -1.711420e+48
3 6 23 -3.836048e+49
3 7 7 4.948021e+36
3 7 8 1.498978e+37
3 7 9 -2.312019e+48
3 7 10 7.494191e+47
3 7 11 -2.190788e+48
3 7 12 2.046430e+49
3 7 13 -4.934222e+48
3 7 14 1.370330e+49
3 7 15 -1.242070e+49
3 7 16 -3.389465e+49
3 7 17 1.376469e+49
3 7 18 -1.060371e+48
3 7 19 7.257589e+48
3 7 20 -1.888914e+49
3 7 21 -5.876895e+48
3 7 22 -5.715329e+48
3 7 23 5.186290e+49
3 8 8 -5.408102e+35
3 8 9 -3.940537e+48
3 8 10 -2.180603e+48
3 8 11 -1.325603e+47
3 8 12 1.138434e+48
3 8 13 1.176657e+49
3 8 14 -1.854079e+49
3 8 15 1.506432e+48
3 8 16 7.412097e+48
3 8 17 2.398563e+49
3 8 18 6.781038e+48
3 8 19 3.489075e+49
3 8 20 1.300359e+49
3 8 21 -2.068905e+49
3 8 22 1.273143e+48
3 8 23 5.436837e+49
3 9 9 6.288196e+36
3 9 10 -3.576276e+36
3 9 11 -9.643272e+35
3 9 12 -3.415233e+36
3 9 13 -5.805637e+36
3 9 14 1.612143e+37
3 9 15 -9.730387e+47
3 9 16 4.136657e+48
3 9 17 4.656222e+48
3 9 18 -6.402292e+48
3 9 19 1.004946e+49
3 9 20 -5.950656e+48
3 9 21 -5.464296e+48
3 9 22 7.715421e+49
3 9 23 9.208853e+48
3 10 10 -4.292975e+36
3 10 11 -2.303980e+35
3 10 12 1.863386e+37
3 10 13 6.894721e+36
3 10 14 -1.326567e+37
3 10 15 -2.369449e+48
3 10 16 2.181480e+48
3 10 17 1.455822e+47
3 10 18 -5.450601e+48
3 10 19 6.993945e+48
3 10 20 -3.043393e+47
3 10 21 -4.966983e+48
3 10 22 -1.929556e+49
3 10 23 5.518382e+48
3 11 11 -4.191288e+34
3 11 12 -1.152516e+34
3 11 13 -1.523779e+35
3 11 14 1.578808e+35
3 11 15 -3.939114e+48
3 11 16 -3.582986e+48
3 11 17 1.393206e+48
3 11 18 3.713589e+48
3 11 19 1.541813e+47
3 11 20 1.839208e+48
3 11 21 5.084826e+48
3 11 22 -1.624936e+45
3 11 23 4.234579e+48
3 12 12 6.235218e+35
3 12 13 -8.232630e+35
3 12 14 5.457996e+34
3 12 15 5.884724e+49
3 12 16 -6.022765e+48
3 12 17 -3.014841e+49
3 12 18 -5.622223e+48
3 12 19 -2.878044e+49
3 12 20 2.180618e+49
3 12 21 -1.779347e+49
3 12 22 1.506144e+49
3 12 23 -5.379314e+49
3 13 13 -5.761421e+35
3 13 14 1.047972e+36
3 13 15 -2.736442e+49
3 13 16 8.862782e+45
3 13 17 -5.418238e+49
3 13 18 -7.539329e+49
3 13 19 2.436847e+49
3 13 20 2.286539e+49
3 13 21 2.488665e+49
3 13 22 5.471969e+47
3 13 23 -1.224660e+49
3 14 14 -3.307103e+36
3 14 15 4.188652e+49
3 14 16 -5.056853e+48
3 14 17 1.071885e+49
3 14 18 -4.504119e+49
3 14 19 4.216668e+49
3 14 20 -2.720571e+49
3 14 21 -4.717328e+49
3 14 22 -1.109835e+49
3 14 23 1.693763e+49
3 15 15 2.073674e+35
3 15 16 -3.950263e+36
3 15 17 1.099272e+37
3 15 18 1.198619e+36
3 15 19 8.491677e+36
3 15 20 -1.319206e+37
3 15 21 -9.356681e+35
3 15 22 2.323506e+33
3 15 23 -6.919344e+36
3 16 16 1.425711e+36
3 16 17 5.310872e+36
3 16 18 1.965999e+36
3 16 19 -1.081458e+35
3 16 20 -6.948754e+35
3 16 21 1.140490e+36
3 16 22 -5.109159e+34
3 16 23 -3.400316e+36
3 17 17 -7.595478e+36
3 17 18 -3.222834e+36
3 17 19 -6.593974e+36
3 17 20 -1.770817e+36
3 17 21 8.520235e+35
3 17 22 5.120268e+35
3 17 23 7.922958e+36
3 18 18 -1.111111e+36
3 18 19 -4.808716e+36
3 18 20 3.085685e+36
3 18 21 -2.662675e+36
3 18 22 -2.247758e+35
3 18 23 -1.323549e+36
3 19 19 -8.180707e+36
3 19 20 -2.212892e+36
3 19 21 6.628940e+36
3 19 22 -1.032311e+36
3 19 23 2.769604e+36
3 20 20 1.589281e+37
3 20 21 4.494906e+36
3 20 22 7.608484e+35
3 20 23 -7.728409e+35
3 21 21 3.646940e+36
3 21 22 8.481010e+35
3 21 23 7.761186e+36
3 22 22 -3.537923e+33
3 22 23 3.141340e+35
3 23 23 -4.013078e+36
4 4 4 -1.109630e+36
4 4 5 -1.841643e+35
4 4 6 7.161313e+35
4 4 7 7.732466e+35
4 4 8 -2.658537e+36
4 4 9 1.018787e+49
4 4 10 5.910541e+48
4 4 11 -1.782299e+49
4 4 12 -1.629779e+48
4 4 13 -7.585739e+48
4 4 14 -3.643931e+48
4 4 15 3.033205e+49
4 4 16 -6.074758e+48
4 4 17 -1.854898e+48
4 4 18 3.503938e+48
4 4 19 -7.802908e+48
4 4 20 8.079295e+48
4 4 21 5.269054e+49
4 4 22 -1.320187e+48
4 4 23 5.760075e+49
4 5 5 1.708752e+36
4 5 6 4.630880e+35
4 5 7 -1.051197e+36
4 5 8 1.157233e+36
4 5 9 -1.493245e+49
4 5 10 -1.289906e+49
4 5 11 6.080959e+48
4 5 12 7.207902e+47
4 5 13 1.188995e+49
4 5 14 -1.115162e+48
4 5 15 -1.140590e+49
4 5 16 2.682365e+48
4 5 17 -7.613275e+48
4 5 18 7.953981e+48
4 5 19 5.629257e+48
4 5 20 -2.614494e+49
4 5 21 -6.498342e+48
4 5 22 -4.807337e+48
4 5 23 -3.445138e+49
4 6 6 -3.122558e+36
4 6 7 4.710204e+36
4 6 8 9.593174e+35
4 6 9 1.084030e+49
4 6 10 8.792141e+48
4 6 11 -2.031501e+49
4 6 12 3.271717e+48
4 6 13 1.001544e+49
4 6 14 3.388943e+48
4 6 15 -2.750334e+49
4 6 16 5.243218e+48
4 6 17 9.257882e+48
4 6 18 -8.590204e+47
4 6 19 -3.785208e+48
4 6 20 9.343665e+48
4 6 21 -4.986273e+49
4 6 22 2.092909e+48
4 6 23 -3.008877e+49
4 7 7 2.228940e+36
4 7 8 4.592871e+36
4 7 9 -2.348110e+48
4 7 10 1.007575e+49
4 7 11 1.389039e+49
4 7 12 8.723707e+48
4 7 13 -1.478615e+48
4 7 14 6.672316e+48
4 7 15 -3.357004e+48
4 7 16 1.321643e+49
4 7 17 1.024134e+49
4 7 18 -4.278951e+49
4 7 19 1.064632e+49
4 7 20 1.391020e+49
4 7 21 1.482800e+49
4 7 22 2.080364e+49
4 7 23 -1.847124e+49
4 8 8 4.754197e+35
4 8 9 2.325813e+49
4 8 10 1.078127e+49
4 8 11 1.929369e+49
4 8 12 -3.128674e+48
4 8 13 1.282803e+48
4 8 14 -7.262969e+47
4 8 15 -3.877908e+48
4 8 16 -9.645439e+48
4 8 17 9.250278e+48
4 8 18 2.463368e+49
4 8 19 1.014993e+49
4 8 20 -6.789854e+48
4 8 21 1.101679e+49
4 8 22 -1.328277e+49
4 8 23 -2.736359e+49
4 9 9 1.110584e+36
4 9 10 -8.614751e+35
4 9 11 1.028775e+35
4 9 12 8.001005e+35
4 9 13 -2.429670e+36
4 9 14 4.074006e+36
4 9 15 1.275327e+49
4 9 16 -1.345191e+49
4 9 17 4.366607e+49
4 9 18 -1.543847e+49
4 9 19 3.135355e+49
4 9 20 -3.936279e+49
4 9 21 -3.902067e+49
4 9 22 9.057863e+48
4 9 23 2.886728e+49
4 10 10 -9.696614e+35
4 10 11 -2.968331e+34
4 10 12 4.461157e+36
4 10 13 2.863876e+35
4 10 14 -2.199587e+36
4 10 15 -2.315840e+49
4 10 16 -7.210615e+48
4 10 17 3.208496e+49
4 10 18 -6.208493e+48
4 10 19 2.675345e+49
4 10 20 -2.354771e+49
4 10 21 1.907710e+49
4 10 22 -2.630404e+49
4 10 23 -5.300727e+49
4 11 11 -1.689593e+34
4 11 12 -6.370882e+35
4 11 13 -1.522255e+35
4 11 14 5.465976e+35
4 11 15 -1.286118e+49
4 11 16 6.029956e+48
4 11 17 -1.387572e+49
4 11 18 -2.510081e+49
4 11 19 -5.654896e+49
4 11 20 -7.079129e+49
4 11 21 -1.356272e+49
4 11 22 -1.723690e+48
4 11 23 -6.650118e+48
4 12 12 8.870410e+35
4 12 13 -7.864251e+35
4 12 14 5.933619e+34
4 12 15 2.618996e+49
4 12 16 -4.258834e+48
4 12 17 1.707501e+49
4 12 18 1.891093e+48
4 12 19 1.460932e+49
4 12 20 -2.655899e+49
4 12 21 1.766260e+49
4 12 22 -2.893355e+49
4 12 23 -2.498541e+48
4 13 13 -1.847322e+35
4 13 14 6.738222e+35
4 13 15 -1.001170e+49
4 13 16 9.229121e+47
4 13 17 2.913439e+49
4 13 18 -1.527443e+49
4 13 19 -1.121488e+49
4 13 20 9.807953e+48
4 13 21 -1.002260e+49
4 13 22 -2.866218e+49
4 13 23 8.358392e+47
4 14 14 -1.012602e+36
4 14 15 1.445755e+49
4 14 16 5.238928e+47
4 14 17 -1.170211e+49
4 14 18 -2.050111e+49
4 14 19 -3.104386e+49
4 14 20 2.810491e+49
4 14 21 1.149681e+48
4 14 22 6.369760e+49
4 14 23 2.663362e+49
4 15 15 -1.480961e+36
4 15 16 -2.609728e+36
4 15 17 5.105298e+36
4 15 18 -4.787850e+36
4 15 19 1.315730e+36
4 15 20 -6.912245e+35
4 15 21 -6.068477e+36
4 15 22 -1.100596e+36
4 15 23 -6.402903e+36
4 16 16 4.345912e+35
4 16 17 1.683751e+36
4 16 18 3.639539e+35
4 16 19 -2.433433e+35
4 16 20 3.372813e+35
4 16 21 -8.069559e+35
4 16 22 3.247495e+35
4 16 23 -2.838630e+36
4 17 17 -2.862680e+36
4 17 18 -1.251425e+34
4 17 19 -1.701289e+36
4 17 20 -5.580908e+35
4 17 21 6.025498e+35
4 17 22 -7.248113e+35
4 17 23 3.272283e+36
4 18 18 4.280035e+36
4 18 19 2.354544e+36
4 18 20 3.683935e+36
4 18 21 -4.424810e+36
4 18 22 -4.432399e+35
4 18 23 -2.061017e+36
4 19 19 -1.215890e+36
4 19 20 -2.769604e+36
4 19 21 3.992552e+36
4 19 22 -1.294694e+36
4 19 23 2.775688e+36
4 20 20 8.336882e+35
4 20 21 9.322769e+36
4 20 22 -1.151100e+36
4 20 23 4.875161e+36
4 21 21 -8.776280e+36
4 21 22 9.452103e+33
4 21 23 -2.858684e+36
4 22 22 -2.126619e+31
4 22 23 5.763450e+35
4 23 23 -5.709093e+36
5 5 5 -7.983156e+34
5 5 6 8.443973e+35
5 5 7 -2.733420e+36
5 5 8 -5.679075e+35
5 5 9 -1.924202e+49
5 5 10 -5.270865e+48
5 5 11 1.062679e+49
5 5 12 -8.362649e+48
5 5 13 -1.657331e+49
5 5 14 1.716161e+49
5 5 15 -1.432608e+49
5 5 16 4.703124e+48
5 5 17 1.235946e+49
5 5 18 3.148308e+49
5 5 19 -1.625974e+48
5 5 20 3.041957e+49
5 5 21 -5.375188e+49
5 5 22 5.350496e+49
5 5 23 3.772315e+48
5 6 6 1.020530e+36
5 6 7 -1.881437e+36
5 6 8 -1.901679e+35
5 6 9 7.483911e+48
5 6 10 -5.256199e+48
5 6 11 -7.647319e+48
5 6 12 -2.118991e+48
5 6 13 -1.749400e+49
5 6 14 1.182782e+48
5 6 15 -1.589945e+49
5 6 16 3.997449e+48
5 6 17 -1.767480e+49
5 6 18 -1.762836e+48
5 6 19 2.681772e+49
5 6 20 4.358141e+48
5 6 21 -3.210380e+49
5 6 22 -2.766328e+49
5 6 23 -2.248501e+49
5 7 7 -2.443523e+35
5 7 8 8.094710e+35
5 7 9 1.893873e+47
5 7 10 -6.273361e+48
5 7 11 1.165856e+49
5 7 12 -9.722750e+48
5 7 13 9.454999e+47
5 7 14 -4.793042e+48
5 7 15 -1.135650e+49
5 7 16 -1.562390e+49
5 7 17 8.505050e+48
5 7 18 -1.355514e+49
5 7 19 -1.875369e+49
5 7 20 1.319789e+49
5 7 21 -2.677441e+49
5 7 22 -8.088555e+49
5 7 23 1.772959e+49
5 8 8 9.735557e+33
5 8 9 -9.321065e+47
5 8 10 1.450089e+49
5 8 11 1.134379e+49
5 8 12 1.021840e+49
5 8 13 -3.053818e+48
5 8 14 -2.557686e+48
5 8 15 -4.748259e+48
5 8 16 1.590378e+49
5 8 17 -4.098591e+48
5 8 18 1.476914e+49
5 8 19 -1.677563e+49
5 8 20 8.879832e+47
5 8 21 -2.731311e+49
5 8 22 1.082047e+49
5 8 23 2.546339e+49
5 9 9 8.512122e+35
5 9 10 -3.516970e+35
5 9 11 2.492100e+35
5 9 12 -1.457088e+36
5 9 13 -2.184010e+35
5 9 14 1.138087e+36
5 9 15 -8.982095e+48
5 9 16 5.892564e+49
5 9 17 2.500494e+49
5 9 18 1.073564e+49
5 9 19 2.824529e+49
5 9 20 -2.702230e+49
5 9 21 1.104847e+49
5 9 22 1.584617e+49
5 9 23 1.933127e+49
5 10 10 -2.332477e+35
5 10 11 2.524146e+35
5 10 12 1.357786e+36
5 10 13 2.053229e+36
5 10 14 -1.980212e+36
5 10 15 3.512978e+49
5 10 16 2.346976e+49
5 10 17 1.957024e+49
5 10 18 1.073289e+49
5 10 19 3.697869e+49
5 10 20 6.654945e+48
5 10 21 2.916962e+49
5 10 22 4.187466e+49
5 10 23 -2.402135e+49
5 11 11 -5.168473e+34
5 11 12 -8.150949e+35
5 11 13 -4.312814e+35
5 11 14 1.057403e+36
5 11 15 2.099682e+48
5 11 16 4.683311e+49
5 11 17 -2.866925e+48
5 11 18 -1.116012e+49
5 11 19 -2.205753e+49
5 11 20 -2.211672e+49
5 11 21 3.201980e+49
5 11 22 1.123537e+48
5 11 23 4.970969e+49
5 12 12 6.023876e+33
5 12 13 -1.550185e+35
5 12 14 7.227028e+35
5 12 15 -3.107032e+49
5 12 16 1.413255e+49
5 12 17 -2.203345e+49
5 12 18 -3.777373e+49
5 12 19 8.551514e+48
5 12 20 1.837149e+49
5 12 21 -2.375934e+49
5 12 22 -3.772703e+49
5 12 23 6.754493e+48
5 13 13 -1.301624e+35
5 13 14 -2.796539e+35
5 13 15 9.736634e+48
5 13 16 -1.566236e+48
5 13 17 -2.894625e+49
5 13 18 4.096482e+48
5 13 19 4.910852e+48
5 13 20 -3.682424e+48
5 13 21 7.425815e+48
5 13 22 -6.296439e+48
5 13 23 -3.715351e+49
5 14 14 9.539324e+34
5 14 15 -1.604635e+49
5 14 16 -5.781368e+48
5 14 17 -2.374700e+49
5 14 18 4.884953e+49
5 14 19 2.804959e+49
5 14 20 -4.118920e+49
5 14 21 -2.886925e+48
5 14 22 5.467887e+48
5 14 23 -4.907267e+49
5 15 15 6.273755e+35
5 15 16 1.200698e+36
5 15 17 1.607330e+35
5 15 18 1.691097e+36
5 15 19 2.724536e+35
5 15 20 -1.577282e+36
5 15 21 8.483199e+36
5 15 22 5.654622e+35
5 15 23 5.751158e+36
5 16 16 -6.868131e+35
5 16 17 -9.660005e+35
5 16 18 -1.808304e+35
5 16 19 7.072071e+35
5 16 20 -3.637042e+35
5 16 21 1.088638e+36
5 16 22 1.024126e+35
5 16 23 2.204181e+36
5 17 17 1.364195e+35
5 17 18 -1.187089e+36
5 17 19 -9.316928e+35
5 17 20 -1.339937e+36
5 17 21 3.840677e+36
5 17 22 3.514802e+35
5 17 23 1.186927e+36
5 18 18 -1.193660e+36
5 18 19 -1.826715e+36
5 18 20 -8.236281e+35
5 18 21 3.672901e+36
5 18 22 3.789804e+35
5 18 23 2.198613e+36
5 19 19 -1.866955e+36
5 19 20 7.197822e+35
5 19 21 -2.174274e+36
5 19 22 -2.903556e+35
5 19 23 -1.283471e+36
5 20 20 2.688312e+36
5 20 21 -1.543962e+37
5 20 22 -7.035422e+35
5 20 23 -9.205618e+36
5 21 21 4.104511e+36
5 21 22 1.127345e+36
5 21 23 2.216624e+36
5 22 22 1.173858e+34
5 22 23 -7.217293e+35
5 23 23 1.644985e+36
6 6 6 -2.975460e+36
6 6 7 -4.473874e+36
6 6 8 -6.208040e+35
6 6 9 -4.970579e+48
6 6 10 3.975017e+48
6 6 11 -4.532507e+48
6 6 12 4.868752e+48
6 6 13 -1.379402e+49
6 6 14 -2.464474e+49
6 6 15 -1.183510e+49
6 6 16 9.439889e+46
6 6 17 3.596590e+49
6 6 18 -6.582414e+48
6 6 19 -8.233959e+48
6 6 20 -2.911291e+49
6 6 21 2.879648e+49
6 6 22 1.421457e+49
6 6 23 -8.337206e+49
6 7 7 -1.907580e+36
6 7 8 -4.839332e+36
6 7 9 -6.175523e+48
6 7 10 1.420626e+49
6 7 11 -8.504282e+47
6 7 12 -1.208974e+49
6 7 13 2.648985e+48
6 7 14 -1.400106e+49
6 7 15 -1.310748e+49
6 7 16 -2.697328e+49
6 7 17 -1.499264e+49
6 7 18 -1.050602e+49
6 7 19 -1.007249e+49
6 7 20 -1.576093e+48
6 7 21 -2.986508e+49
6 7 22 4.485270e+49
6 7 23 1.727534e+49
6 8 8 7.854160e+35
6 8 9 6.728889e+48
6 8 10 -9.497401e+48
6 8 11 7.512623e+47
6 8 12 1.821631e+49
6 8 13 -5.203297e+47
6 8 14 -9.956512e+48
6 8 15 -4.937471e+48
6 8 16 2.106646e+49
6 8 17 -5.524058e+48
6 8 18 1.617395e+48
6 8 19 -2.450116e+49
6 8 20 -1.902627e+48
6 8 21 -2.636293e+49
6 8 22 -8.352834e+48
6 8 23 2.567204e+49
6 9 9 -7.205934e+35
6 9 10 8.614142e+35
6 9 11 2.399599e+35
6 9 12 -3.144341e+36
6 9 13 3.553356e+36
6 9 14 -5.555109e+36
6 9 15 3.014740e+49
6 9 16 -3.379485e+49
6 9 17 1.119281e+49
6 9 18 -1.058692e+49
6 9 19 1.168804e+49
6 9 20 -1.651311e+49
6 9 21 -2.693416e+49
6 9 22 1.369850e+49
6 9 23 -1.750065e+49
6 10 10 1.052921e+36
6 10 11 6.713604e+34
6 10 12 -6.100787e+36
6 10 13 7.962063e+35
6 10 14 9.694992e+35
6 10 15 -4.972427e+49
6 10 16 -1.020105e+49
6 10 17 3.093628e+48
6 10 18 -1.870884e+48
6 10 19 2.905753e+48
6 10 20 -1.937784e+49
6 10 21 -1.381549e+49
6 10 22 5.998862e+49
6 10 23 -2.107666e+49
6 11 11 1.518758e+34
6 11 12 2.623208e+35
6 11 13 -2.770181e+34
6 11 14 -1.869412e+35
6 11 15 -5.951951e+48
6 11 16 -4.846721e+49
6 11 17 -3.539195e+48
6 11 18 -8.745649e+48
6 11 19 -1.982379e+49
6 11 20 -2.375695e+49
6 11 21 -1.642647e+49
6 11 22 -2.149939e+48
6 11 23 -2.408458e+49
6 12 12 -3.114207e+36
6 12 13 1.415040e+36
6 12 14 -7.455712e+35
6 12 15 -3.903522e+49
6 12 16 -3.903185e+48
6 12 17 -1.623311e+49
6 12 18 3.141919e+49
6 12 19 -2.234127e+49
6 12 20 1.266984e+49
6 12 21 -5.005656e+49
6 12 22 3.273533e+49
6 12 23 -8.109350e+47
6 13 13 -2.697687e+34
6 13 14 -2.547116e+35
6 13 15 2.127384e+49
6 13 16 -5.435766e+47
6 13 17 -6.483643e+49
6 13 18 4.544001e+49
6 13 19 2.084447e+49
6 13 20 -2.452656e+49
6 13 21 -9.435902e+47
6 13 22 -1.784091e+49
6 13 23 4.625770e+49
6 14 14 7.625882e+35
6 14 15 -2.936824e+49
6 14 16 7.605441e+48
6 14 17 1.147004e+49
6 14 18 -6.767174e+48
6 14 19 3.395554e+49
6 14 20 -2.156384e+49
6 14 21 -3.135857e+48
6 14 22 2.376122e+49
6 14 23 -2.149165e+49
6 15 15 8.235571e+35
6 15 16 4.896630e+36
6 15 17 -3.558681e+36
6 15 18 5.238706e+35
6 15 19 -3.081659e+36
6 15 20 4.537444e+36
6 15 21 1.709361e+36
6 15 22 -5.985397e+35
6 15 23 6.763884e+36
6 16 16 4.065723e+35
6 16 17 -3.478306e+36
6 16 18 -5.233470e+35
6 16 19 1.539990e+36
6 16 20 -1.372026e+36
6 16 21 -8.924438e+35
6 16 22 -1.127950e+35
6 16 23 3.416828e+36
6 17 17 3.667977e+36
6 17 18 7.052802e+35
6 17 19 1.276636e+36
6 17 20 5.758176e+35
6 17 21 2.693829e+36
6 17 22 4.033685e+35
6 17 23 -5.125771e+36
6 18 18 -1.580101e+36
6 18 19 4.562731e+35
6 18 20 -2.977904e+36
6 18 21 2.291912e+36
6 18 22 1.586505e+35
6 18 23 1.362451e+36
6 19 19 1.321865e+36
6 19 20 2.618337e+36
6 19 21 -2.430157e+36
6 19 22 -9.040227e+35
6 19 23 -2.306921e+36
6 20 20 -2.900141e+36
6 20 21 -7.215346e+36
6 20 22 -3.739776e+35
6 20 23 -2.629533e+36
6 21 21 3.548042e+36
6 21 22 -2.841499e+35
6 21 23 -3.676795e+36
6 22 22 -1.185922e+34
6 22 23 3.731963e+35
6 23 23 7.267593e+36
7 7 7 -1.001027e+37
7 7 8 -1.521994e+37
7 7 9 1.914285e+49
7 7 10 -2.657988e+49
7 7 11 8.135587e+48
7 7 12 -3.580806e+47
7 7 13 1.642675e+48
7 7 14 -2.617101e+48
7 7 15 -5.955221e+48
7 7 16 -1.066785e+49
7 7 17 -2.461859e+48
7 7 18 -2.164102e+49
7 7 19 -1.627634e+48
7 7 20 4.872097e+48
7 7 21 -1.029630e+49
7 7 22 1.770245e+49
7 7 23 1.100863e+49
7 8 8 1.144232e+36
7 8 9 1.050151e+49
7 8 10 -6.679338e+48
7 8 11 6.902956e+48
7 8 12 2.360979e+48
7 8 13 1.287470e+48
7 8 14 -4.336754e+48
7 8 15 -3.241702e+48
7 8 16 -3.486492e+48
7 8 17 -2.027187e+49
7 8 18 -4.857961e+48
7 8 19 8.711582e+48
7 8 20 -6.241041e+48
7 8 21 -1.251989e+49
7 8 22 7.874897e+49
7 8 23 1.454019e+49
7 9 9 -3.406284e+36
7 9 10 2.556070e+36
7 9 11 5.543840e+35
7 9 12 -1.176055e+36
7 9 13 6.568915e+36
7 9 14 -1.226659e+37
7 9 15 -2.399841e+49
7 9 16 -2.010194e+49
7 9 17 1.635483e+49
7 9 18 1.137985e+49
7 9 19 4.348148e+49
7 9 20 2.292755e+49
7 9 21 2.609687e+49
7 9 22 9.721531e+48
7 9 23 2.672194e+49
7 10 10 2.375821e+36
7 10 11 3.614535e+35
7 10 12 -1.389769e+37
7 10 13 -3.940294e+36
7 10 14 6.222400e+36
7 10 15 3.506304e+49
7 10 16 1.817904e+49
7 10 17 -3.285313e+48
7 10 18 -2.623040e+49
7 10 19 -3.933553e+49
7 10 20 -6.182984e+49
7 10 21 2.951730e+49
7 10 22 9.585189e+48
7 10 23 1.881934e+48
7 11 11 -1.585423e+34
7 11 12 6.015788e+34
7 11 13 -1.042136e+35
7 11 14 -9.550955e+31
7 11 15 5.079457e+48
7 11 16 5.511168e+49
7 11 17 -4.249566e+48
7 11 18 -3.416164e+48
7 11 19 -4.027598e+47
7 11 20 -2.757142e+48
7 11 21 3.022813e+49
7 11 22 1.902748e+48
7 11 23 -6.255495e+49
7 12 12 -2.336291e+36
7 12 13 1.403833e+36
7 12 14 -2.102044e+35
7 12 15 -5.924728e+48
7 12 16 1.821248e+47
7 12 17 5.077645e+49
7 12 18 2.103763e+49
7 12 19 -3.927908e+49
7 12 20 1.979555e+49
7 12 21 1.964253e+47
7 12 22 -3.914113e+49
7 12 23 1.049843e+48
7 13 13 -1.796321e+35
7 13 14 -8.807383e+35
7 13 15 1.152246e+48
7 13 16 -1.086053e+47
7 13 17 -3.045893e+49
7 13 18 2.054226e+47
7 13 19 1.937042e+49
7 13 20 -7.320924e+48
7 13 21 5.062424e+49
7 13 22 5.024157e+48
7 13 23 3.889052e+49
7 14 14 2.315493e+36
7 14 15 -2.520269e+48
7 14 16 4.481967e+48
7 14 17 3.736500e+49
7 14 18 6.537962e+48
7 14 19 -2.423240e+49
7 14 20 1.002788e+49
7 14 21 1.681800e+49
7 14 22 -1.181715e+49
7 14 23 6.151784e+48
7 15 15 3.641496e+36
7 15 16 5.838134e+36
7 15 17 -1.121965e+37
7 15 18 1.661068e+37
7 15 19 -7.762249e+36
7 15 20 2.197016e+36
7 15 21 4.168825e+36
7 15 22 1.345223e+34
7 15 23 1.010588e+37
7 16 16 -8.038943e+35
7 16 17 -4.192372e+36
7 16 18 2.529572e+36
7 16 19 2.484668e+35
7 16 20 -1.633505e+36
7 16 21 -8.389945e+34
7 16 22 1.408143e+36
7 16 23 5.675297e+36
7 17 17 7.346251e+36
7 17 18 -1.071456e+35
7 17 19 6.843822e+36
7 17 20 4.518759e+36
7 17 21 -8.053719e+36
7 17 22 1.168360e+36
7 17 23 -1.426294e+37
7 18 18 -1.430243e+37
7 18 19 -1.026062e+37
7 18 20 -1.516202e+37
7 18 21 7.109786e+36
7 18 22 -4.582805e+35
7 18 23 3.770723e+36
7 19 19 2.980977e+36
7 19 20 8.543940e+36
7 19 21 -1.364195e+37
7 19 22 2.590615e+35
7 19 23 -7.719429e+36
7 20 20 -1.195313e+36
7 20 21 -7.682977e+34
7 20 22 8.990981e+34
7 20 23 3.274331e+36
7 21 21 3.174891e+37
7 21 22 4.284674e+35
7 21 23 1.246436e+37
7 22 22 -4.080399e+34
7 22 23 3.327938e+35
7 23 23 1.932083e+37
8 8 8 -2.257351e+36
8 8 9 -8.592760e+48
8 8 10 1.888519e+49
8 8 11 4.672780e+48
8 8 12 6.948123e+48
8 8 13 5.540858e+47
8 8 14 -4.829309e+48
8 8 15 -6.973430e+47
8 8 16 9.567429e+48
8 8 17 -4.171050e+49
8 8 18 -5.691796e+48
8 8 19 2.299709e+49
8 8 20 -1.303465e+49
8 8 21 -1.463624e+49
8 8 22 -8.430705e+49
8 8 23 1.943846e+49
8 9 9 -2.919044e+36
8 9 10 1.346062e+36
8 9 11 -3.867298e+35
8 9 12 6.280083e+36
8 9 13 8.099172e+35
8 9 14 -1.893890e+36
8 9 15 -4.406157e+49
8 9 16 -4.179857e+49
8 9 17 4.621004e+48
8 9 18 -2.168317e+49
8 9 19 -1.646272e+49
8 9 20 -3.198215e+49
8 9 21 2.666775e+49
8 9 22 9.495257e+48
8 9 23 2.486409e+49
8 10 10 1.439361e+36
8 10 11 -1.644574e+35
8 10 12 -3.111484e+36
8 10 13 -3.121706e+36
8 10 14 7.796234e+36
8 10 15 4.828970e+49
8 10 16 -5.470523e+49
8 10 17 7.467984e+48
8 10 18 -4.335766e+48
8 10 19 1.405079e+49
8 10 20 1.072347e+49
8 10 21 2.166592e+49
8 10 22 1.223713e+49
8 10 23 9.317301e+48
8 11 11 2.474409e+34
8 11 12 6.670916e+35
8 11 13 2.745633e+35
8 11 14 -5.999860e+35
8 11 15 7.560072e+48
8 11 16 6.105752e+49
8 11 17 3.031107e+48
8 11 18 2.216826e+48
8 11 19 4.014169e+48
8 11 20 9.509580e+48
8 11 21 -6.258858e+49
8 11 22 2.406062e+48
8 11 23 4.324132e+47
8 12 12 6.101152e+35
8 12 13 5.682117e+35
8 12 14 -1.366304e+36
8 12 15 -6.708510e+48
8 12 16 -6.552741e+48
8 12 17 -3.852666e+49
8 12 18 3.344643e+49
8 12 19 1.442399e+49
8 12 20 -2.314939e+49
8 12 21 -6.647304e+48
8 12 22 -3.986010e+49
8 12 23 3.277556e+48
8 13 13 1.505766e+35
8 13 14 2.148617e+35
8 13 15 3.205101e+48
8 13 16 2.854476e+48
8 13 17 -8.469761e+48
8 13 18 2.938512e+49
8 13 19 -2.547469e+48
8 13 20 -8.299537e+48
8 13 21 -5.237627e+49
8 13 22 1.017648e+49
8 13 23 2.840819e+49
8 14 14 -1.297448e+36
8 14 15 -4.950776e+48
8 14 16 1.441956e+49
8 14 17 -1.202319e+49
8 14 18 -4.864289e+49
8 14 19 2.592425e+49
8 14 20 7.360484e+48
8 14 21 -3.885745e+49
8 14 22 -2.289378e+49
8 14 23 5.884513e+47
8 15 15 -2.011528e+36
8 15 16 -2.262016e+36
8 15 17 4.145648e+35
8 15 18 -7.191874e+36
8 15 19 -2.642818e+36
8 15 20 4.227179e+36
8 15 21 2.057042e+35
8 15 22 5.212866e+34
8 15 23 -3.323587e+36
8 16 16 1.343228e+36
8 16 17 1.271483e+36
8 16 18 -4.397226e+35
8 16 19 -1.883709e+36
8 16 20 2.815158e+36
8 16 21 5.062591e+35
8 16 22 4.365440e+35
8 16 23 -2.727523e+36
8 17 17 -7.352373e+35
8 17 18 1.250796e+36
8 17 19 1.390887e+36
8 17 20 2.875153e+36
8 17 21 -7.897970e+35
8 17 22 8.896818e+33
8 17 23 2.722711e+36
8 18 18 4.107512e+36
8 18 19 4.181422e+36
8 18 20 3.224903e+36
8 18 21 -1.042029e+36
8 18 22 3.553526e+35
8 18 23 -9.360738e+35
8 19 19 3.379212e+36
8 19 20 -2.084788e+36
8 19 21 1.908980e+36
8 19 22 3.437665e+35
8 19 23 1.771871e+35
8 20 20 -6.073202e+36
8 20 21 5.977632e+35
8 20 22 -6.071556e+35
8 20 23 -1.187089e+36
8 21 21 -1.240245e+37
8 21 22 -1.076761e+36
8 21 23 -5.482579e+36
8 22 22 -6.842567e+33
8 22 23 3.842300e+35
8 23 23 -6.943886e+36
9 9 9 -6.218667e+49
9 9 10 -4.062676e+48
9 9 11 3.277646e+48
9 9 12 -1.146799e+49
9 9 13 -2.685198e+50
9 9 14 -1.237436e+50
9 9 15 1.280383e+50
9 9 16 -6.909583e+48
9 9 17 -1.376196e+49
9 9 18 -1.405624e+49
9 9 19 -2.714336e+49
9 9 20 -5.190007e+48
9 9 21 -3.618700e+49
9 9 22 -1.918924e+45
9 9 23 -3.860948e+49
9 10 10 3.793109e+49
9 10 11 -4.716385e+48
9 10 12 1.867516e+48
9 10 13 1.074091e+50
9 10 14 5.103580e+49
9 10 15 7.183365e+49
9 10 16 -2.971936e+48
9 10 17 5.704726e+48
9 10 18 -1.092787e+49
9 10 19 -3.911654e+48
9 10 20 -1.596581e+49
9 10 21 2.547915e+49
9 10 22 4.697362e+45
9 10 23 1.010150e+49
9 11 11 -6.966727e+48
9 11 12 6.301438e+49
9 11 13 -1.549464e+49
9 11 14 2.880820e+49
9 11 15 -1.696892e+49
9 11 16 -4.935159e+48
9 11 17 -2.137308e+50
9 11 18 -2.668730e+50
9 11 19 1.720731e+50
9 11 20 5.592825e+48
9 11 21 5.672147e+48
9 11 22 1.529375e+49
9 11 23 -7.246705e+48
9 12 12 2.564672e+48
9 12 13 -3.782930e+49
9 12 14 -1.320529e+49
9 12 15 -1.737826e+50
9 12 16 -5.143492e+48
9 12 17 1.017541e+50
9 12 18 -8.011073e+48
9 12 19 1.207660e+50
9 12 20 -7.640432e+49
9 12 21 -9.876986e+48
9 12 22 5.431005e+47
9 12 23 1.536698e+50
9 13 13 -5.279069e+48
9 13 14 3.096369e+49
9 13 15 -1.105992e+50
9 13 16 5.142188e+49
9 13 17 -4.713712e+49
9 13 18 -5.141506e+46
9 13 19 -5.573846e+49
9 13 20 1.158200e+48
9 13 21 6.064777e+49
9 13 22 1.261027e+47
9 13 23 -2.107533e+49
9 14 14 3.393671e+49
9 14 15 1.932775e+50
9 14 16 -6.990397e+48
9 14 17 5.657019e+49
9 14 18 -6.126786e+49
9 14 19 2.682070e+49
9 14 20 -1.159517e+50
9 14 21 -1.240033e+50
9 14 22 7.195065e+47
9 14 23 4.156643e+49
9 15 15 5.119473e+49
9 15 16 -9.584163e+49
9 15 17 8.314732e+49
9 15 18 7.247177e+49
9 15 19 1.831049e+50
9 15 20 1.821609e+50
9 15 21 -2.564056e+49
9 15 22 2.238229e+49
9 15 23 3.907062e+49
9 16 16 3.278946e+49
9 16 17 2.461345e+50
9 16 18 -4.364962e+49
9 16 19 2.190260e+50
9 16 20 -2.273355e+50
9 16 21 -2.900175e+49
9 16 22 -1.231458e+50
9 16 23 3.770545e+50
9 17 17 4.751574e+49
9 17 18 -8.219607e+49
9 17 19 5.846982e+49
9 17 20 8.201317e+49
9 17 21 3.946279e+48
9 17 22 1.978500e+50
9 17 23 -1.335157e+50
9 18 18 -1.474656e+49
9 18 19 -5.425102e+49
9 18 20 -8.128850e+48
9 18 21 -1.400872e+50
9 18 22 5.548360e+50
9 18 23 -8.584023e+49
9 19 19 6.270876e+49
9 19 20 6.360893e+48
9 19 21 -3.170810e+50
9 19 22 -2.103937e+50
9 19 23 -5.471057e+49
9 20 20 -1.794621e+50
9 20 21 -3.413406e+50
9 20 22 -1.062082e+50
9 20 23 -1.102892e+50
9 21 21 -7.988024e+36
9 21 22 7.864811e+35
9 21 23 3.794109e+36
9 22 22 -1.670540e+36
9 22 23 5.374027e+35
9 23 23 -1.087445e+37
10 10 10 6.358667e+49
10 10 11 -8.803533e+48
10 10 12 1.081681e+49
10 10 13 2.715291e+50
10 10 14 1.240908e+50
10 10 15 3.797993e+49
10 10 16 -1.955396e+48
10 10 17 -9.840768e+47
10 10 18 -5.080629e+48
10 10 19 -5.851568e+48
10 10 20 -5.914789e+48
10 10 21 2.830015e+49
10 10 22 1.136865e+46
10 10 23 1.730560e+49
10 11 11 -3.178639e+48
10 11 12 2.255453e+49
10 11 13 -7.336961e+48
10 11 14 1.854091e+49
10 11 15 2.546832e+49
10 11 16 7.899356e+48
10 11 17 -1.972325e+50
10 11 18 2.553541e+50
10 11 19 1.370337e+50
10 11 20 -1.704219e+50
10 11 21 2.087654e+48
10 11 22 1.535449e+49
10 11 23 -6.037456e+48
10 12 12 2.615390e+48
10 12 13 3.355957e+49
10 12 14 1.733547e+49
10 12 15 -1.281344e+50
10 12 16 -1.729375e+49
10 12 17 -1.624737e+50
10 12 18 5.256698e+49
10 12 19 -1.204003e+50
10 12 20 1.421879e+50
10 12 21 -1.445665e+50
10 12 22 5.470930e+47
10 12 23 2.055981e+49
10 13 13 -1.872605e+49
10 13 14 -4.830563e+49
10 13 15 -7.127585e+49
10 13 16 2.392627e+49
10 13 17 5.399256e+49
10 13 18 -5.999316e+48
10 13 19 4.778454e+49
10 13 20 -6.038975e+49
10 13 21 -3.509975e+49
10 13 22 2.122959e+47
10 13 23 -6.198294e+49
10 14 14 -4.023470e+49
10 14 15 1.312486e+50
10 14 16 -1.855010e+49
10 14 17 -1.310513e+50
10 14 18 8.482097e+48
10 14 19 -1.304990e+50
10 14 20 5.557878e+49
10 14 21 7.078212e+49
10 14 22 7.635624e+47
10 14 23 1.235898e+50
10 15 15 -7.259900e+49
10 15 16 1.613836e+50
10 15 17 -3.891148e+49
10 15 18 -1.167600e+50
10 15 19 -2.247295e+50
10 15 20 -3.162734e+50
10 15 21 4.939161e+49
10 15 22 2.301784e+49
10 15 23 -5.178920e+49
10 16 16 -2.074676e+49
10 16 17 1.746592e+50
10 16 18 -3.535417e+49
10 16 19 1.647716e+50
10 16 20 -1.249638e+50
10 16 21 3.651110e+50
10 16 22 -4.814264e+49
10 16 23 -3.651487e+50
10 17 17 3.274102e+49
10 17 18 -3.551273e+49
10 17 19 5.043593e+49
10 17 20 6.700806e+49
10 17 21 8.319989e+48
10 17 22 -4.582651e+50
10 17 23 -1.053447e+50
10 18 18 1.450134e+49
10 18 19 3.537124e+49
10 18 20 3.437032e+49
10 18 21 -6.038896e+49
10 18 22 2.109836e+50
10 18 23 -8.893507e+49
10 19 19 1.076715e+50
10 19 20 5.614457e+49
10 19 21 -1.244263e+50
10 19 22 3.000344e+50
10 19 23 -1.881881e+50
10 20 20 -6.156807e+49
10 20 21 -1.380720e+50
10 20 22 -2.660697e+50
10 20 23 -2.404432e+50
10 21 21 8.794128e+36
10 21 22 -5.342498e+35
10 21 23 1.319168e+37
10 22 22 9.765397e+35
10 22 23 8.048060e+35
10 23 23 -3.306682e+36
11 11 11 8.071546e+47
11 11 12 1.692636e+49
11 11 13 1.317365e+49
11 11 14 -2.649947e+49
11 11 15 -1.133375e+47
11 11 16 -1.028938e+48
11 11 17 -1.811009e+48
11 11 18 1.056496e+47
11 11 19 9.559418e+47
11 11 20 -1.244095e+48
11 11 21 3.074149e+46
11 11 22 -1.287190e+49
11 11 23 -5.583996e+46
11 12 12 -3.145233e+50
11 12 13 -3.005198e+49
11 12 14 6.335230e+49
11 12 15 -1.443432e+48
11 12 16 1.070939e+49
11 12 17 -4.764206e+49
11 12 18 -3.008565e+49
11 12 19 3.383814e+49
11 12 20 -1.162726e+49
11 12 21 6.855009e+47
11 12 22 3.780576e+48
11 12 23 -1.210451e+48
11 13 13 6.419392e+49
11 13 14 -1.281309e+50
11 13 15 7.308751e+47
11 13 16 1.418131e+49
11 13 17 7.756841e+48
11 13 18 -6.552738e+48
11 13 19 -2.774540e+48
11 13 20 8.699663e+48
11 13 21 -5.788497e+46
11 13 22 1.977256e+50
11 13 23 3.847690e+46
11 14 14 2.550482e+50
11 14 15 3.866538e+48
11 14 16 1.103454e+49
11 14 17 5.497306e+49
11 14 18 2.170216e+49
11 14 19 -3.247687e+49
11 14 20 2.625262e+49
11 14 21 -1.159227e+48
11 14 22 9.450596e+49
11 14 23 2.113951e+48
11 15 15 1.131108e+49
11 15 16 1.834677e+49
11 15 17 3.312200e+49
11 15 18 2.730479e+49
11 15 19 3.193912e+49
11 15 20 6.598302e+49
11 15 21 -3.646581e+50
11 15 22 3.602761e+48
11 15 23 5.239744e+50
11 16 16 -3.466982e+50
11 16 17 5.957476e+49
11 16 18 1.190727e+50
11 16 19 2.516241e+50
11 16 20 2.930491e+50
11 16 21 2.530779e+49
11 16 22 -6.776723e+48
11 16 23 -5.740860e+49
11 17 17 1.234357e+48
11 17 18 2.148880e+49
11 17 19 2.569301e+49
11 17 20 2.760010e+49
11 17 21 -3.428489e+50
11 17 22 3.984911e+48
11 17 23 -2.043294e+50
11 18 18 2.327931e+49
11 18 19 4.268618e+49
11 18 20 6.156677e+49
11 18 21 7.084847e+49
11 18 22 1.067826e+49
11 18 23 -3.370278e+49
11 19 19 1.195395e+50
11 19 20 1.531485e+50
11 19 21 -2.796063e+50
11 19 22 2.028372e+49
11 19 23 -2.321147e+50
11 20 20 1.913339e+50
11 20 21 3.278128e+50
11 20 22 2.338784e+49
11 20 23 1.512033e+50
11 21 21 3.895782e+35
11 21 22 3.413190e+34
11 21 23 1.003565e+36
11 22 22 2.329800e+34
11 22 23 6.067990e+34
11 23 23 -8.524063e+34
12 12 12 -3.385831e+49
12 12 13 -9.261760e+48
12 12 14 -1.234618e+49
12 12 15 -7.738894e+49
12 12 16 -5.478309e+48
12 12 17 1.470929e+49
12 12 18 4.417903e+48
12 12 19 2.682984e+49
12 12 20 -7.412356e+48
12 12 21 -1.991033e+49
12 12 22 2.848855e+47
12 12 23 5.378304e+49
12 13 13 -1.898011e+47
12 13 14 -3.081374e+48
12 13 15 -3.368213e+49
12 13 16 -3.267054e+50
12 13 17 2.023457e+49
12 13 18 3.940750e+49
12 13 19 7.404927e+49
12 13 20 7.578895e+49
12 13 21 1.283336e+49
12 13 22 7.063307e+48
12 13 23 -8.311697e+48
12 14 14 1.777293e+49
12 14 15 7.665299e+49
12 14 16 -1.682158e+50
12 14 17 1.044463e+49
12 14 18 6.345037e+48
12 14 19 2.577903e+49
12 14 20 2.296184e+49
12 14 21 -8.738854e+47
12 14 22 3.558698e+48
12 14 23 -1.313514e+49
12 15 15 1.067912e+49
12 15 16 -5.775644e+48
12 15 17 -2.866817e+50
12 15 18 -7.918585e+49
12 15 19 2.703693e+50
12 15 20 -1.046644e+50
12 15 21 2.238539e+49
12 15 22 1.687171e+49
12 15 23 4.164380e+49
12 16 16 -7.809279e+48
12 16 17 8.720713e+49
12 16 18 7.978256e+48
12 16 19 3.582987e+49
12 16 20 -3.031250e+49
12 16 21 2.626826e+49
12 16 22 5.426765e+50
12 16 23 4.437617e+49
12 17 17 -4.227663e+49
12 17 18 2.241107e+50
12 17 19 1.409011e+49
12 17 20 -9.722013e+48
12 17 21 -2.375344e+50
12 17 22 -4.614603e+49
12 17 23 1.946775e+50
12 18 18 -5.550636e+49
12 18 19 1.588524e+50
12 18 20 -1.424475e+50
12 18 21 3.292271e+50
12 18 22 -1.243472e+48
12 18 23 3.030587e+50
12 19 19 -1.696271e+49
12 19 20 -6.265094e+49
12 19 21 6.233911e+49
12 19 22 -2.241922e+50
12 19 23 -2.289583e+50
12 20 20 1.118759e+50
12 20 21 -2.534401e+50
12 20 22 -2.690297e+50
12 20 23 -2.993122e+49
12 21 21 -9.775107e+36
12 21 22 -1.084949e+36
12 21 23 -3.545477e+36
12 22 22 -1.257648e+35
12 22 23 -9.806951e+35
12 23 23 -5.223694e+36
13 13 13 2.681782e+48
13 13 14 3.467702e+48
13 13 15 5.130857e+49
13 13 16 1.035268e+50
13 13 17 3.675385e+49
13 13 18 7.622226e+49
13 13 19 1.697704e+50
13 13 20 2.183735e+50
13 13 21 1.790628e+48
13 13 22 3.582639e+48
13 13 23 4.180782e+48
13 14 14 -9.602911e+48
13 14 15 -1.657977e+49
13 14 16 -7.829553e+49
13 14 17 -2.607199e+49
13 14 18 -6.119922e+49
13 14 19 -1.313091e+50
13 14 20 -1.689764e+50
13 14 21 -8.379459e+48
13 14 22 1.024077e+49
13 14 23 5.071722e+48
13 15 15 1.425407e+48
13 15 16 -4.148062e+48
13 15 17 9.432920e+49
13 15 18 3.215090e+49
13 15 19 -4.949404e+49
13 15 20 2.812443e+49
13 15 21 4.778469e+50
13 15 22 4.270326e+49
13 15 23 2.909242e+50
13 16 16 -2.528479e+48
13 16 17 -2.279792e+49
13 16 18 -1.105961e+48
13 16 19 1.232603e+49
13 16 20 -1.278765e+48
13 16 21 -5.737851e+49
13 16 22 1.412210e+50
13 16 23 -2.927291e+49
13 17 17 6.695890e+49
13 17 18 -2.288479e+50
13 17 19 -6.677653e+49
13 17 20 1.072528e+50
13 17 21 1.172854e+50
13 17 22 4.756387e+49
13 17 23 -1.584148e+50
13 18 18 -2.342848e+50
13 18 19 3.533806e+50
13 18 20 -1.638475e+50
13 18 21 -2.492868e+50
13 18 22 5.392555e+49
13 18 23 -2.329325e+49
13 19 19 2.231765e+49
13 19 20 -1.295108e+50
13 19 21 1.929903e+50
13 19 22 1.364022e+50
13 19 23 -4.051521e+50
13 20 20 1.461113e+50
13 20 21 -1.581691e+50
13 20 22 1.914350e+50
13 20 23 3.364188e+50
13 21 21 -4.647511e+36
13 21 22 8.510722e+35
13 21 23 -2.252808e+36
13 22 22 2.289032e+35
13 22 23 1.857869e+35
13 23 23 -1.564955e+36
14 14 14 3.503071e+49
14 14 15 -1.398245e+50
14 14 16 -8.815459e+49
14 14 17 -3.490609e+49
14 14 18 -6.160894e+49
14 14 19 -1.645613e+50
14 14 20 -1.986122e+50
14 14 21 2.597581e+49
14 14 22 8.994926e+48
14 14 23 -3.660410e+49
14 15 15 2.027550e+48
14 15 16 -4.901341e+47
14 15 17 -2.636539e+50
14 15 18 -6.796628e+49
14 15 19 1.560397e+50
14 15 20 -5.407268e+49
14 15 21 2.507351e+50
14 15 22 -9.688994e+49
14 15 23 1.870617e+50
14 16 16 -1.992065e+49
14 16 17 -3.981600e+49
14 16 18 1.586280e+49
14 16 19 -5.714340e+49
14 16 20 7.482617e+49
14 16 21 -4.378412e+49
14 16 22 -2.903446e+50
14 16 23 -4.310230e+49
14 17 17 1.150104e+50
14 17 18 -3.538394e+50
14 17 19 1.062434e+49
14 17 20 1.186193e+50
14 17 21 2.190409e+50
14 17 22 -5.468741e+49
14 17 23 -4.630697e+50
14 18 18 5.280314e+47
14 18 19 -7.818887e+49
14 18 20 1.541984e+50
14 18 21 3.263254e+50
14 18 22 -2.353861e+50
14 18 23 1.246528e+50
14 19 19 -4.716431e+49
14 19 20 2.692230e+49
14 19 21 -2.429502e+49
14 19 22 -2.883491e+50
14 19 23 9.460715e+49
14 20 20 -5.048100e+49
14 20 21 -5.568880e+49
14 20 22 -3.261571e+50
14 20 23 1.073614e+49
14 21 21 1.007165e+37
14 21 22 -1.016471e+36
14 21 23 4.313787e+36
14 22 22 -1.003850e+35
14 22 23 -1.119183e+35
14 23 23 5.719726e+36
15 15 15 -5.005060e+49
15 15 16 -1.231285e+50
15 15 17 2.398889e+49
15 15 18 -2.086352e+50
15 15 19 -2.365595e+49
15 15 20 3.951060e+49
15 15 21 4.999444e+48
15 15 22 -3.454089e+49
15 15 23 -1.082274e+49
15 16 16 -2.074051e+49
15 16 17 1.103688e+50
15 16 18 -7.064945e+50
15 16 19 -9.825066e+48
15 16 20 2.632021e+50
15 16 21 -1.629253e+49
15 16 22 -1.293145e+49
15 16 23 1.660642e+49
15 17 17 -6.057466e+49
15 17 18 -2.912094e+49
15 17 19 1.285334e+49
15 17 20 5.206140e+49
15 17 21 7.549263e+49
15 17 22 -5.626163e+50
15 17 23 4.829020e+49
15 18 18 -8.211143e+49
15 18 19 -1.496932e+50
15 18 20 -1.754045e+50
15 18 21 6.834559e+49
15 18 22 1.021584e+50
15 18 23 -6.323020e+49
15 19 19 5.733964e+49
15 19 20 2.327043e+49
15 19 21 -3.690438e+49
15 19 22 -5.005639e+50
15 19 23 -7.105213e+49
15 20 20 1.561376e+50
15 20 21 3.501679e+49
15 20 22 4.849190e+50
15 20 23 -4.324155e+48
15 21 21 1.451997e+37
15 21 22 2.223094e+36
15 21 23 9.906943e+35
15 22 22 -9.478569e+34
15 22 23 1.414901e+35
15 23 23 1.357191e+37
16 16 16 9.584644e+48
16 16 17 -1.304987e+49
16 16 18 1.458552e+50
16 16 19 4.920715e+47
16 16 20 -4.666406e+49
16 16 21 -5.279099e+48
16 16 22 2.836040e+48
16 16 23 1.234815e+49
16 17 17 2.690576e+50
16 17 18 1.160128e+49
16 17 19 2.045158e+48
16 17 20 -9.558869e+49
16 17 21 5.738779e+50
16 17 22 5.483268e+49
16 17 23 3.008014e+50
16 18 18 1.424431e+50
16 18 19 1.343480e+50
16 18 20 -1.227941e+49
16 18 21 2.151474e+48
16 18 22 -8.258164e+48
16 18 23 3.397601e+50
16 19 19 -1.745494e+50
16 19 20 1.048253e+50
16 19 21 -4.102957e+50
16 19 22 5.005839e+49
16 19 23 -2.625840e+50
16 20 20 -1.234076e+50
16 20 21 2.405412e+50
16 20 22 -4.617283e+49
16 20 23 7.876843e+48
16 21 21 -2.928060e+36
16 21 22 -1.538397e+36
16 21 23 -1.943481e+36
16 22 22 4.806367e+34
16 22 23 -1.780147e+36
16 23 23 -2.708123e+36
17 17 17 -3.240401e+50
17 17 18 -2.216562e+50
17 17 19 -4.696535e+50
17 17 20 -4.898904e+50
17 17 21 2.860328e+49
17 17 22 1.509704e+49
17 17 23 5.844833e+49
17 18 18 -9.884138e+48
17 18 19 -5.641064e+49
17 18 20 4.437265e+49
17 18 21 8.887297e+49
17 18 22 5.597922e+49
17 18 23 -3.988938e+49
17 19 19 6.110472e+48
17 19 20 2.796351e+49
17 19 21 5.715581e+49
17 19 22 5.746140e+49
17 19 23 1.191347e+50
17 20 20 3.168747e+50
17 20 21 9.414426e+49
17 20 22 2.458997e+49
17 20 23 2.106565e+50
17 21 21 1.333934e+36
17 21 22 -5.650055e+35
17 21 23 8.929290e+36
17 22 22 1.592130e+35
17 22 23 -1.635574e+35
17 23 23 -4.557295e+36
18 18 18 6.349681e+49
18 18 19 -1.848807e+49
18 18 20 1.333791e+50
18 18 21 2.575378e+50
18 18 22 -2.045123e+49
18 18 23 -3.655848e+50
18 19 19 -5.431358e+48
18 19 20 -1.161696e+50
18 19 21 2.565447e+50
18 19 22 4.209203e+49
18 19 23 -4.104645e+50
18 20 20 2.263708e+50
18 20 21 3.186043e+50
18 20 22 -5.483564e+49
18 20 23 -3.884134e+50
18 21 21 7.718349e+36
18 21 22 1.764045e+35
18 21 23 7.242930e+36
18 22 22 -7.987011e+34
18 22 23 2.024996e+35
18 23 23 3.670143e+36
19 19 19 9.159960e+50
19 19 20 -6.584370e+49
19 19 21 -1.624413e+50
19 19 22 9.050836e+49
19 19 23 -1.162010e+50
19 20 20 -4.046906e+50
19 20 21 -1.689851e+50
19 20 22 -1.589074e+49
19 20 23 9.268290e+49
19 21 21 1.254264e+37
19 21 22 -1.938963e+36
19 21 23 3.497336e+36
19 22 22 -7.387501e+34
19 22 23 -3.193263e+35
19 23 23 6.296228e+36
20 20 20 4.295085e+50
20 20 21 -1.234202e+50
20 20 22 -5.344932e+49
20 20 23 4.218121e+50
20 21 21 -3.666411e+36
20 21 22 1.036608e+36
20 21 23 9.706350e+35
20 22 22 -1.200847e+35
20 22 23 1.599227e+36
20 23 23 -3.758087e+36
21 21 21 1.619348e+37
21 21 22 -9.893919e+50
21 21 23 1.921312e+36
21 22 22 -3.339253e+36
21 22 23 4.908930e+50
21 23 23 6.319188e+36
22 22 22 -5.877581e+33
22 22 23 1.498231e+36
22 23 23 9.893919e+50
23 23 23 -1.445381e+37
