8.272201165484905095e-08
1.893666428807306998e-07
2.467711486977529335e-07
1.276751899834208004e+00
1.291742823130024753e+00
1.406582614260932118e+00
1.428991398387335465e+00
2.357415997730975654e+00
2.368418730867539068e+00
2.468057092957567811e+00
2.490484637837823367e+00
2.607862888431062842e+00
2.625215262869163624e+00
2.976114837733986995e+00
2.976114837733987883e+00
2.976114837733995877e+00
2.976114837733998097e+00
2.976114837734001650e+00
2.976114837734006979e+00
3.041522873461757204e+00
3.120943811177018468e+00
3.210320489403624133e+00
3.210320489403632127e+00
3.681838267953724486e+00
3.937224298277994805e+00
3.968523753706105772e+00
3.968523753706106660e+00
4.470684166251778890e+00
4.562063317482661695e+00
4.672238327936161006e+00
4.786262602451771819e+00
4.786262602451776260e+00
4.786262602451778037e+00
4.786262602451780701e+00
4.786262602451783366e+00
4.786262602451786030e+00
5.069490661504988616e+00
6.875895084936571422e+00
7.136900095342854300e+00
7.328821080163404389e+00
7.328821080163405277e+00
7.328821080163405277e+00
7.328821080163405277e+00
7.328821080163407942e+00
7.328821080163407942e+00
8.457905148844712784e+00
8.457905148844714560e+00
8.708736678788248753e+00
8.937666260490743753e+00
9.331671853890890489e+00
9.331671853890892265e+00
9.844052938211007131e+00
9.928039953722711530e+00
9.928039953722713307e+00
9.928039953722715083e+00
9.928039953722715083e+00
9.928039953722718636e+00
9.928039953722720412e+00
9.973739348747841404e+00
9.996985026759158899e+00
1.008878819010730687e+01
1.014134832900620431e+01
1.015568219781204107e+01
1.022301894231093300e+01
1.030501836473412247e+01
1.032622339833979552e+01
1.126788001458894151e+01
1.178639406359546626e+01
1.178639406359546626e+01
1.178639406359546626e+01
1.178639406359546626e+01
1.178639406359546804e+01
1.178639406359547337e+01
1.282575552242107619e+01
1.282575552242107975e+01
1.305692350686278758e+01
1.363842238494530790e+01
1.363911362735537658e+01
1.458225399425493407e+01
1.512350845859966597e+01
1.512350845859966597e+01
1.572514054078048318e+01
1.596652311384944056e+01
1.596652311384944056e+01
1.596652311384944056e+01
1.596652311384944589e+01
1.596652311384944589e+01
1.596652311384944944e+01
1.603959528888232100e+01
1.608748041556613728e+01
1.622417263293227307e+01
1.634943224530596240e+01
1.643030119613198181e+01
1.644033629447405076e+01
1.658001754961639307e+01
1.660673139780492136e+01
