0	0	0
2.7155	2.7155	0
2.7155	0	2.7155
0	2.7155	2.7155
0	0	5.431
2.7155	2.7155	5.431
2.7155	0	8.1465
0	2.7155	8.1465
0	0	10.862
2.7155	2.7155	10.862
2.7155	0	13.5775
0	2.7155	13.5775
0	0	16.293
2.7155	2.7155	16.293
2.7155	0	19.0085
0	2.7155	19.0085
0	0	21.724
2.7155	2.7155	21.724
2.7155	0	24.4395
0	2.7155	24.4395
0	0	27.155
2.7155	2.7155	27.155
2.7155	0	29.8705
0	2.7155	29.8705
0	0	32.586
2.7155	2.7155	32.586
2.7155	0	35.3015
0	2.7155	35.3015
0	0	38.017
2.7155	2.7155	38.017
2.7155	0	40.7325
0	2.7155	40.7325
0	0	43.448
2.7155	2.7155	43.448
2.7155	0	46.1635
0	2.7155	46.1635
0	0	48.879
2.7155	2.7155	48.879
2.7155	0	51.5945
0	2.7155	51.5945
0	0	54.31
2.7155	2.7155	54.31
2.7155	0	57.0255
0	2.7155	57.0255
0	0	59.741
2.7155	2.7155	59.741
2.7155	0	62.4565
0	2.7155	62.4565
0	0	65.172
2.7155	2.7155	65.172
2.7155	0	67.8875
0	2.7155	67.8875
0	0	70.603
2.7155	2.7155	70.603
2.7155	0	73.3185
0	2.7155	73.3185
0	0	76.034
2.7155	2.7155	76.034
2.7155	0	78.7495
0	2.7155	78.7495
0	0	81.465
2.7155	2.7155	81.465
2.7155	0	84.1805
0	2.7155	84.1805
0	0	86.896
2.7155	2.7155	86.896
2.7155	0	89.6115
0	2.7155	89.6115
0	0	92.327
2.7155	2.7155	92.327
2.7155	0	95.0425
0	2.7155	95.0425
0	0	97.758
2.7155	2.7155	97.758
2.7155	0	100.4735
0	2.7155	100.4735
0	0	103.189
2.7155	2.7155	103.189
2.7155	0	105.9045
0	2.7155	105.9045
0	0	108.62
2.7155	2.7155	108.62
2.7155	0	111.3355
0	2.7155	111.3355
0	0	114.051
2.7155	2.7155	114.051
2.7155	0	116.7665
0	2.7155	116.7665
0	0	119.482
2.7155	2.7155	119.482
2.7155	0	122.1975
0	2.7155	122.1975
0	0	124.913
2.7155	2.7155	124.913
2.7155	0	127.6285
0	2.7155	127.6285
0	0	130.344
2.7155	2.7155	130.344
2.7155	0	133.0595
0	2.7155	133.0595
0	0	135.775
2.7155	2.7155	135.775
2.7155	0	138.4905
0	2.7155	138.4905
0	0	141.206
2.7155	2.7155	141.206
2.7155	0	143.9215
0	2.7155	143.9215
0	0	146.637
2.7155	2.7155	146.637
2.7155	0	149.3525
0	2.7155	149.3525
0	0	152.068
2.7155	2.7155	152.068
2.7155	0	154.7835
0	2.7155	154.7835
0	0	157.499
2.7155	2.7155	157.499
2.7155	0	160.2145
0	2.7155	160.2145
0	0	162.93
2.7155	2.7155	162.93
2.7155	0	165.6455
0	2.7155	165.6455
0	0	168.361
2.7155	2.7155	168.361
2.7155	0	171.0765
0	2.7155	171.0765
0	0	173.792
2.7155	2.7155	173.792
2.7155	0	176.5075
0	2.7155	176.5075
0	0	179.223
2.7155	2.7155	179.223
2.7155	0	181.9385
0	2.7155	181.9385
0	0	184.654
2.7155	2.7155	184.654
2.7155	0	187.3695
0	2.7155	187.3695
0	0	190.085
2.7155	2.7155	190.085
2.7155	0	192.8005
0	2.7155	192.8005
0	0	195.516
2.7155	2.7155	195.516
2.7155	0	198.2315
0	2.7155	198.2315
0	0	200.947
2.7155	2.7155	200.947
2.7155	0	203.6625
0	2.7155	203.6625
0	0	206.378
2.7155	2.7155	206.378
2.7155	0	209.0935
0	2.7155	209.0935
0	0	211.809
2.7155	2.7155	211.809
2.7155	0	214.5245
0	2.7155	214.5245
0	0	217.24
2.7155	2.7155	217.24
2.7155	0	219.9555
0	2.7155	219.9555
0	0	222.671
2.7155	2.7155	222.671
2.7155	0	225.3865
0	2.7155	225.3865
0	0	228.102
2.7155	2.7155	228.102
2.7155	0	230.8175
0	2.7155	230.8175
0	0	233.533
2.7155	2.7155	233.533
2.7155	0	236.2485
0	2.7155	236.2485
0	0	238.964
2.7155	2.7155	238.964
2.7155	0	241.6795
0	2.7155	241.6795
0	0	244.395
2.7155	2.7155	244.395
2.7155	0	247.1105
0	2.7155	247.1105
0	0	249.826
2.7155	2.7155	249.826
2.7155	0	252.5415
0	2.7155	252.5415
0	0	255.257
2.7155	2.7155	255.257
2.7155	0	257.9725
0	2.7155	257.9725
0	0	260.688
2.7155	2.7155	260.688
2.7155	0	263.4035
0	2.7155	263.4035
0	0	266.119
2.7155	2.7155	266.119
2.7155	0	268.8345
0	2.7155	268.8345
0	0	271.55
2.7155	2.7155	271.55
2.7155	0	274.2655
0	2.7155	274.2655
0	0	276.981
2.7155	2.7155	276.981
2.7155	0	279.6965
0	2.7155	279.6965
0	0	282.412
2.7155	2.7155	282.412
2.7155	0	285.1275
0	2.7155	285.1275
0	0	287.843
2.7155	2.7155	287.843
2.7155	0	290.5585
0	2.7155	290.5585
0	0	293.274
2.7155	2.7155	293.274
2.7155	0	295.9895
0	2.7155	295.9895
0	0	298.705
2.7155	2.7155	298.705
2.7155	0	301.4205
0	2.7155	301.4205
0	0	304.136
2.7155	2.7155	304.136
2.7155	0	306.8515
0	2.7155	306.8515
0	0	309.567
2.7155	2.7155	309.567
2.7155	0	312.2825
0	2.7155	312.2825
0	0	314.998
2.7155	2.7155	314.998
2.7155	0	317.7135
0	2.7155	317.7135
0	0	320.429
2.7155	2.7155	320.429
2.7155	0	323.1445
0	2.7155	323.1445
0	0	325.86
2.7155	2.7155	325.86
2.7155	0	328.5755
0	2.7155	328.5755
0	0	331.291
2.7155	2.7155	331.291
2.7155	0	334.0065
0	2.7155	334.0065
0	0	336.722
2.7155	2.7155	336.722
2.7155	0	339.4375
0	2.7155	339.4375
0	0	342.153
2.7155	2.7155	342.153
2.7155	0	344.8685
0	2.7155	344.8685
0	0	347.584
2.7155	2.7155	347.584
2.7155	0	350.2995
0	2.7155	350.2995
0	0	353.015
2.7155	2.7155	353.015
2.7155	0	355.7305
0	2.7155	355.7305
0	0	358.446
2.7155	2.7155	358.446
2.7155	0	361.1615
0	2.7155	361.1615
0	0	363.877
2.7155	2.7155	363.877
2.7155	0	366.5925
0	2.7155	366.5925
0	0	369.308
2.7155	2.7155	369.308
2.7155	0	372.0235
0	2.7155	372.0235
0	0	374.739
2.7155	2.7155	374.739
2.7155	0	377.4545
0	2.7155	377.4545
0	0	380.17
2.7155	2.7155	380.17
2.7155	0	382.8855
0	2.7155	382.8855
0	0	385.601
2.7155	2.7155	385.601
2.7155	0	388.3165
0	2.7155	388.3165
0	0	391.032
2.7155	2.7155	391.032
2.7155	0	393.7475
0	2.7155	393.7475
0	0	396.463
2.7155	2.7155	396.463
2.7155	0	399.1785
0	2.7155	399.1785
0	0	401.894
2.7155	2.7155	401.894
2.7155	0	404.6095
0	2.7155	404.6095
0	0	407.325
2.7155	2.7155	407.325
2.7155	0	410.0405
0	2.7155	410.0405
0	0	412.756
2.7155	2.7155	412.756
2.7155	0	415.4715
0	2.7155	415.4715
0	0	418.187
2.7155	2.7155	418.187
2.7155	0	420.9025
0	2.7155	420.9025
0	0	423.618
2.7155	2.7155	423.618
2.7155	0	426.3335
0	2.7155	426.3335
0	0	429.049
2.7155	2.7155	429.049
2.7155	0	431.7645
0	2.7155	431.7645
0	0	434.48
2.7155	2.7155	434.48
2.7155	0	437.1955
0	2.7155	437.1955
0	0	439.911
2.7155	2.7155	439.911
2.7155	0	442.6265
0	2.7155	442.6265
0	0	445.342
2.7155	2.7155	445.342
2.7155	0	448.0575
0	2.7155	448.0575
0	0	450.773
2.7155	2.7155	450.773
2.7155	0	453.4885
0	2.7155	453.4885
0	0	456.204
2.7155	2.7155	456.204
2.7155	0	458.9195
0	2.7155	458.9195
0	0	461.635
2.7155	2.7155	461.635
2.7155	0	464.3505
0	2.7155	464.3505
0	0	467.066
2.7155	2.7155	467.066
2.7155	0	469.7815
0	2.7155	469.7815
0	0	472.497
2.7155	2.7155	472.497
2.7155	0	475.2125
0	2.7155	475.2125
0	0	477.928
2.7155	2.7155	477.928
2.7155	0	480.6435
0	2.7155	480.6435
0	0	483.359
2.7155	2.7155	483.359
2.7155	0	486.0745
0	2.7155	486.0745
0	0	488.79
2.7155	2.7155	488.79
2.7155	0	491.5055
0	2.7155	491.5055
0	0	494.221
2.7155	2.7155	494.221
2.7155	0	496.9365
0	2.7155	496.9365
0	0	499.652
2.7155	2.7155	499.652
2.7155	0	502.3675
0	2.7155	502.3675
0	0	505.083
2.7155	2.7155	505.083
2.7155	0	507.7985
0	2.7155	507.7985
0	0	510.514
2.7155	2.7155	510.514
2.7155	0	513.2295
0	2.7155	513.2295
0	0	515.945
2.7155	2.7155	515.945
2.7155	0	518.6605
0	2.7155	518.6605
0	0	521.376
2.7155	2.7155	521.376
2.7155	0	524.0915
0	2.7155	524.0915
0	0	526.807
2.7155	2.7155	526.807
2.7155	0	529.5225
0	2.7155	529.5225
0	0	532.238
2.7155	2.7155	532.238
2.7155	0	534.9535
0	2.7155	534.9535
0	0	537.669
2.7155	2.7155	537.669
2.7155	0	540.3845
0	2.7155	540.3845
1.35775	1.35775	1.35775
4.07325	4.07325	1.35775
4.07325	1.35775	4.07325
1.35775	4.07325	4.07325
1.35775	1.35775	6.78875
4.07325	4.07325	6.78875
4.07325	1.35775	9.50425
1.35775	4.07325	9.50425
1.35775	1.35775	12.21975
4.07325	4.07325	12.21975
4.07325	1.35775	14.93525
1.35775	4.07325	14.93525
1.35775	1.35775	17.65075
4.07325	4.07325	17.65075
4.07325	1.35775	20.36625
1.35775	4.07325	20.36625
1.35775	1.35775	23.08175
4.07325	4.07325	23.08175
4.07325	1.35775	25.79725
1.35775	4.07325	25.79725
1.35775	1.35775	28.51275
4.07325	4.07325	28.51275
4.07325	1.35775	31.22825
1.35775	4.07325	31.22825
1.35775	1.35775	33.94375
4.07325	4.07325	33.94375
4.07325	1.35775	36.65925
1.35775	4.07325	36.65925
1.35775	1.35775	39.37475
4.07325	4.07325	39.37475
4.07325	1.35775	42.09025
1.35775	4.07325	42.09025
1.35775	1.35775	44.80575
4.07325	4.07325	44.80575
4.07325	1.35775	47.52125
1.35775	4.07325	47.52125
1.35775	1.35775	50.23675
4.07325	4.07325	50.23675
4.07325	1.35775	52.95225
1.35775	4.07325	52.95225
1.35775	1.35775	55.66775
4.07325	4.07325	55.66775
4.07325	1.35775	58.38325
1.35775	4.07325	58.38325
1.35775	1.35775	61.09875
4.07325	4.07325	61.09875
4.07325	1.35775	63.81425
1.35775	4.07325	63.81425
1.35775	1.35775	66.52975
4.07325	4.07325	66.52975
4.07325	1.35775	69.24525
1.35775	4.07325	69.24525
1.35775	1.35775	71.96075
4.07325	4.07325	71.96075
4.07325	1.35775	74.67625
1.35775	4.07325	74.67625
1.35775	1.35775	77.39175
4.07325	4.07325	77.39175
4.07325	1.35775	80.10725
1.35775	4.07325	80.10725
1.35775	1.35775	82.82275
4.07325	4.07325	82.82275
4.07325	1.35775	85.53825
1.35775	4.07325	85.53825
1.35775	1.35775	88.25375
4.07325	4.07325	88.25375
4.07325	1.35775	90.96925
1.35775	4.07325	90.96925
1.35775	1.35775	93.68475
4.07325	4.07325	93.68475
4.07325	1.35775	96.40025
1.35775	4.07325	96.40025
1.35775	1.35775	99.11575
4.07325	4.07325	99.11575
4.07325	1.35775	101.83125
1.35775	4.07325	101.83125
1.35775	1.35775	104.54675
4.07325	4.07325	104.54675
4.07325	1.35775	107.26225
1.35775	4.07325	107.26225
1.35775	1.35775	109.97775
4.07325	4.07325	109.97775
4.07325	1.35775	112.69325
1.35775	4.07325	112.69325
1.35775	1.35775	115.40875
4.07325	4.07325	115.40875
4.07325	1.35775	118.12425
1.35775	4.07325	118.12425
1.35775	1.35775	120.83975
4.07325	4.07325	120.83975
4.07325	1.35775	123.55525
1.35775	4.07325	123.55525
1.35775	1.35775	126.27075
4.07325	4.07325	126.27075
4.07325	1.35775	128.98625
1.35775	4.07325	128.98625
1.35775	1.35775	131.70175
4.07325	4.07325	131.70175
4.07325	1.35775	134.41725
1.35775	4.07325	134.41725
1.35775	1.35775	137.13275
4.07325	4.07325	137.13275
4.07325	1.35775	139.84825
1.35775	4.07325	139.84825
1.35775	1.35775	142.56375
4.07325	4.07325	142.56375
4.07325	1.35775	145.27925
1.35775	4.07325	145.27925
1.35775	1.35775	147.99475
4.07325	4.07325	147.99475
4.07325	1.35775	150.71025
1.35775	4.07325	150.71025
1.35775	1.35775	153.42575
4.07325	4.07325	153.42575
4.07325	1.35775	156.14125
1.35775	4.07325	156.14125
1.35775	1.35775	158.85675
4.07325	4.07325	158.85675
4.07325	1.35775	161.57225
1.35775	4.07325	161.57225
1.35775	1.35775	164.28775
4.07325	4.07325	164.28775
4.07325	1.35775	167.00325
1.35775	4.07325	167.00325
1.35775	1.35775	169.71875
4.07325	4.07325	169.71875
4.07325	1.35775	172.43425
1.35775	4.07325	172.43425
1.35775	1.35775	175.14975
4.07325	4.07325	175.14975
4.07325	1.35775	177.86525
1.35775	4.07325	177.86525
1.35775	1.35775	180.58075
4.07325	4.07325	180.58075
4.07325	1.35775	183.29625
1.35775	4.07325	183.29625
1.35775	1.35775	186.01175
4.07325	4.07325	186.01175
4.07325	1.35775	188.72725
1.35775	4.07325	188.72725
1.35775	1.35775	191.44275
4.07325	4.07325	191.44275
4.07325	1.35775	194.15825
1.35775	4.07325	194.15825
1.35775	1.35775	196.87375
4.07325	4.07325	196.87375
4.07325	1.35775	199.58925
1.35775	4.07325	199.58925
1.35775	1.35775	202.30475
4.07325	4.07325	202.30475
4.07325	1.35775	205.02025
1.35775	4.07325	205.02025
1.35775	1.35775	207.73575
4.07325	4.07325	207.73575
4.07325	1.35775	210.45125
1.35775	4.07325	210.45125
1.35775	1.35775	213.16675
4.07325	4.07325	213.16675
4.07325	1.35775	215.88225
1.35775	4.07325	215.88225
1.35775	1.35775	218.59775
4.07325	4.07325	218.59775
4.07325	1.35775	221.31325
1.35775	4.07325	221.31325
1.35775	1.35775	224.02875
4.07325	4.07325	224.02875
4.07325	1.35775	226.74425
1.35775	4.07325	226.74425
1.35775	1.35775	229.45975
4.07325	4.07325	229.45975
4.07325	1.35775	232.17525
1.35775	4.07325	232.17525
1.35775	1.35775	234.89075
4.07325	4.07325	234.89075
4.07325	1.35775	237.60625
1.35775	4.07325	237.60625
1.35775	1.35775	240.32175
4.07325	4.07325	240.32175
4.07325	1.35775	243.03725
1.35775	4.07325	243.03725
1.35775	1.35775	245.75275
4.07325	4.07325	245.75275
4.07325	1.35775	248.46825
1.35775	4.07325	248.46825
1.35775	1.35775	251.18375
4.07325	4.07325	251.18375
4.07325	1.35775	253.89925
1.35775	4.07325	253.89925
1.35775	1.35775	256.61475
4.07325	4.07325	256.61475
4.07325	1.35775	259.33025
1.35775	4.07325	259.33025
1.35775	1.35775	262.04575
4.07325	4.07325	262.04575
4.07325	1.35775	264.76125
1.35775	4.07325	264.76125
1.35775	1.35775	267.47675
4.07325	4.07325	267.47675
4.07325	1.35775	270.19225
1.35775	4.07325	270.19225
1.35775	1.35775	272.90775
4.07325	4.07325	272.90775
4.07325	1.35775	275.62325
1.35775	4.07325	275.62325
1.35775	1.35775	278.33875
4.07325	4.07325	278.33875
4.07325	1.35775	281.05425
1.35775	4.07325	281.05425
1.35775	1.35775	283.76975
4.07325	4.07325	283.76975
4.07325	1.35775	286.48525
1.35775	4.07325	286.48525
1.35775	1.35775	289.20075
4.07325	4.07325	289.20075
4.07325	1.35775	291.91625
1.35775	4.07325	291.91625
1.35775	1.35775	294.63175
4.07325	4.07325	294.63175
4.07325	1.35775	297.34725
1.35775	4.07325	297.34725
1.35775	1.35775	300.06275
4.07325	4.07325	300.06275
4.07325	1.35775	302.77825
1.35775	4.07325	302.77825
1.35775	1.35775	305.49375
4.07325	4.07325	305.49375
4.07325	1.35775	308.20925
1.35775	4.07325	308.20925
1.35775	1.35775	310.92475
4.07325	4.07325	310.92475
4.07325	1.35775	313.64025
1.35775	4.07325	313.64025
1.35775	1.35775	316.35575
4.07325	4.07325	316.35575
4.07325	1.35775	319.07125
1.35775	4.07325	319.07125
1.35775	1.35775	321.78675
4.07325	4.07325	321.78675
4.07325	1.35775	324.50225
1.35775	4.07325	324.50225
1.35775	1.35775	327.21775
4.07325	4.07325	327.21775
4.07325	1.35775	329.93325
1.35775	4.07325	329.93325
1.35775	1.35775	332.64875
4.07325	4.07325	332.64875
4.07325	1.35775	335.36425
1.35775	4.07325	335.36425
1.35775	1.35775	338.07975
4.07325	4.07325	338.07975
4.07325	1.35775	340.79525
1.35775	4.07325	340.79525
1.35775	1.35775	343.51075
4.07325	4.07325	343.51075
4.07325	1.35775	346.22625
1.35775	4.07325	346.22625
1.35775	1.35775	348.94175
4.07325	4.07325	348.94175
4.07325	1.35775	351.65725
1.35775	4.07325	351.65725
1.35775	1.35775	354.37275
4.07325	4.07325	354.37275
4.07325	1.35775	357.08825
1.35775	4.07325	357.08825
1.35775	1.35775	359.80375
4.07325	4.07325	359.80375
4.07325	1.35775	362.51925
1.35775	4.07325	362.51925
1.35775	1.35775	365.23475
4.07325	4.07325	365.23475
4.07325	1.35775	367.95025
1.35775	4.07325	367.95025
1.35775	1.35775	370.66575
4.07325	4.07325	370.66575
4.07325	1.35775	373.38125
1.35775	4.07325	373.38125
1.35775	1.35775	376.09675
4.07325	4.07325	376.09675
4.07325	1.35775	378.81225
1.35775	4.07325	378.81225
1.35775	1.35775	381.52775
4.07325	4.07325	381.52775
4.07325	1.35775	384.24325
1.35775	4.07325	384.24325
1.35775	1.35775	386.95875
4.07325	4.07325	386.95875
4.07325	1.35775	389.67425
1.35775	4.07325	389.67425
1.35775	1.35775	392.38975
4.07325	4.07325	392.38975
4.07325	1.35775	395.10525
1.35775	4.07325	395.10525
1.35775	1.35775	397.82075
4.07325	4.07325	397.82075
4.07325	1.35775	400.53625
1.35775	4.07325	400.53625
1.35775	1.35775	403.25175
4.07325	4.07325	403.25175
4.07325	1.35775	405.96725
1.35775	4.07325	405.96725
1.35775	1.35775	408.68275
4.07325	4.07325	408.68275
4.07325	1.35775	411.39825
1.35775	4.07325	411.39825
1.35775	1.35775	414.11375
4.07325	4.07325	414.11375
4.07325	1.35775	416.82925
1.35775	4.07325	416.82925
1.35775	1.35775	419.54475
4.07325	4.07325	419.54475
4.07325	1.35775	422.26025
1.35775	4.07325	422.26025
1.35775	1.35775	424.97575
4.07325	4.07325	424.97575
4.07325	1.35775	427.69125
1.35775	4.07325	427.69125
1.35775	1.35775	430.40675
4.07325	4.07325	430.40675
4.07325	1.35775	433.12225
1.35775	4.07325	433.12225
1.35775	1.35775	435.83775
4.07325	4.07325	435.83775
4.07325	1.35775	438.55325
1.35775	4.07325	438.55325
1.35775	1.35775	441.26875
4.07325	4.07325	441.26875
4.07325	1.35775	443.98425
1.35775	4.07325	443.98425
1.35775	1.35775	446.69975
4.07325	4.07325	446.69975
4.07325	1.35775	449.41525
1.35775	4.07325	449.41525
1.35775	1.35775	452.13075
4.07325	4.07325	452.13075
4.07325	1.35775	454.84625
1.35775	4.07325	454.84625
1.35775	1.35775	457.56175
4.07325	4.07325	457.56175
4.07325	1.35775	460.27725
1.35775	4.07325	460.27725
1.35775	1.35775	462.99275
4.07325	4.07325	462.99275
4.07325	1.35775	465.70825
1.35775	4.07325	465.70825
1.35775	1.35775	468.42375
4.07325	4.07325	468.42375
4.07325	1.35775	471.13925
1.35775	4.07325	471.13925
1.35775	1.35775	473.85475
4.07325	4.07325	473.85475
4.07325	1.35775	476.57025
1.35775	4.07325	476.57025
1.35775	1.35775	479.28575
4.07325	4.07325	479.28575
4.07325	1.35775	482.00125
1.35775	4.07325	482.00125
1.35775	1.35775	484.71675
4.07325	4.07325	484.71675
4.07325	1.35775	487.43225
1.35775	4.07325	487.43225
1.35775	1.35775	490.14775
4.07325	4.07325	490.14775
4.07325	1.35775	492.86325
1.35775	4.07325	492.86325
1.35775	1.35775	495.57875
4.07325	4.07325	495.57875
4.07325	1.35775	498.29425
1.35775	4.07325	498.29425
1.35775	1.35775	501.00975
4.07325	4.07325	501.00975
4.07325	1.35775	503.72525
1.35775	4.07325	503.72525
1.35775	1.35775	506.44075
4.07325	4.07325	506.44075
4.07325	1.35775	509.15625
1.35775	4.07325	509.15625
1.35775	1.35775	511.87175
4.07325	4.07325	511.87175
4.07325	1.35775	514.58725
1.35775	4.07325	514.58725
1.35775	1.35775	517.30275
4.07325	4.07325	517.30275
4.07325	1.35775	520.01825
1.35775	4.07325	520.01825
1.35775	1.35775	522.73375
4.07325	4.07325	522.73375
4.07325	1.35775	525.44925
1.35775	4.07325	525.44925
1.35775	1.35775	528.16475
4.07325	4.07325	528.16475
4.07325	1.35775	530.88025
1.35775	4.07325	530.88025
1.35775	1.35775	533.59575
4.07325	4.07325	533.59575
4.07325	1.35775	536.31125
1.35775	4.07325	536.31125
1.35775	1.35775	539.02675
4.07325	4.07325	539.02675
4.07325	1.35775	541.74225
1.35775	4.07325	541.74225

