0.000000000000000000e+00
0.000000000000000000e+00
6.750245153908994967e-08
5.427445013374802146e-02
5.427445013389897016e-02
5.989688401486027713e-02
5.989688401497673953e-02
9.292964628675200178e-02
1.025570191429697048e-01
1.097231248446886159e-01
1.097231248448154312e-01
1.181976036318302115e-01
1.181976036319126455e-01
1.672133254624992016e-01
1.672133254625849941e-01
1.743004916136702831e-01
1.743004916136997595e-01
1.878815663304057304e-01
2.023973937062398532e-01
2.266181486919990606e-01
2.266181486920332555e-01
2.287939296662319932e-01
2.287939296662734601e-01
2.828029252969663232e-01
2.828029252969933016e-01
2.863528938602202256e-01
2.866048143913986768e-01
2.866048143914341484e-01
2.985056971940416859e-01
3.375309334181362253e-01
3.375309334181594290e-01
3.454315416217621504e-01
3.454315416217940693e-01
3.881425164721845067e-01
3.918997679068220164e-01
3.940322037641796338e-01
3.940322037642042807e-01
4.020478352690301516e-01
4.020478352690348700e-01
4.526106130092216739e-01
4.526106130092411584e-01
4.566814246558808521e-01
4.566814246558814627e-01
4.845125538909277330e-01
4.909930571127488208e-01
5.103665338997817047e-01
5.103665338997850354e-01
5.122834248524147371e-01
5.122834248524203993e-01
5.643380260819924610e-01
5.643380260820066718e-01
5.712710163159248067e-01
5.712710163159250287e-01
5.784060687034071613e-01
5.919530986307731668e-01
6.197645684573088731e-01
6.197645684573219738e-01
6.281586242361096861e-01
6.281586242361277828e-01
6.753902651242519317e-01
6.772914186224360256e-01
6.772914186224582300e-01
6.827802252492620738e-01
6.827802252492769508e-01
6.892371925517841724e-01
7.359789087787597106e-01
7.359789087787670381e-01
7.363635569944985138e-01
7.363635569945177206e-01
7.760162417805673840e-01
7.832213492054654891e-01
7.891973976558672721e-01
7.891973976558818160e-01
7.950677358572750819e-01
7.950677358572760811e-01
8.435174027069004543e-01
8.435174027069033409e-01
8.518862849004636972e-01
8.518862849004666948e-01
8.756611158594177491e-01
8.786660045556542453e-01
8.998824834779757254e-01
8.998824834779760584e-01
9.062407739742972534e-01
9.062407739742975865e-01
9.579278319084123527e-01
9.579278319084219007e-01
9.589553071289043107e-01
9.589553071289206310e-01
9.686324602534064354e-01
9.803861218254096288e-01
1.011133155889716972e+00
1.011133155889726964e+00
1.016176841926525798e+00
1.016176841926529795e+00
1.064129164132050054e+00
1.064334178850889323e+00
1.064334178850890655e+00
1.072508775069945131e+00
1.072508775069948683e+00
1.078757135802569600e+00
1.119523862850706930e+00
1.119523862850707818e+00
1.126226103091783282e+00
1.126226103091790831e+00
1.163314057838652049e+00
1.173406545905445464e+00
1.176507666896527970e+00
1.176507666896532411e+00
1.178088348955272702e+00
1.178088348955276921e+00
1.229159731917669474e+00
1.229159731917669696e+00
1.233899264346122626e+00
1.233899264346125513e+00
1.265306992646742623e+00
1.265791078971188366e+00
1.281240180410303964e+00
1.281240180410304408e+00
1.289259606997726015e+00
1.289259606997726459e+00
1.335319668266626403e+00
1.335319668266631288e+00
1.341859105211947512e+00
1.341859105211947956e+00
1.357977170665724653e+00
1.367366085788342955e+00
1.391105193781495108e+00
1.391105193781499771e+00
1.392609454736995600e+00
1.392609454736998931e+00
1.442296066206338656e+00
1.442296066206341321e+00
1.447424464464839078e+00
1.447424464464848626e+00
1.452064599471965645e+00
1.466621928480282389e+00
1.493294354462926021e+00
1.493294354462926909e+00
1.501234812852082490e+00
1.501234812852083156e+00
1.546399039764501993e+00
1.546399039764502215e+00
1.549662668759634210e+00
1.552152418662877897e+00
1.552152418662881228e+00
1.561934588346143737e+00
1.600419190905243427e+00
1.600419190905249200e+00
1.601943010530483713e+00
1.601943010530483713e+00
1.649592654053451346e+00
1.649592654053456231e+00
1.650629227278469280e+00
1.654335123888391657e+00
1.655746592948810658e+00
1.655746592948814433e+00
1.699665836798113894e+00
1.699665836798115004e+00
1.707281052183435843e+00
1.707281052183436287e+00
1.745844728310215643e+00
1.751924275982450707e+00
1.751924275982458479e+00
1.752603624554056383e+00
1.755994191591181197e+00
1.755994191591182085e+00
1.802568073569123186e+00
1.802568073569127183e+00
1.805918425547098360e+00
1.805918425547099915e+00
1.838633042027730813e+00
1.850231437311288696e+00
1.850231437311295135e+00
1.852453117963529516e+00
1.857488885652665234e+00
1.857488885652670563e+00
1.899721715831825586e+00
1.899721715831827362e+00
1.905939365375430183e+00
1.905939365375430850e+00
1.934613030967074820e+00
1.948333570152443128e+00
1.950402472185968294e+00
1.950402472185969183e+00
1.952782942980269221e+00
1.952782942980269665e+00
1.996815730650287168e+00
1.996815730650287612e+00
2.002860478912135367e+00
2.002860478912135811e+00
2.034299440345717969e+00
2.040756062085570921e+00
2.043763853916280127e+00
2.043763853916282347e+00
2.050714869837274801e+00
2.050714869837279242e+00
2.092590361572520763e+00
2.092590361572522983e+00
2.095955534800906683e+00
2.095955534800912012e+00
2.131649499049461660e+00
2.135815662898540079e+00
2.138294589033368442e+00
2.138294589033368887e+00
2.143462900451309938e+00
2.143462900451310382e+00
2.183094262361203963e+00
2.183094262361205740e+00
2.190015238314944934e+00
2.190015238314947599e+00
2.223241547237460036e+00
2.229713498941495065e+00
2.229713498941495953e+00
2.233713140096393879e+00
2.233713140096395655e+00
2.235922197109803555e+00
2.273876808968994023e+00
2.273876808968994467e+00
2.278957065421837846e+00
2.278957065421838735e+00
2.316820716313375161e+00
2.316820716313378714e+00
2.317650524064984729e+00
2.323423804886554755e+00
2.323423804886557864e+00
2.332182125076933676e+00
2.361181487610424679e+00
2.361181487610427343e+00
2.365320982346872825e+00
2.365320982346876821e+00
2.402988741603147904e+00
2.402988741603149681e+00
2.408555688500220615e+00
2.408555688500222391e+00
2.415925435449604031e+00
2.424552583199149680e+00
2.444237757294054791e+00
2.444237757294054791e+00
2.450246975247386327e+00
2.450246975247391212e+00
2.485893372026241277e+00
2.485893372026242165e+00
2.490374746606786260e+00
2.490374746606787149e+00
2.514827986234460688e+00
2.516697276406110184e+00
2.525138985539454595e+00
2.525138985539455039e+00
2.531109950212961923e+00
2.531109950212965476e+00
2.564531063860686633e+00
2.564531063860693294e+00
2.569780548123260733e+00
2.569780548123262509e+00
2.602733334087363737e+00
2.602733334087367290e+00
2.605293653976232804e+00
2.608106851078524802e+00
2.608106851078524802e+00
2.616725161391741050e+00
2.639821649291594685e+00
2.639821649291596906e+00
2.645390388028269424e+00
2.645390388028272977e+00
2.676115730430827622e+00
2.676115730430828510e+00
2.681620197797661032e+00
2.681620197797664140e+00
2.698218731216820210e+00
2.711413799657344637e+00
2.711413799657345525e+00
2.713099438650506734e+00
2.716698008938620568e+00
2.716698008938621900e+00
2.745223213705473508e+00
2.745223213705475729e+00
2.751135627793707794e+00
2.751135627793710015e+00
2.778639536678094046e+00
2.778639536678095823e+00
2.783559796912038919e+00
2.783559796912038919e+00
2.795061136782026168e+00
2.805256295954326795e+00
2.809791243364875069e+00
2.809791243364881730e+00
2.816056489324793244e+00
2.816056489324793688e+00
2.841091195745559350e+00
2.841091195745562459e+00
2.845592218031666398e+00
2.845592218031670395e+00
2.869250835969481273e+00
2.869250835969484825e+00
2.875842074660275305e+00
2.875842074660275305e+00
2.894841664899201916e+00
2.894908017785085885e+00
2.898305703817446677e+00
2.898305703817447121e+00
2.902444150877921292e+00
2.902444150877921292e+00
2.923155098641453620e+00
2.923155098641458061e+00
2.929558094173543292e+00
2.929558094173546401e+00
2.948964060389539288e+00
2.948964060389540176e+00
2.954309280689464856e+00
2.954309280689468409e+00
2.971823378221681633e+00
2.971823378221691403e+00
2.976069830086686352e+00
2.976069830086689905e+00
2.984205969049245066e+00
2.992223260122349959e+00
2.992223260122350403e+00
2.994556800526709139e+00
2.998864755045986819e+00
2.998864755045987263e+00
3.013221601416779194e+00
3.013221601416780526e+00
3.017768988418613851e+00
3.017768988418615184e+00
3.030338202104118750e+00
3.030338202104120970e+00
3.033390624978051342e+00
3.033390624978053118e+00
3.044315863278665546e+00
3.044315863278667322e+00
3.049571417178105204e+00
3.049571417178107424e+00
3.058102992645567397e+00
3.058102992645567841e+00
3.062978296971321068e+00
3.062978296971327730e+00
3.069541530233524274e+00
3.069541530233524718e+00
3.073219992577947757e+00
3.073219992577949977e+00
3.075747218257958160e+00
3.077934157643329005e+00
3.077934157643332558e+00
3.080243454025741290e+00
3.080243454025743066e+00
3.083055268275832539e+00
3.083055268275834759e+00
3.084133849059309984e+00
3.084133849059310428e+00
3.084797308717976971e+00
3.084797308717978304e+00
3.084797308717980524e+00
3.084797308717983633e+00
3.084797308717983633e+00
3.084797308717985409e+00
3.084797308717985409e+00
3.084797308717986741e+00
3.084797308717988074e+00
3.084797308717989406e+00
3.084797308717989850e+00
3.084797308717989850e+00
3.084797308717989850e+00
3.084797308717990738e+00
3.084797308717991182e+00
3.084797308717991182e+00
3.084797308717991626e+00
3.084797308717991626e+00
3.084797308717991626e+00
3.084797308717991626e+00
3.084797308717992070e+00
3.084797308717992959e+00
3.084797308717992959e+00
3.084797308717992959e+00
3.084797308717992959e+00
3.084797308717992959e+00
3.084797308717993403e+00
3.084797308717993403e+00
3.084797308717993403e+00
3.084797308717994291e+00
3.084797308717994291e+00
3.084797308717994291e+00
3.084797308717995179e+00
3.084797308717995179e+00
3.084797308717995179e+00
3.084797308717995179e+00
3.084797308717996067e+00
3.084797308717996067e+00
3.084797308717996067e+00
3.084797308717997399e+00
3.084797308717997844e+00
3.084797308717997844e+00
3.084797308717997844e+00
3.084797308717997844e+00
3.084797308717997844e+00
3.084797308717997844e+00
3.084797308717997844e+00
3.084797308717997844e+00
3.084797308717997844e+00
3.084797308717997844e+00
3.084797308717998288e+00
3.084797308717998288e+00
3.084797308717998288e+00
3.084797308717998288e+00
3.084797308717998288e+00
3.084797308717999176e+00
3.084797308717999176e+00
3.084797308717999176e+00
3.084797308718000064e+00
3.084797308718000064e+00
3.084797308718000064e+00
3.084797308718000508e+00
3.084797308718000508e+00
3.084797308718000508e+00
3.084797308718000508e+00
3.084797308718001840e+00
3.084797308718001840e+00
3.084797308718001840e+00
3.084797308718001840e+00
3.084797308718002284e+00
3.084797308718002284e+00
3.084797308718002284e+00
3.084797308718002729e+00
3.084797308718002729e+00
3.084797308718002729e+00
3.084797308718002729e+00
3.084797308718002729e+00
3.084797308718003173e+00
3.084797308718003173e+00
3.084797308718003173e+00
3.084797308718003173e+00
3.084797308718003173e+00
3.084797308718004505e+00
3.084797308718004505e+00
3.084797308718004505e+00
3.084797308718004949e+00
3.084797308718004949e+00
3.084797308718004949e+00
3.084797308718005393e+00
3.084797308718005393e+00
3.084797308718005393e+00
3.084797308718005393e+00
3.084797308718005837e+00
3.084797308718005837e+00
3.084797308718005837e+00
3.084797308718006725e+00
3.084797308718006725e+00
3.084797308718007169e+00
3.084797308718007169e+00
3.084797308718007613e+00
3.084797308718007613e+00
3.084797308718008946e+00
3.084797308718009390e+00
3.084797308718009390e+00
3.084797308718009390e+00
3.084797308718009390e+00
3.084797308718009834e+00
3.084797308718009834e+00
3.084797308718010278e+00
3.084797308718010278e+00
3.084797308718011610e+00
3.084797308718011610e+00
3.084797308718011610e+00
3.084797308718012054e+00
3.084797308718012498e+00
3.084797308718014275e+00
3.084797308718014719e+00
3.084797308718015607e+00
3.084797308718016051e+00
3.084797308718016495e+00
3.084797308718016495e+00
3.084797308718022713e+00
3.084797308718027598e+00
3.084797308744491762e+00
3.084797308744493094e+00
3.084797308744494426e+00
3.084797308744496203e+00
3.084797308744497979e+00
3.084797308744497979e+00
3.084797308744498423e+00
3.084797308744498423e+00
3.084797308744498867e+00
3.084797308744499755e+00
3.084797308744500643e+00
3.084797308744500643e+00
3.084797308744500643e+00
3.084797308744500643e+00
3.084797308744501532e+00
3.084797308744502864e+00
3.084797308744504640e+00
3.084797308744504640e+00
3.084797308744504640e+00
3.084797308744505973e+00
3.084797308744505973e+00
3.084797308744506861e+00
3.084797308744506861e+00
3.084797308744509525e+00
3.084797308744509525e+00
3.084797308744510413e+00
3.084797308744511746e+00
3.084797308744512634e+00
3.084797308744512634e+00
3.084797308744520627e+00
3.084797308744520627e+00
3.084797308744521072e+00
3.084797308770991453e+00
3.084797308770991453e+00
3.084797308770992785e+00
3.084797308770995006e+00
3.084797308770998114e+00
3.084797308770998558e+00
3.084797308770998558e+00
3.084797308770998558e+00
3.084797308770999003e+00
3.084797308770999003e+00
3.084797308770999003e+00
3.084797308771000335e+00
3.084797308771000779e+00
3.084797308771000779e+00
3.084797308771003443e+00
3.084797308771003888e+00
3.084797308771005664e+00
3.084797308771005664e+00
3.084797308771006108e+00
3.084797308771007884e+00
3.084797308771008328e+00
3.084797308771008328e+00
3.084797308771008773e+00
3.084797308771009661e+00
3.084797308771009661e+00
3.084797308771010105e+00
3.084797308771010549e+00
3.084797308771010549e+00
3.084797308771012769e+00
3.084797308771012769e+00
3.084797308771013213e+00
3.084797308771014102e+00
3.084797308771014990e+00
3.084797308771014990e+00
3.084797308771014990e+00
3.084797308771014990e+00
3.084797308771016322e+00
3.084797308771016322e+00
3.084797308771018542e+00
3.084797308771018542e+00
3.084797308771026092e+00
3.084797308771026980e+00
3.085600511375495181e+00
3.085600511375497845e+00
3.090725171870723376e+00
3.136498235966889148e+00
3.136498235966890924e+00
3.171226172461734105e+00
3.182419501937297390e+00
3.191620734812319338e+00
3.191620734812325111e+00
3.247265290641281776e+00
3.247265290641284885e+00
3.270074037429047564e+00
3.271171619275702547e+00
3.302861385226943280e+00
3.302861385226945057e+00
3.324060900967411136e+00
3.324060900967416021e+00
3.358166725953326992e+00
3.358166725953327880e+00
3.359415399506490374e+00
3.369091974404385237e+00
3.413045910445634767e+00
3.413045910445636544e+00
3.449676533472860740e+00
3.464693241985927319e+00
3.467410887751279258e+00
3.467410887751279702e+00
3.521198337865007577e+00
3.521198337865007577e+00
3.543934581382402360e+00
3.555594695345542622e+00
3.574359282723438724e+00
3.574359282723439168e+00
3.626853692535739970e+00
3.626853692535740858e+00
3.641802295591278771e+00
3.643307284956151193e+00
3.678647433069280659e+00
3.678647433069285100e+00
3.729710423353692850e+00
3.729710423353694626e+00
3.730380891729081050e+00
3.739974102987718041e+00
3.780015467480720481e+00
3.780015467480721814e+00
3.819479938384583217e+00
3.829537484350958199e+00
3.829537484350960419e+00
3.834602378148408430e+00
3.878252983698534884e+00
3.878252983698535772e+00
3.912727736117106669e+00
3.924308741478009566e+00
3.926139700620112194e+00
3.926139700620113526e+00
3.973176335563471273e+00
3.973176335563473049e+00
4.009699239326717013e+00
4.010733487338392855e+00
4.019342366526139187e+00
4.019342366526142740e+00
4.064617911960437979e+00
4.064617911960437979e+00
4.096586219797968553e+00
4.101344770357899350e+00
4.101344770388740457e+00
4.106803260927131660e+00
4.108983630094876993e+00
4.108983630094878770e+00
4.152420644946212214e+00
4.152420644946213102e+00
4.184687396479051635e+00
4.194910492260627954e+00
4.194910492260628843e+00
4.199983011861117888e+00
4.236435080592415581e+00
4.236435080592416469e+00
4.276976664064249256e+00
4.276976664064251032e+00
4.277208169343666988e+00
4.288037179445266744e+00
4.316517824275594606e+00
4.316517824275595494e+00
4.355041459472926313e+00
4.355041459472928977e+00
4.372923147560960899e+00
4.373381329077018265e+00
4.392530779555931630e+00
4.392530779555931630e+00
4.428969305825846803e+00
4.428969305825848579e+00
4.457553556214389978e+00
4.464340874623756505e+00
4.464340874623760058e+00
4.469109263070571103e+00
4.498629644184616971e+00
4.498629644184617860e+00
4.531820104164535401e+00
4.531820104164538066e+00
4.544921174307708256e+00
4.560259319649112797e+00
4.563897087397286612e+00
4.563897087397286612e+00
4.594845783509866166e+00
4.594845783509868831e+00
4.624651754082595545e+00
4.624651754082597321e+00
4.637068028321852609e+00
4.646188666144428048e+00
4.653300949081256022e+00
4.653300949081257798e+00
4.680779724320816015e+00
4.680779724320818680e+00
4.707074859744428075e+00
4.707074859744428963e+00
4.729347604485441892e+00
4.732173578320016283e+00
4.732173578320016283e+00
4.732455396024003669e+00
4.756063565371020374e+00
4.756063565371021262e+00
4.778732988168918894e+00
4.778732988168918894e+00
4.800170515624014200e+00
4.800170515624014200e+00
4.812882437121880130e+00
4.820365337918157245e+00
4.820365337918159021e+00
4.826291771743682624e+00
4.839307185929219379e+00
4.839307185929220267e+00
4.856986350302676669e+00
4.856986350302676669e+00
4.873393700030859144e+00
4.873393700030860032e+00
4.888520700405763364e+00
4.888520700405764252e+00
4.899950809978583344e+00
4.902359430216681524e+00
4.902359430216681524e+00
4.914715111154134064e+00
4.914902598069811113e+00
4.914902598069812001e+00
4.926143557713380972e+00
4.926143557713380972e+00
4.936076322258776905e+00
4.936076322258777793e+00
4.944695577195801661e+00
4.944695577195801661e+00
4.951996692108519227e+00
4.951996692108519227e+00
4.957975731007215892e+00
4.957975731007216780e+00
4.962629461201620629e+00
4.962629461201620629e+00
4.965955360650935013e+00
4.965955360650937678e+00
4.967951623737073774e+00
4.967951623737081768e+00
4.968617165418895532e+00
4.968617165418895532e+00
4.968617165418899084e+00
4.968617165418899972e+00
4.968617165418899972e+00
4.968617165418899972e+00
4.968617165418899972e+00
4.968617165418899972e+00
4.968617165418900861e+00
4.968617165418902637e+00
4.968617165418902637e+00
4.968617165418902637e+00
4.968617165418902637e+00
4.968617165418902637e+00
4.968617165418903525e+00
4.968617165418903525e+00
4.968617165418904413e+00
4.968617165418904413e+00
4.968617165418904413e+00
4.968617165418904413e+00
4.968617165418904413e+00
4.968617165418905302e+00
4.968617165418905302e+00
4.968617165418905302e+00
4.968617165418905302e+00
4.968617165418905302e+00
4.968617165418905302e+00
4.968617165418905302e+00
4.968617165418905302e+00
4.968617165418905302e+00
4.968617165418906190e+00
4.968617165418906190e+00
4.968617165418906190e+00
4.968617165418907078e+00
4.968617165418907078e+00
4.968617165418907078e+00
4.968617165418907078e+00
4.968617165418907078e+00
4.968617165418907078e+00
4.968617165418907078e+00
4.968617165418907078e+00
4.968617165418907078e+00
4.968617165418907078e+00
4.968617165418907078e+00
4.968617165418907078e+00
4.968617165418907078e+00
4.968617165418907966e+00
4.968617165418907966e+00
4.968617165418907966e+00
4.968617165418907966e+00
4.968617165418907966e+00
4.968617165418907966e+00
4.968617165418907966e+00
4.968617165418907966e+00
4.968617165418907966e+00
4.968617165418908854e+00
4.968617165418908854e+00
4.968617165418909742e+00
4.968617165418909742e+00
4.968617165418909742e+00
4.968617165418909742e+00
4.968617165418909742e+00
4.968617165418909742e+00
4.968617165418909742e+00
4.968617165418909742e+00
4.968617165418909742e+00
4.968617165418909742e+00
4.968617165418910631e+00
4.968617165418910631e+00
4.968617165418910631e+00
4.968617165418910631e+00
4.968617165418910631e+00
4.968617165418910631e+00
4.968617165418910631e+00
4.968617165418910631e+00
4.968617165418910631e+00
4.968617165418912407e+00
4.968617165418912407e+00
4.968617165418912407e+00
4.968617165418912407e+00
4.968617165418912407e+00
4.968617165418912407e+00
4.968617165418912407e+00
4.968617165418912407e+00
4.968617165418912407e+00
4.968617165418912407e+00
4.968617165418912407e+00
4.968617165418912407e+00
4.968617165418912407e+00
4.968617165418912407e+00
4.968617165418912407e+00
4.968617165418912407e+00
4.968617165418913295e+00
4.968617165418913295e+00
4.968617165418913295e+00
4.968617165418913295e+00
4.968617165418913295e+00
4.968617165418914183e+00
4.968617165418914183e+00
4.968617165418914183e+00
4.968617165418914183e+00
4.968617165418914183e+00
4.968617165418914183e+00
4.968617165418914183e+00
4.968617165418914183e+00
4.968617165418914183e+00
4.968617165418914183e+00
4.968617165418914183e+00
4.968617165418914183e+00
4.968617165418915071e+00
4.968617165418915071e+00
4.968617165418915071e+00
4.968617165418915071e+00
4.968617165418915071e+00
4.968617165418915071e+00
4.968617165418915071e+00
4.968617165418915960e+00
4.968617165418915960e+00
4.968617165418915960e+00
4.968617165418915960e+00
4.968617165418915960e+00
4.968617165418915960e+00
4.968617165418915960e+00
4.968617165418915960e+00
4.968617165418915960e+00
4.968617165418915960e+00
4.968617165418915960e+00
4.968617165418915960e+00
4.968617165418915960e+00
4.968617165418915960e+00
4.968617165418915960e+00
4.968617165418916848e+00
4.968617165418916848e+00
4.968617165418916848e+00
4.968617165418916848e+00
4.968617165418916848e+00
4.968617165418917736e+00
4.968617165418917736e+00
4.968617165418917736e+00
4.968617165418917736e+00
4.968617165418917736e+00
4.968617165418917736e+00
4.968617165418917736e+00
4.968617165418917736e+00
4.968617165418917736e+00
4.968617165418917736e+00
4.968617165418918624e+00
4.968617165418918624e+00
4.968617165418918624e+00
4.968617165418918624e+00
4.968617165418918624e+00
4.968617165418918624e+00
4.968617165418918624e+00
4.968617165418918624e+00
4.968617165418918624e+00
4.968617165418918624e+00
4.968617165418918624e+00
4.968617165418919512e+00
4.968617165418919512e+00
4.968617165418919512e+00
4.968617165418920401e+00
4.968617165418920401e+00
4.968617165418920401e+00
4.968617165418920401e+00
4.968617165418920401e+00
4.968617165418920401e+00
4.968617165418922177e+00
4.968617165418922177e+00
4.968617165418922177e+00
4.968617165418922177e+00
4.968617165418923065e+00
4.968617165418923065e+00
4.968617165418923065e+00
4.968617165418923065e+00
4.968617165418923065e+00
4.968617165418923065e+00
4.968617165418923065e+00
4.968617165418923953e+00
4.968617165418923953e+00
4.968617165418923953e+00
4.968617165418924841e+00
4.968617165418924841e+00
4.968617165418924841e+00
4.968617165418925730e+00
4.968617165418926618e+00
4.968617165418927506e+00
4.968617165418927506e+00
4.968617165418927506e+00
4.968617165418927506e+00
4.968617165418927506e+00
4.968617165418927506e+00
4.968617165418928394e+00
4.968617165418932835e+00
4.968617165418934611e+00
4.968617165461603591e+00
4.968617165461606255e+00
4.968617165461611584e+00
4.968617165504288558e+00
4.968617165504290334e+00
4.992088906658697312e+00
4.998117335600164246e+00
5.079522743544342411e+00
5.086431508675519630e+00
5.162335010881006880e+00
5.177523266675211566e+00
5.249753715764481576e+00
5.262498505657528192e+00
5.342049277774965965e+00
5.343188492073549511e+00
5.423119297565619057e+00
5.434524113819990454e+00
5.505984880741647380e+00
5.521675827332281017e+00
5.594487402142851451e+00
5.602725662004789164e+00
5.680926982470542619e+00
5.686424930763460672e+00
5.760184294070759492e+00
5.775373690918041092e+00
5.844361510303023977e+00
5.857450508573999848e+00
5.934120210689810548e+00
5.934719677601892229e+00
6.011299142598999445e+00
6.023807393332226034e+00
6.091498727181742900e+00
6.107047197860616450e+00
6.178157451594813665e+00
6.183843712504689449e+00
6.258381506917880088e+00
6.267435733187793012e+00
6.335248038315924646e+00
6.351477720784755476e+00
6.418609657145252889e+00
6.427919652777396742e+00
6.500742703667445888e+00
6.506654768445047310e+00
6.574854359932559511e+00
6.590859726984524158e+00
6.655208550070721429e+00
6.666727980101856410e+00
6.737899588375793947e+00
6.741650497464898528e+00
6.809669602748387618e+00
6.825319372515594729e+00
6.887554528792680486e+00
6.900102469984624953e+00
6.969484522253319270e+00
6.972421074486679693e+00
7.039204980756204044e+00
7.054866170327112052e+00
7.109212267535513163e+00
7.109212267535514940e+00
7.109212267535514940e+00
7.109212267535515828e+00
7.109212267535515828e+00
7.109212267535517604e+00
7.109212267535517604e+00
7.109212267535517604e+00
7.109212267535517604e+00
7.109212267535517604e+00
7.109212267535518492e+00
7.109212267535518492e+00
7.109212267535518492e+00
7.109212267535518492e+00
7.109212267535518492e+00
7.109212267535518492e+00
7.109212267535518492e+00
7.109212267535518492e+00
7.109212267535519381e+00
7.109212267535519381e+00
7.109212267535519381e+00
7.109212267535519381e+00
7.109212267535519381e+00
7.109212267535519381e+00
7.109212267535519381e+00
7.109212267535519381e+00
7.109212267535519381e+00
7.109212267535519381e+00
7.109212267535519381e+00
7.109212267535519381e+00
7.109212267535519381e+00
7.109212267535519381e+00
7.109212267535519381e+00
7.109212267535519381e+00
7.109212267535519381e+00
7.109212267535519381e+00
7.109212267535519381e+00
7.109212267535521157e+00
7.109212267535521157e+00
7.109212267535521157e+00
7.109212267535521157e+00
7.109212267535521157e+00
7.109212267535521157e+00
7.109212267535521157e+00
7.109212267535521157e+00
7.109212267535521157e+00
7.109212267535521157e+00
7.109212267535521157e+00
7.109212267535521157e+00
7.109212267535521157e+00
7.109212267535521157e+00
7.109212267535521157e+00
7.109212267535521157e+00
7.109212267535521157e+00
7.109212267535522045e+00
7.109212267535522045e+00
7.109212267535522045e+00
7.109212267535522045e+00
7.109212267535522045e+00
7.109212267535522045e+00
7.109212267535522045e+00
7.109212267535522045e+00
7.109212267535522045e+00
7.109212267535522045e+00
7.109212267535522045e+00
7.109212267535522045e+00
7.109212267535522045e+00
7.109212267535522045e+00
7.109212267535522045e+00
7.109212267535522045e+00
7.109212267535522045e+00
7.109212267535522933e+00
7.109212267535522933e+00
7.109212267535522933e+00
7.109212267535522933e+00
7.109212267535522933e+00
7.109212267535522933e+00
7.109212267535522933e+00
7.109212267535522933e+00
7.109212267535522933e+00
7.109212267535522933e+00
7.109212267535522933e+00
7.109212267535522933e+00
7.109212267535522933e+00
7.109212267535522933e+00
7.109212267535522933e+00
7.109212267535522933e+00
7.109212267535522933e+00
7.109212267535522933e+00
7.109212267535524710e+00
7.109212267535524710e+00
7.109212267535524710e+00
7.109212267535524710e+00
7.109212267535524710e+00
7.109212267535524710e+00
7.109212267535524710e+00
7.109212267535524710e+00
7.109212267535524710e+00
7.109212267535524710e+00
7.109212267535524710e+00
7.109212267535524710e+00
7.109212267535524710e+00
7.109212267535524710e+00
7.109212267535524710e+00
7.109212267535524710e+00
7.109212267535524710e+00
7.109212267535524710e+00
7.109212267535524710e+00
7.109212267535524710e+00
7.109212267535524710e+00
7.109212267535524710e+00
7.109212267535524710e+00
7.109212267535524710e+00
7.109212267535526486e+00
7.109212267535526486e+00
7.109212267535526486e+00
7.109212267535526486e+00
7.109212267535526486e+00
7.109212267535526486e+00
7.109212267535526486e+00
7.109212267535526486e+00
7.109212267535526486e+00
7.109212267535526486e+00
7.109212267535526486e+00
7.109212267535526486e+00
7.109212267535526486e+00
7.109212267535526486e+00
7.109212267535526486e+00
7.109212267535526486e+00
7.109212267535526486e+00
7.109212267535526486e+00
7.109212267535526486e+00
7.109212267535527374e+00
7.109212267535527374e+00
7.109212267535527374e+00
7.109212267535527374e+00
7.109212267535527374e+00
7.109212267535527374e+00
7.109212267535527374e+00
7.109212267535527374e+00
7.109212267535527374e+00
7.109212267535527374e+00
7.109212267535527374e+00
7.109212267535527374e+00
7.109212267535527374e+00
7.109212267535527374e+00
7.109212267535527374e+00
7.109212267535527374e+00
7.109212267535527374e+00
7.109212267535527374e+00
7.109212267535527374e+00
7.109212267535527374e+00
7.109212267535527374e+00
7.109212267535527374e+00
7.109212267535527374e+00
7.109212267535528262e+00
7.109212267535528262e+00
7.109212267535528262e+00
7.109212267535528262e+00
7.109212267535528262e+00
7.109212267535528262e+00
7.109212267535528262e+00
7.109212267535528262e+00
7.109212267535528262e+00
7.109212267535528262e+00
7.109212267535529151e+00
7.109212267535529151e+00
7.109212267535529151e+00
7.109212267535529151e+00
7.109212267535529151e+00
7.109212267535529151e+00
7.109212267535529151e+00
7.109212267535529151e+00
7.109212267535529151e+00
7.109212267535529151e+00
7.109212267535529151e+00
7.109212267535529151e+00
7.109212267535529151e+00
7.109212267535529151e+00
7.109212267535529151e+00
7.109212267535530927e+00
7.109212267535530927e+00
7.109212267535530927e+00
7.109212267535530927e+00
7.109212267535530927e+00
7.109212267535530927e+00
7.109212267535530927e+00
7.109212267535530927e+00
7.109212267535530927e+00
7.109212267535531815e+00
7.109212267535531815e+00
7.109212267535531815e+00
7.109212267535532703e+00
7.109212267535532703e+00
7.109212267535532703e+00
7.109212267535532703e+00
7.109212267535535368e+00
7.115299713369205747e+00
7.127832566741784781e+00
7.195177260950317510e+00
7.198858067529497085e+00
7.263131817686720559e+00
7.279300693700581526e+00
7.338274976370709801e+00
7.349594351775067480e+00
7.414680113472340572e+00
7.420774846075682163e+00
7.481316400485826357e+00
7.498130469950480048e+00
7.556558279429025582e+00
7.564944090446302560e+00
7.627758077924450930e+00
7.637773896225891868e+00
7.693949221949530681e+00
7.710527088491228476e+00
7.770390574629482572e+00
7.773407669430982381e+00
7.834382993405017537e+00
7.848876240068909382e+00
7.901779309303086585e+00
7.915487737729388407e+00
7.974672234165597118e+00
7.979631279721094650e+00
8.035089038250344373e+00
8.052212667063871621e+00
8.106051350891322116e+00
8.112276074006024018e+00
8.168906849019119676e+00
8.182448976045362699e+00
8.193555344179705102e+00
8.193555344179706879e+00
8.231697933667927458e+00
8.245873794720010252e+00
8.300848423299656886e+00
8.306682428570901777e+00
8.357550449617271227e+00
8.374729330641223157e+00
8.426931490225230803e+00
8.429527985702948811e+00
8.482339229929175772e+00
8.498528259986589006e+00
8.544938721884358657e+00
8.554295964469039504e+00
8.604550857507240025e+00
8.617505094622780248e+00
8.661244241258076570e+00
8.674875509024786879e+00
8.723251844025003976e+00
8.732356040449651857e+00
8.775410972441353152e+00
8.791193261448814411e+00
8.837942499476950431e+00
8.843797768274926696e+00
8.886673716437478276e+00
8.903277742859772914e+00
8.948337501393798021e+00
8.952254327953633961e+00
8.994398954995366680e+00
9.011153146027982785e+00
9.054241562188613202e+00
9.057870033113427866e+00
9.087258388117163577e+00
9.087258388125603048e+00
9.098209014424774921e+00
9.114731626211836968e+00
9.155492924568701341e+00
9.160620983122436556e+00
9.197997092892252979e+00
9.213758205672284873e+00
9.251953808740960739e+00
9.260259518404705403e+00
9.294028835794394539e+00
9.307866237688084965e+00
9.343542402114701773e+00
9.355898101480995876e+00
9.387210509068237840e+00
9.396726153678008231e+00
9.430329063381067911e+00
9.445682125837501886e+00
9.478872260243550230e+00
9.480169936286495513e+00
9.512871852512549964e+00
9.528194829259600596e+00
9.558233675357575621e+00
9.567520437458705729e+00
9.569003275884126580e+00
9.569003275884130133e+00
9.569003275884130133e+00
9.569003275884131909e+00
9.569003275884131909e+00
9.569003275884131909e+00
9.569003275884131909e+00
9.569003275884131909e+00
9.569003275884131909e+00
9.569003275884133686e+00
9.569003275884133686e+00
9.569003275884133686e+00
9.569003275884133686e+00
9.569003275884133686e+00
9.569003275884133686e+00
9.569003275884133686e+00
9.569003275884133686e+00
9.569003275884133686e+00
9.569003275884133686e+00
9.569003275884133686e+00
9.569003275884133686e+00
9.569003275884133686e+00
9.569003275884137238e+00
9.569003275884137238e+00
9.569003275884137238e+00
9.569003275884137238e+00
9.569003275884137238e+00
9.569003275884137238e+00
9.569003275884137238e+00
9.569003275884137238e+00
9.569003275884137238e+00
9.569003275884137238e+00
9.569003275884137238e+00
9.569003275884137238e+00
9.569003275884137238e+00
9.569003275884137238e+00
9.569003275884137238e+00
9.569003275884137238e+00
9.569003275884137238e+00
9.569003275884137238e+00
9.569003275884137238e+00
9.569003275884137238e+00
9.569003275884137238e+00
9.569003275884137238e+00
9.569003275884137238e+00
9.569003275884137238e+00
9.569003275884137238e+00
9.569003275884137238e+00
9.569003275884137238e+00
9.569003275884137238e+00
9.569003275884137238e+00
9.569003275884137238e+00
9.569003275884137238e+00
9.569003275884137238e+00
9.569003275884137238e+00
9.569003275884137238e+00
9.569003275884137238e+00
9.569003275884137238e+00
9.569003275884139015e+00
9.569003275884139015e+00
9.569003275884139015e+00
9.569003275884139015e+00
9.569003275884139015e+00
9.569003275884139015e+00
9.569003275884139015e+00
9.569003275884139015e+00
9.569003275884139015e+00
9.569003275884140791e+00
9.569003275884140791e+00
9.569003275884140791e+00
9.569003275884140791e+00
9.569003275884140791e+00
9.569003275884140791e+00
9.569003275884140791e+00
9.569003275884140791e+00
9.569003275884140791e+00
9.569003275884140791e+00
9.569003275884140791e+00
9.569003275884140791e+00
9.569003275884140791e+00
9.569003275884140791e+00
9.569003275884140791e+00
9.569003275884140791e+00
9.569003275884140791e+00
9.569003275884140791e+00
9.569003275884140791e+00
9.569003275884140791e+00
9.569003275884140791e+00
9.569003275884140791e+00
9.569003275884140791e+00
9.569003275884140791e+00
9.569003275884140791e+00
9.569003275884140791e+00
9.569003275884140791e+00
9.569003275884140791e+00
9.569003275884140791e+00
9.569003275884140791e+00
9.569003275884140791e+00
9.569003275884140791e+00
9.569003275884140791e+00
9.569003275884140791e+00
9.569003275884140791e+00
9.569003275884140791e+00
9.569003275884140791e+00
9.569003275884140791e+00
9.569003275884140791e+00
9.569003275884140791e+00
9.569003275884142568e+00
9.569003275884142568e+00
9.569003275884142568e+00
9.569003275884142568e+00
9.569003275884142568e+00
9.569003275884142568e+00
9.569003275884144344e+00
9.569003275884144344e+00
9.569003275884144344e+00
9.569003275884144344e+00
9.569003275884144344e+00
9.569003275884144344e+00
9.569003275884144344e+00
9.569003275884144344e+00
9.569003275884146120e+00
9.569003275884146120e+00
9.569003275892670857e+00
9.569003275892676186e+00
9.569003275892677962e+00
9.569003275892677962e+00
9.569003275892677962e+00
9.569003275892677962e+00
9.569003275892677962e+00
9.569003275892677962e+00
9.569003275892679738e+00
9.569003275892679738e+00
9.569003275892681515e+00
9.569003275892681515e+00
9.569003275892681515e+00
9.569003275892681515e+00
9.569003275892681515e+00
9.569003275892681515e+00
9.569003275892681515e+00
9.569003275892681515e+00
9.569003275892681515e+00
9.569003275892683291e+00
9.569003275892683291e+00
9.569003275892683291e+00
9.569003275892683291e+00
9.569003275892683291e+00
9.569003275892685068e+00
9.569003275892685068e+00
9.569003275892685068e+00
9.569003275892685068e+00
9.569003275892685068e+00
9.569003275892686844e+00
9.569003275892686844e+00
9.569003275892688620e+00
9.569003275901220462e+00
9.569003275901220462e+00
9.569003275901220462e+00
9.569003275901220462e+00
9.569003275901220462e+00
9.569003275901220462e+00
9.569003275901222239e+00
9.569003275901224015e+00
9.569003275901224015e+00
9.569003275901224015e+00
9.569003275901224015e+00
9.569003275901224015e+00
9.569003275901224015e+00
9.569003275901224015e+00
9.569003275901224015e+00
9.569003275901224015e+00
9.569003275901224015e+00
9.569003275901224015e+00
9.569003275901225791e+00
9.569003275901225791e+00
9.569003275901225791e+00
9.569003275901225791e+00
9.569003275901225791e+00
9.569003275901225791e+00
9.569003275901225791e+00
9.569003275901225791e+00
9.569003275901225791e+00
9.569003275901225791e+00
9.569003275901225791e+00
9.569003275901227568e+00
9.569003275901227568e+00
9.569003275901227568e+00
9.569003275901227568e+00
9.569003275901227568e+00
9.569003275901227568e+00
9.569003275901227568e+00
9.569003275901231120e+00
9.569003275901231120e+00
9.569003275901231120e+00
9.569003275901231120e+00
9.569003275901231120e+00
9.569003275901232897e+00
9.569140053187023653e+00
9.569140053187023653e+00
9.569550186389612634e+00
9.569550186389612634e+00
9.570233079948216925e+00
9.570233079948216925e+00
9.571187743201306830e+00
9.571187743201308606e+00
9.572412793223328720e+00
9.572412793223328720e+00
9.573906458793942420e+00
9.573906458793945973e+00
9.575666585457065949e+00
9.575666585457065949e+00
9.577690641637067515e+00
9.577690641637067515e+00
9.579975725773312689e+00
9.579975725773314466e+00
9.582518574427988156e+00
9.582518574427988156e+00
9.585315571316872507e+00
9.585315571316872507e+00
9.588362757207693932e+00
9.588362757207695708e+00
9.591655840626469143e+00
9.591655840626469143e+00
9.593666385365590799e+00
9.595190209308535501e+00
9.595190209308535501e+00
9.598960942328023549e+00
9.598960942328025325e+00
9.602962822837145751e+00
9.602962822837145751e+00
9.603727789289527195e+00
9.607190351345078483e+00
9.607190351345078483e+00
9.611637759465251563e+00
9.611637759465251563e+00
9.616299024059468792e+00
9.616299024059468792e+00
9.621167881707622271e+00
9.621167881707622271e+00
9.626237843432702945e+00
9.626237843432702945e+00
9.631301634312242399e+00
9.631502209612103016e+00
9.631502209612103016e+00
9.636954085008337501e+00
9.636954085008337501e+00
9.642586393854529092e+00
9.642586393854529092e+00
9.645894290063404597e+00
9.648391894932951018e+00
9.648391894932951018e+00
9.654363196587970819e+00
9.654363196587974372e+00
9.660492771618212515e+00
9.660492771618212515e+00
9.666772971996456576e+00
9.666772971996458352e+00
9.673072350319939616e+00
9.673196043369609143e+00
9.673196043369609143e+00
9.677036533207804325e+00
9.679754139295106086e+00
9.679754139295106086e+00
9.686439335174148013e+00
9.686439335174148013e+00
9.693243641846313707e+00
9.693243641846313707e+00
9.700159018814110468e+00
9.700159018814110468e+00
9.701555209145650949e+00
9.707177387070151653e+00
9.707177387070151653e+00
9.713378303108935796e+00
9.714290641503531276e+00
9.714290641503531276e+00
9.721490662865845067e+00
9.721490662865845067e+00
9.728769329280970268e+00
9.728769329280972045e+00
9.736118527286262037e+00
9.736118527286262037e+00
9.736992462548936800e+00
9.743530162396121241e+00
9.743530162396121241e+00
9.750359355826276442e+00
9.750996169182087669e+00
9.750996169182087669e+00
9.758508520866497449e+00
9.758508520866497449e+00
9.766059238429420475e+00
9.766059238429420475e+00
9.773640399231164011e+00
9.773640399231164011e+00
9.773670523606021732e+00
9.777909670215658267e+00
9.781244145154808223e+00
9.781244145154808223e+00
9.788862690275314193e+00
9.788862690275314193e+00
9.796488328063594153e+00
9.796488328063594153e+00
9.798550262124068766e+00
9.804113438135452441e+00
9.804113438135452441e+00
9.808571394338839511e+00
9.811730492556840488e+00
9.811730492556840488e+00
9.819332061717961579e+00
9.819332061717961579e+00
9.826910819789825169e+00
9.826910819789828722e+00
9.828470838065523907e+00
9.834459549777763598e+00
9.834459549777763598e+00
9.840863096903630591e+00
9.841971148186940965e+00
9.841971148186940965e+00
9.849438629315626414e+00
9.849438629315626414e+00
9.856855129192211962e+00
9.856855129192211962e+00
9.859411427222688928e+00
9.864213909172317329e+00
9.864213909172317329e+00
9.868587543250184169e+00
9.871508359212420203e+00
9.871508359212420203e+00
9.878732000836521365e+00
9.878732000836521365e+00
9.885878489812268910e+00
9.885878489812268910e+00
9.885970386486675920e+00
9.888598937279805767e+00
9.892941618552827165e+00
9.892941618552827165e+00
9.899915318260571695e+00
9.899915318260571695e+00
9.905754688556259069e+00
9.906793660828384418e+00
9.906793660828384418e+00
9.913570860514044014e+00
9.913570860514044014e+00
9.915531591005890988e+00
9.920241275402737813e+00
9.920241275402737813e+00
9.926799408672357217e+00
9.926799408672357217e+00
9.929991817139223187e+00
9.933239909675780410e+00
9.933239909675780410e+00
9.939557574853843391e+00
9.939557574853843391e+00
9.939986757401090500e+00
9.945747348492202988e+00
9.945747348492202988e+00
9.951804323334787483e+00
9.951804323334787483e+00
9.953040921121210971e+00
9.957723741066013545e+00
9.957723741066013545e+00
9.961570262354110028e+00
9.963500992673393952e+00
9.963500992673393952e+00
9.969131618701652542e+00
9.969131618701652542e+00
9.973960011780892643e+00
9.974611309408903281e+00
9.974611309408903281e+00
9.978148138305218851e+00
9.979935904834995597e+00
9.979935904834997373e+00
9.985101394791486840e+00
9.985101394791486840e+00
9.988383592002644917e+00
9.990103918782324399e+00
9.990103918782324399e+00
9.992544360368430745e+00
9.994939765863763981e+00
9.994939765863763981e+00
9.999605374451517648e+00
9.999605374451517648e+00
1.000234310176053576e+01
1.000409733208277707e+01
1.000409733208277707e+01
1.000841237514015525e+01
1.000841237514015525e+01
1.000872246918385677e+01
1.001254738854428616e+01
1.001254738854428972e+01
1.001649940542128903e+01
1.001649940542128903e+01
1.001657658071683166e+01
1.002026560675092881e+01
1.002026560675092881e+01
1.002246104317719677e+01
1.002384332100097986e+01
1.002384332100097986e+01
1.002723002375276806e+01
1.002723002375276806e+01
1.002881179686141699e+01
1.003042333732266833e+01
1.003042333732267011e+01
1.003342103038386490e+01
1.003342103038386668e+01
1.003374090612333269e+01
1.003622101759242824e+01
1.003622101759242824e+01
1.003870155621165772e+01
1.003882135922137309e+01
1.003882135922137309e+01
1.004122026080613317e+01
1.004122026080613317e+01
1.004254757581164803e+01
1.004341607280452742e+01
1.004341607280452742e+01
1.004540729027404389e+01
1.004540729027404744e+01
1.004615528465452634e+01
1.004719255256902599e+01
1.004719255256902599e+01
1.004877064305998147e+01
1.004877064305998147e+01
1.004886505944703323e+01
1.005014048887717770e+01
1.005014048887717770e+01
1.005113772180688869e+01
1.005130116068020030e+01
1.005130116068020207e+01
1.005225187245515883e+01
1.005225187245515883e+01
1.005267181558978429e+01
1.005299198134080996e+01
1.005299198134081173e+01
1.005352098748480572e+01
1.005352098748480572e+01
1.005363241621146919e+01
1.005383853393090376e+01
1.005383853393090554e+01
1.007892524049374394e+01
1.017347579768834365e+01
1.026896902156338598e+01
1.036438880792230677e+01
1.045949012689060176e+01
1.055416399307699926e+01
1.064834885390676789e+01
1.074200474913375736e+01
1.083510318235592251e+01
1.092762239916844358e+01
1.101954491372115363e+01
1.111085609880562153e+01
1.120154332873835124e+01
1.129159543114834285e+01
1.138100232160525316e+01
1.145065641922627719e+01
1.145065641922627719e+01
1.145065641922627719e+01
1.145065641922627719e+01
1.145065641922627719e+01
1.145065641922627719e+01
1.145065641922627897e+01
1.145065641922627897e+01
1.145065641922627897e+01
1.145065641922627897e+01
1.145065641922627897e+01
1.145065641922627897e+01
1.145065641922627897e+01
1.145065641922627897e+01
1.145065641922627897e+01
1.145065641922627897e+01
1.145065641922627897e+01
1.145065641922627897e+01
1.145065641922627897e+01
1.145065641922627897e+01
1.145065641922627897e+01
1.145065641922628252e+01
1.145065641922628252e+01
1.145065641922628252e+01
1.145065641922628252e+01
1.145065641922628252e+01
1.145065641922628252e+01
1.145065641922628252e+01
1.145065641922628252e+01
1.145065641922628252e+01
1.145065641922628252e+01
1.145065641922628252e+01
1.145065641922628252e+01
1.145065641922628252e+01
1.145065641922628252e+01
1.145065641922628252e+01
1.145065641922628252e+01
1.145065641922628252e+01
1.145065641922628252e+01
1.145065641922628252e+01
1.145065641922628252e+01
1.145065641922628252e+01
1.145065641922628252e+01
1.145065641922628252e+01
1.145065641922628252e+01
1.145065641922628252e+01
1.145065641922628252e+01
1.145065641922628252e+01
1.145065641922628252e+01
1.145065641922628252e+01
1.145065641922628252e+01
1.145065641922628252e+01
1.145065641922628252e+01
1.145065641922628252e+01
1.145065641922628252e+01
1.145065641922628252e+01
1.145065641922628252e+01
1.145065641922628430e+01
1.145065641922628430e+01
1.145065641922628430e+01
1.145065641922628430e+01
1.145065641922628430e+01
1.145065641922628430e+01
1.145065641922628430e+01
1.145065641922628430e+01
1.145065641922628430e+01
1.145065641922628430e+01
1.145065641922628430e+01
1.145065641922628430e+01
1.145065641922628430e+01
1.145065641922628430e+01
1.145065641922628430e+01
1.145065641922628430e+01
1.145065641922628430e+01
1.145065641922628430e+01
1.145065641922628430e+01
1.145065641922628430e+01
1.145065641922628430e+01
1.145065641922628430e+01
1.145065641922628430e+01
1.145065641922628430e+01
1.145065641922628430e+01
1.145065641922628430e+01
1.145065641922628430e+01
1.145065641922628430e+01
1.145065641922628430e+01
1.145065641922628430e+01
1.145065641922628430e+01
1.145065641922628430e+01
1.145065641922628430e+01
1.145065641922628430e+01
1.145065641922628430e+01
1.145065641922628430e+01
1.145065641922628430e+01
1.145065641922628430e+01
1.145065641922628430e+01
1.145065641922628430e+01
1.145065641922628430e+01
1.145065641922628430e+01
1.145065641922628430e+01
1.145065641922628608e+01
1.145065641922628608e+01
1.145065641922628608e+01
1.145065641922628608e+01
1.145065641922628608e+01
1.145065641922628608e+01
1.145065641922628608e+01
1.145065641922628608e+01
1.145065641922628608e+01
1.145065641922628608e+01
1.145065641922628608e+01
1.145065641922628608e+01
1.145065641922628608e+01
1.145065641922628608e+01
1.145065641922628608e+01
1.145065641922628608e+01
1.145065641922628608e+01
1.145065641922628608e+01
1.145065641922628608e+01
1.145065641922628608e+01
1.145065641922628608e+01
1.145065641922628608e+01
1.145065641922628608e+01
1.145065641922628608e+01
1.145065641922628608e+01
1.145065641922628608e+01
1.145065641922628608e+01
1.145065641922628608e+01
1.145065641922628608e+01
1.145065641922628608e+01
1.145065641922628608e+01
1.145065641922628608e+01
1.145065641922628608e+01
1.145065641922628608e+01
1.145065641922628608e+01
1.145065641922628608e+01
1.145065641922628608e+01
1.145065641922628608e+01
1.145065641922628608e+01
1.145065641922628608e+01
1.145065641922628608e+01
1.145065641922628608e+01
1.145065641922628608e+01
1.145065641922628963e+01
1.145065641922628963e+01
1.145065641922628963e+01
1.145065641922628963e+01
1.145065641922628963e+01
1.145065641922628963e+01
1.145065641922628963e+01
1.145065641922628963e+01
1.145065641922628963e+01
1.145065641922628963e+01
1.145065641922628963e+01
1.145065641922628963e+01
1.145065641922628963e+01
1.145065641922628963e+01
1.145065641922628963e+01
1.145065641922628963e+01
1.145065641922628963e+01
1.145065641922628963e+01
1.145065641922628963e+01
1.145065641922628963e+01
1.145065641922628963e+01
1.145065641922628963e+01
1.145065641922628963e+01
1.145065641922628963e+01
1.145065641922628963e+01
1.145065641922628963e+01
1.145065641922628963e+01
1.145065641922628963e+01
1.145065641922628963e+01
1.145065641922628963e+01
1.145065641922628963e+01
1.145065641922628963e+01
1.145065641922628963e+01
1.145065641922628963e+01
1.145065641922628963e+01
1.145065641922628963e+01
1.145065641922628963e+01
1.145065641922628963e+01
1.145065641922628963e+01
1.145065641922628963e+01
1.145065641922628963e+01
1.145065641922628963e+01
1.145065641922629318e+01
1.145065641922629318e+01
1.145065641922629318e+01
1.145065641922629318e+01
1.145065641922629318e+01
1.145065641922629318e+01
1.145065641922629496e+01
1.145065641922629496e+01
1.145065641922629496e+01
1.145065641922629496e+01
1.145065641922629496e+01
1.145065641922629496e+01
1.145065641922629496e+01
1.145065641922629496e+01
1.146975475167089265e+01
1.155784413011396339e+01
1.164526239290388787e+01
1.173200190666104703e+01
1.181805539562494189e+01
1.190341588551390650e+01
1.198807665974983649e+01
1.207203122488902736e+01
1.215527328301180177e+01
1.223779670944457187e+01
1.231959553461887147e+01
1.240066392917625038e+01
1.241030219251115341e+01
1.241030219251115518e+01
1.248099619164611873e+01
1.256058673818247229e+01
1.263943009396239781e+01
1.271752088593673236e+01
1.279485383668895793e+01
1.287142375920879545e+01
1.294722555242547379e+01
1.302225419737577816e+01
1.309650475390536073e+01
1.316997235782045728e+01
1.321016941930364119e+01
1.321016941930364297e+01
1.324265221842174967e+01
1.331453961636407612e+01
1.338562990179500112e+01
1.345591849273313834e+01
1.352540087365325938e+01
1.359407259425043257e+01
1.366192926835967825e+01
1.372896657301108725e+01
1.379518024760329453e+01
1.386056609318066890e+01
1.392511997180158545e+01
1.398883780598681348e+01
1.405171557823871886e+01
1.411374933062290715e+01
1.417493516440529611e+01
1.423526923973825831e+01
1.429474777539043906e+01
1.435336704851536105e+01
1.441112339445463952e+01
1.446801320657197287e+01
1.452403293611469515e+01
1.457917909209985474e+01
1.460741832047901667e+01
1.460741832049414768e+01
1.463344824122225951e+01
1.468683700778210799e+01
1.473934207363014970e+01
1.479096017812852004e+01
1.484168811812552313e+01
1.489152274794292907e+01
1.494046097937438766e+01
1.498849978169374531e+01
1.503563618167219040e+01
1.508186726360321650e+01
1.512719016933448479e+01
1.517160209830583995e+01
1.521510030759263898e+01
1.525768211195379109e+01
1.529934488388387948e+01
1.534008605366879330e+01
1.537990310944436168e+01
1.541258928038505793e+01
1.541258928038506149e+01
1.541258928038506149e+01
1.541258928038506149e+01
1.541258928038506326e+01
1.541258928038506326e+01
1.541258928038506326e+01
1.541258928038506326e+01
1.541258928038506326e+01
1.541258928038506326e+01
1.541258928038506326e+01
1.541258928038506326e+01
1.541258928038506326e+01
1.541258928038506326e+01
1.541258928038506326e+01
1.541258928038506326e+01
1.541258928038506326e+01
1.541258928038506859e+01
1.541258928038506859e+01
1.541258928038506859e+01
1.541258928038506859e+01
1.541258928038506859e+01
1.541258928038506859e+01
1.541258928038506859e+01
1.541258928038506859e+01
1.541258928038506859e+01
1.541258928038506859e+01
1.541258928038506859e+01
1.541258928038506859e+01
1.541258928038506859e+01
1.541258928038506859e+01
1.541258928038506859e+01
1.541258928038506859e+01
1.541258928038506859e+01
1.541258928038506859e+01
1.541258928038506859e+01
1.541258928038506859e+01
1.541258928038506859e+01
1.541258928038506859e+01
1.541258928038506859e+01
1.541258928038506859e+01
1.541258928038506859e+01
1.541258928038506859e+01
1.541258928038507037e+01
1.541258928038507037e+01
1.541258928038507037e+01
1.541258928038507037e+01
1.541258928038507037e+01
1.541258928038507037e+01
1.541258928038507037e+01
1.541258928038507037e+01
1.541258928038507037e+01
1.541258928038507037e+01
1.541258928038507037e+01
1.541258928038507037e+01
1.541258928038507037e+01
1.541258928038507037e+01
1.541258928038507037e+01
1.541258928038507037e+01
1.541258928038507037e+01
1.541258928038507037e+01
1.541258928038507037e+01
1.541258928038507037e+01
1.541258928038507037e+01
1.541258928038507037e+01
1.541258928038507037e+01
1.541258928038507037e+01
1.541258928038507037e+01
1.541258928038507037e+01
1.541258928038507037e+01
1.541258928038507037e+01
1.541258928038507037e+01
1.541258928038507037e+01
1.541258928038507214e+01
1.541258928038507214e+01
1.541258928038507214e+01
1.541258928038507214e+01
1.541258928038507214e+01
1.541258928038507214e+01
1.541258928038507214e+01
1.541258928038507214e+01
1.541258928038507214e+01
1.541258928038507214e+01
1.541258928038507214e+01
1.541258928038507214e+01
1.541258928038507214e+01
1.541258928038507214e+01
1.541258928038507214e+01
1.541258928038507214e+01
1.541258928038507214e+01
1.541258928038507214e+01
1.541258928038507214e+01
1.541258928038507214e+01
1.541258928038507214e+01
1.541258928038507214e+01
1.541258928038507214e+01
1.541258928038507214e+01
1.541258928038507214e+01
1.541258928038507214e+01
1.541258928038507214e+01
1.541258928038507214e+01
1.541258928038507214e+01
1.541258928038507214e+01
1.541258928038507214e+01
1.541258928038507214e+01
1.541258928038507214e+01
1.541258928038507214e+01
1.541258928038507214e+01
1.541258928038507214e+01
1.541258928038507214e+01
1.541258928038507214e+01
1.541258928038507214e+01
1.541258928038507214e+01
1.541258928038507214e+01
1.541258928038507214e+01
1.541258928038507214e+01
1.541258928038507214e+01
1.541258928038507214e+01
1.541258928038507214e+01
1.541258928038507214e+01
1.541258928038507214e+01
1.541258928038507214e+01
1.541258928038507214e+01
1.541258928038507214e+01
1.541258928038507214e+01
1.541258928038507214e+01
1.541258928038507392e+01
1.541258928038507392e+01
1.541258928038507392e+01
1.541258928038507392e+01
1.541258928038507392e+01
1.541258928038507392e+01
1.541258928038507392e+01
1.541258928038507392e+01
1.541258928038507392e+01
1.541258928038507392e+01
1.541258928038507392e+01
1.541258928038507392e+01
1.541258928038507392e+01
1.541258928038507392e+01
1.541258928038507392e+01
1.541258928038507392e+01
1.541258928038507392e+01
1.541258928038507392e+01
1.541258928038507392e+01
1.541258928038507392e+01
1.541258928038507392e+01
1.541258928038507392e+01
1.541258928038507392e+01
1.541258928038507392e+01
1.541258928038507392e+01
1.541258928038507392e+01
1.541258928038507392e+01
1.541258928038507392e+01
1.541258928038507392e+01
1.541258928038507392e+01
1.541258928038507392e+01
1.541258928038507392e+01
1.541258928038507392e+01
1.541258928038507392e+01
1.541258928038507392e+01
1.541258928038507392e+01
1.541258928038507392e+01
1.541258928038507392e+01
1.541258928038507392e+01
1.541258928038507392e+01
1.541258928038507392e+01
1.541258928038507392e+01
1.541258928038507392e+01
1.541258928038507392e+01
1.541258928038507392e+01
1.541258928038507747e+01
1.541258928038507747e+01
1.541258928038507747e+01
1.541258928038507747e+01
1.541258928038507747e+01
1.541258928038507747e+01
1.541258928038507747e+01
1.541258928038507747e+01
1.541258928038507925e+01
1.541258928038507925e+01
1.541258928038507925e+01
1.541258928038507925e+01
1.541258928038507925e+01
1.541258928038507925e+01
1.541258928038507925e+01
1.541258928038507925e+01
1.541258928038508103e+01
1.541258928038508103e+01
1.541258928038508103e+01
1.541258928038508103e+01
1.541258928038508103e+01
1.541258928038508103e+01
1.541258928038508635e+01
1.541258928039883180e+01
1.541258928039883358e+01
1.541258928039883358e+01
1.541258928041259857e+01
1.541258928041259857e+01
1.541280572309643127e+01
1.541280572309643304e+01
1.541345474108766922e+01
1.541345474108767277e+01
1.541453540482094553e+01
1.541453540482094553e+01
1.541604616802967342e+01
1.541604616802967520e+01
1.541798487214304281e+01
1.541798487214304281e+01
1.541879359725749232e+01
1.542034875243995629e+01
1.542034875243995806e+01
1.542313444589279037e+01
1.542313444589279037e+01
1.542633800065064165e+01
1.542633800065064698e+01
1.542995488710189633e+01
1.542995488710189633e+01
1.543398001044660717e+01
1.543398001044661072e+01
1.543840772470087508e+01
1.543840772470087686e+01
1.544323184804757432e+01
1.544323184804757609e+01
1.544844567944142888e+01
1.544844567944142888e+01
1.545404201637051855e+01
1.545404201637052033e+01
1.545675512112948802e+01
1.546001317367190353e+01
1.546001317367190353e+01
1.546635100329518764e+01
1.546635100329519119e+01
1.547304691490562334e+01
1.547304691490562334e+01
1.548009189721653911e+01
1.548009189721653911e+01
1.548747653994056783e+01
1.548747653994056783e+01
1.549378534312098488e+01
1.549519105624950477e+01
1.549519105624950477e+01
1.550322530563398082e+01
1.550322530563398260e+01
1.551156881705639456e+01
1.551156881705639456e+01
1.552021081229348987e+01
1.552021081229348987e+01
1.552914022936863070e+01
1.552914022936863248e+01
1.552988198339829040e+01
1.553834574597818730e+01
1.553834574597818730e+01
1.554781580282125475e+01
1.554781580282125830e+01
1.555753862674716537e+01
1.555753862674716537e+01
1.556504282030074648e+01
1.556750225364101325e+01
1.556750225364101325e+01
1.557769455097326450e+01
1.557769455097326805e+01
1.558810323994569380e+01
1.558810323994569380e+01
1.559871591717210038e+01
1.559871591717210748e+01
1.559926569040876210e+01
1.560952007583869516e+01
1.560952007583869516e+01
1.562050312629511772e+01
1.562050312629511950e+01
1.563165241603353728e+01
1.563165241603354083e+01
1.563254848861233803e+01
1.564295524901912593e+01
1.564295524901913303e+01
1.565439890434128323e+01
1.565439890434128323e+01
1.566488916817971955e+01
1.566597065416048373e+01
1.566597065416048373e+01
1.567765778093136930e+01
1.567765778093136930e+01
1.568944759388742227e+01
1.568944759388742227e+01
1.569628574082602235e+01
1.570132744477780484e+01
1.570132744477780840e+01
1.571328474285119192e+01
1.571328474285119370e+01
1.572530696908575898e+01
1.572530696908575898e+01
1.572673627678158326e+01
1.573738168966827189e+01
1.573738168966827189e+01
1.574949656872874471e+01
1.574949656872874648e+01
1.575623890485979395e+01
1.576163938034029677e+01
1.576163938034030032e+01
1.577379801979668805e+01
1.577379801979668805e+01
1.578479181252433250e+01
1.578596051418245061e+01
1.578596051418245239e+01
1.579811503225289471e+01
1.579811503225289471e+01
1.581024989364289723e+01
1.581024989364289723e+01
1.581239324595550677e+01
1.582235357742529480e+01
1.582235357742529658e+01
1.583441473004075384e+01
1.583441473004075384e+01
1.583904151011563854e+01
1.584642217262230446e+01
1.584642217262230446e+01
1.585836490773844432e+01
1.585836490773844432e+01
1.586473496881326994e+01
1.587023212557935992e+01
1.587023212557935992e+01
1.588201320961136531e+01
1.588201320961136531e+01
1.588947204476610509e+01
1.589369774172471317e+01
1.589369774172471494e+01
1.590527550690022629e+01
1.590527550690022629e+01
1.591325121966255196e+01
1.591673649741999341e+01
1.591673649741999341e+01
1.592807091664727714e+01
1.592807091664727892e+01
1.593607103422170646e+01
1.593926918240041601e+01
1.593926918240041601e+01
1.595032192994510645e+01
1.595032192994510645e+01
1.595793008825171633e+01
1.596122001462904727e+01
1.596122001462904727e+01
1.597195451418220635e+01
1.597195451418220635e+01
1.597882704070640258e+01
1.598251673070547874e+01
1.598251673070547874e+01
1.599289819236973997e+01
1.599289819236974175e+01
1.599876060974004055e+01
1.600309065484665538e+01
1.600309065484665894e+01
1.601308610249175501e+01
1.601308610249175501e+01
1.601772957276022780e+01
1.602287674929957006e+01
1.602287674929957006e+01
1.603245503964988217e+01
1.603245503964988217e+01
1.603573276647875190e+01
1.604181364886315819e+01
1.604181364886316175e+01
1.605094548358269435e+01
1.605094548358269435e+01
1.605276908696038518e+01
1.605984368199986179e+01
1.605984368199986179e+01
1.606850161393844445e+01
1.606850161393844445e+01
1.606883748966954428e+01
1.607691288081287340e+01
1.607691288081287340e+01
1.608393698951473638e+01
1.608507131547461810e+01
1.608507131547461810e+01
1.609297098196025644e+01
1.609297098196025644e+01
1.609806666089079741e+01
1.610060617515378567e+01
1.610060617515378567e+01
1.610797142037527152e+01
1.610797142037527863e+01
1.611122563771873573e+01
1.611506147290705471e+01
1.611506147290705471e+01
1.612187131746805946e+01
1.612187131746805946e+01
1.612341311348332340e+01
1.612839616764631145e+01
1.612839616764631145e+01
1.613462834126817569e+01
1.613463146529871040e+01
1.613463146529871040e+01
1.614057287992702783e+01
1.614057287992702783e+01
1.614487063378846798e+01
1.614621630803800656e+01
1.614621630803800656e+01
1.615155787249523911e+01
1.615155787249523911e+01
1.615413936342114098e+01
1.615659392186982046e+01
1.615659392186982046e+01
1.616132102979619845e+01
1.616132102979620200e+01
1.616243396223256923e+01
1.616573599433928621e+01
1.616573599433928976e+01
1.616975392200369299e+01
1.616983583737830088e+01
1.616983583737830088e+01
1.617361780401246207e+01
1.617361780401246207e+01
1.617609879425258868e+01
1.617707936199309415e+01
1.617707936199309771e+01
1.618021820118645238e+01
1.618021820118645593e+01
1.618146819025440308e+01
1.618303223307095706e+01
1.618303223307095706e+01
1.618551959027239207e+01
1.618551959027239562e+01
1.618586178105869777e+01
1.618767862614004827e+01
1.618767862614004827e+01
1.618927929750413597e+01
1.618950791436652636e+01
1.618950791436652992e+01
1.619100624865360416e+01
1.619100624865360416e+01
1.619172053023049074e+01
1.619217264242607257e+01
1.619217264242607612e+01
1.619300632859539846e+01
1.619300632859540201e+01
1.619318532968806679e+01
1.619350675937444350e+01
1.619350675937444350e+01
