5745609
931 1711 1711 1.383396884237418e+49
931 1906 1906 -1.618806740030668e+49
931 1907 1907 1.618806740358813e+49
931 1918 1918 -2.201317666000548e+49
931 1919 1919 2.201317666343708e+49
931 1942 1942 2.564125191190134e+49
931 1943 1943 -2.564125191187317e+49
931 1951 2397 1.077343064228549e+49
931 1961 1961 1.116656547029949e+49
931 2086 2086 2.350963199699134e+49
931 2155 2156 -1.548334042989286e+49
931 2156 2155 -1.548334042989285e+49
931 2156 2156 1.559173480226057e+49
931 2158 2158 -2.343667780950497e+49
931 2159 2159 1.287531884881314e+49
931 2160 2266 1.208610293167219e+49
931 2160 2271 2.182290804307121e+49
931 2161 2267 1.208610293302667e+49
931 2161 2272 2.182290804547551e+49
931 2162 2264 -1.361947491189371e+49
931 2162 2273 1.813315661117950e+49
931 2163 2265 -1.361947491343489e+49
931 2163 2274 -1.813315661316474e+49
931 2164 2261 1.422782245714124e+49
931 2164 2277 1.715215914106683e+49
931 2165 2262 1.422782245553287e+49
931 2165 2276 -1.715215913922895e+49
931 2166 2260 1.455779712954430e+49
931 2166 2278 1.669022856335655e+49
931 2167 2259 1.455779712789805e+49
931 2167 2279 -1.669022856157127e+49
931 2168 2257 -1.476689329658381e+49
931 2168 2282 -1.641652204745489e+49
931 2169 2256 -1.476689329491382e+49
931 2169 2281 -1.641652204571324e+49
931 2171 2254 1.491240864946698e+49
931 2171 2283 -1.623189857670608e+49
931 2172 2255 1.491240865115520e+49
931 2172 2284 -1.623189857840484e+49
931 2173 2252 1.502018528398671e+49
931 2173 2286 -1.609631706611473e+49
931 2174 2251 -1.502018528568620e+49
931 2174 2287 1.609631706778332e+49
931 2175 2250 -1.510358644328610e+49
931 2175 2289 1.599052045721030e+49
931 2176 2249 -1.510358644156173e+49
931 2176 2288 1.599052045556740e+49
931 2177 2248 -1.517021428543822e+49
931 2177 2291 -1.590410825376881e+49
931 2178 2247 -1.517021428717342e+49
931 2178 2292 -1.590410825538667e+49
931 2179 2244 -1.522470972796979e+49
931 2179 2293 -1.583097780831369e+49
931 2180 2245 -1.522470972971307e+49
931 2180 2294 1.583097780991640e+49
931 2181 2242 -1.527006392719530e+49
931 2181 2296 -1.576731903994315e+49
931 2182 2243 -1.527006392894978e+49
931 2182 2297 1.576731904153211e+49
931 2183 2241 1.530828928331055e+49
931 2183 2298 -1.571063649335106e+49
931 2184 2240 1.530828928507611e+49
931 2184 2299 -1.571063649492772e+49
931 2185 2238 1.534078733308393e+49
931 2185 2302 -1.565923300761158e+49
931 2186 2237 1.534078733131043e+49
931 2186 2301 -1.565923300604337e+49
931 2187 2235 1.536856201213964e+49
931 2187 2303 -1.561191934515881e+49
931 2188 2236 -1.536856201391520e+49
931 2188 2304 1.561191934672284e+49
931 2190 2232 1.539234910344220e+49
931 2190 2306 1.556784230515001e+49
931 2191 2233 1.539234910522798e+49
931 2191 2307 1.556784230671365e+49
931 2192 2230 1.541269782238975e+49
931 2192 2308 1.552637850100707e+49
931 2193 2231 1.541269782418156e+49
931 2193 2309 1.552637850256319e+49
931 2194 2228 1.543002394424648e+49
931 2194 2312 -1.548706635349919e+49
931 2195 2229 -1.543002394605123e+49
931 2195 2311 -1.548706635503489e+49
931 2196 2225 1.544464531296235e+49
931 2196 2313 1.544956118950943e+49
931 2197 2226 1.544464531476341e+49
931 2197 2314 -1.544956119104286e+49
931 2198 2223 1.545680610190109e+49
931 2198 2316 -1.541360483061776e+49
931 2199 2224 -1.545680610370827e+49
931 2199 2317 -1.541360483213119e+49
931 2201 2221 1.546669366726944e+49
931 2201 2318 1.537900454961051e+49
931 2202 2222 -1.546669366908797e+49
931 2202 2319 -1.537900455110811e+49
931 2203 2219 -1.547445038136793e+49
931 2203 2321 -1.534561825895070e+49
931 2204 2220 -1.547445038317961e+49
931 2204 2322 -1.534561826043201e+49
931 2205 2216 -1.548018196368673e+49
931 2205 2324 1.531334395980076e+49
931 2206 2217 1.548018196186716e+49
931 2206 2323 1.531334395833675e+49
931 2207 2214 -1.548396327602041e+49
931 2207 2327 1.528211217483740e+49
931 2208 2215 -1.548396327420068e+49
931 2208 2326 1.528211217339363e+49
931 2209 2212 -1.548584223989442e+49
931 2209 2329 1.525188055906143e+49
931 2210 2213 -1.548584223807762e+49
931 2210 2328 1.525188055763112e+49
931 2212 2209 -1.548584223989441e+49
931 2212 2332 -1.522263011508900e+49
931 2213 2210 -1.548584223807761e+49
931 2213 2331 1.522263011367534e+49
931 2214 2207 -1.548396327602040e+49
931 2214 2334 -1.519436268072518e+49
931 2215 2208 -1.548396327420068e+49
931 2215 2335 -1.519436267932736e+49
931 2216 2205 -1.548018196368674e+49
931 2216 2337 -1.516709945847216e+49
931 2217 2206 1.548018196186716e+49
931 2217 2336 1.516709945708488e+49
931 2219 2203 -1.547445038136792e+49
931 2219 2339 -1.514088046513776e+49
931 2220 2204 -1.547445038317960e+49
931 2220 2340 1.514088046651785e+49
931 2221 2201 1.546669366726944e+49
931 2221 2341 -1.511576486968282e+49
931 2222 2202 -1.546669366908796e+49
931 2222 2342 1.511576487104951e+49
931 2223 2198 1.545680610190111e+49
931 2223 2344 1.509183223469458e+49
931 2224 2199 -1.545680610370828e+49
931 2224 2345 1.509183223605408e+49
931 2225 2196 1.544464531296235e+49
931 2225 2346 1.506918480669478e+49
931 2226 2197 1.544464531476341e+49
931 2226 2347 1.506918480805128e+49
931 2228 2194 1.543002394424649e+49
931 2228 2349 1.504795105039861e+49
931 2229 2195 -1.543002394605124e+49
931 2229 2350 -1.504795105174930e+49
931 2230 2192 1.541269782238976e+49
931 2230 2353 1.502829078232132e+49
931 2231 2193 1.541269782418155e+49
931 2231 2352 -1.502829078366582e+49
931 2232 2190 1.539234910344220e+49
931 2232 2355 -1.501040243649231e+49
931 2233 2191 1.539234910522797e+49
931 2233 2354 -1.501040243782971e+49
931 2235 2187 1.536856201213965e+49
931 2235 2357 1.499453327556452e+49
931 2236 2188 -1.536856201391520e+49
931 2236 2358 1.499453327688424e+49
931 2237 2186 1.534078733131043e+49
931 2237 2359 -1.498099379433233e+49
931 2238 2185 1.534078733308393e+49
931 2238 2360 1.498099379565153e+49
931 2240 2184 1.530828928507611e+49
931 2240 2363 1.497017825785040e+49
931 2241 2183 1.530828928331056e+49
931 2241 2362 -1.497017825654692e+49
931 2242 2181 -1.527006392719531e+49
931 2242 2365 1.496259445209429e+49
931 2243 2182 -1.527006392894978e+49
931 2243 2364 1.496259445337420e+49
931 2244 2179 -1.522470972796980e+49
931 2244 2367 1.495890771758401e+49
931 2245 2180 -1.522470972971308e+49
931 2245 2368 1.495890771884560e+49
931 2247 2178 -1.517021428717340e+49
931 2247 2370 -1.496000772330677e+49
931 2248 2177 -1.517021428543823e+49
931 2248 2371 -1.496000772205959e+49
931 2249 2176 -1.510358644156173e+49
931 2249 2372 -1.496711288672433e+49
931 2250 2175 -1.510358644328610e+49
931 2250 2373 -1.496711288796087e+49
931 2251 2174 -1.502018528568621e+49
931 2251 2376 -1.498193958601744e+49
931 2252 2173 1.502018528398670e+49
931 2252 2375 -1.498193958479264e+49
931 2254 2171 1.491240864946699e+49
931 2254 2377 -1.500698825212760e+49
931 2255 2172 1.491240865115521e+49
931 2255 2378 -1.500698825334811e+49
931 2256 2169 -1.476689329491383e+49
931 2256 2380 -1.504605274787308e+49
931 2257 2168 -1.476689329658383e+49
931 2257 2381 1.504605274909576e+49
931 2259 2167 1.455779712789805e+49
931 2259 2382 -1.510518639328535e+49
931 2260 2166 1.455779712954432e+49
931 2260 2383 1.510518639450299e+49
931 2261 2164 1.422782245714125e+49
931 2261 2386 1.519468608069950e+49
931 2262 2165 1.422782245553287e+49
931 2262 2385 1.519468607947028e+49
931 2264 2162 -1.361947491189370e+49
931 2264 2388 -1.533361259876947e+49
931 2265 2163 -1.361947491343490e+49
931 2265 2389 1.533361260000809e+49
931 2266 2160 1.208610293167220e+49
931 2266 2390 -1.556165309501519e+49
931 2267 2161 1.208610293302668e+49
931 2267 2391 1.556165309626926e+49
931 2268 2393 -1.597740238842257e+49
931 2269 2394 1.597740238971062e+49
931 2271 2160 2.182290804307122e+49
931 2271 2396 1.691222535001416e+49
931 2272 2161 2.182290804547552e+49
931 2272 2395 -1.691222535138893e+49
931 2273 2162 1.813315661117950e+49
931 2273 2398 2.060702778484053e+49
931 2274 2163 -1.813315661316475e+49
931 2274 2399 -2.060702778650741e+49
931 2276 2165 -1.715215913922896e+49
931 2277 2164 1.715215914106683e+49
931 2278 2166 1.669022856335656e+49
931 2278 2399 1.092051360447718e+49
931 2279 2167 -1.669022856157125e+49
931 2279 2398 1.092051360360453e+49
931 2281 2169 -1.641652204571324e+49
931 2281 2396 -1.235166156609049e+49
931 2282 2168 -1.641652204745489e+49
931 2282 2395 1.235166156708648e+49
931 2283 2171 -1.623189857670607e+49
931 2283 2393 1.290533553517325e+49
931 2284 2172 -1.623189857840485e+49
931 2284 2394 1.290533553620504e+49
931 2286 2173 -1.609631706611472e+49
931 2286 2390 -1.319333944412055e+49
931 2287 2174 1.609631706778333e+49
931 2287 2391 1.319333944516854e+49
931 2288 2176 1.599052045556740e+49
931 2288 2388 -1.336625434652701e+49
931 2289 2175 1.599052045721029e+49
931 2289 2389 1.336625434757791e+49
931 2291 2177 -1.590410825376881e+49
931 2291 2385 1.347914521508775e+49
931 2292 2178 -1.590410825538667e+49
931 2292 2386 -1.347914521614326e+49
931 2293 2179 -1.583097780831369e+49
931 2293 2382 -1.355692933204058e+49
931 2294 2180 1.583097780991640e+49
931 2294 2383 -1.355692933309156e+49
931 2296 2181 -1.576731903994315e+49
931 2296 2380 -1.361252390869633e+49
931 2297 2182 1.576731904153208e+49
931 2297 2381 -1.361252390975349e+49
931 2298 2183 -1.571063649335107e+49
931 2298 2377 1.365329292291015e+49
931 2299 2184 -1.571063649492771e+49
931 2299 2378 -1.365329292396226e+49
931 2301 2186 -1.565923300604337e+49
931 2301 2375 1.368374060397372e+49
931 2302 2185 -1.565923300761155e+49
931 2302 2376 -1.368374060502509e+49
931 2303 2187 -1.561191934515881e+49
931 2303 2372 1.370677542810973e+49
931 2304 2188 1.561191934672287e+49
931 2304 2373 -1.370677542915995e+49
931 2306 2190 1.556784230515001e+49
931 2306 2371 1.372435775398767e+49
931 2307 2191 1.556784230671364e+49
931 2307 2370 -1.372435775503768e+49
931 2308 2192 1.552637850100708e+49
931 2308 2367 1.373785534147303e+49
931 2309 2193 1.552637850256318e+49
931 2309 2368 -1.373785534252057e+49
931 2311 2195 -1.548706635503488e+49
931 2311 2364 -1.374824967489156e+49
931 2312 2194 -1.548706635349918e+49
931 2312 2365 -1.374824967384724e+49
931 2313 2196 1.544956118950943e+49
931 2313 2362 1.375626129994053e+49
931 2314 2197 -1.544956119104286e+49
931 2314 2363 -1.375626130098702e+49
931 2316 2198 -1.541360483061776e+49
931 2316 2359 1.376242893975001e+49
931 2317 2199 -1.541360483213118e+49
931 2317 2360 1.376242894079618e+49
931 2318 2201 1.537900454961052e+49
931 2318 2357 1.376716103199795e+49
931 2319 2202 -1.537900455110810e+49
931 2319 2358 1.376716103304370e+49
931 2321 2203 -1.534561825895069e+49
931 2321 2355 1.377077023315477e+49
931 2322 2204 -1.534561826043200e+49
931 2322 2354 1.377077023419820e+49
931 2323 2206 1.531334395833675e+49
931 2323 2353 1.377349701547094e+49
931 2324 2205 1.531334395980076e+49
931 2324 2352 1.377349701651206e+49
931 2326 2208 1.528211217339364e+49
931 2326 2349 1.377552608086840e+49
931 2327 2207 1.528211217483743e+49
931 2327 2350 1.377552608191121e+49
931 2328 2210 1.525188055763112e+49
931 2328 2346 1.377699790085179e+49
931 2329 2209 1.525188055906140e+49
931 2329 2347 1.377699790189228e+49
931 2331 2213 1.522263011367534e+49
931 2331 2344 1.377801684997089e+49
931 2332 2212 -1.522263011508899e+49
931 2332 2345 1.377801685101076e+49
931 2334 2214 -1.519436268072519e+49
931 2334 2342 1.377865687985202e+49
931 2335 2215 -1.519436267932735e+49
931 2335 2341 -1.377865687881234e+49
931 2336 2217 1.516709945708487e+49
931 2336 2339 -1.377896533760260e+49
931 2337 2216 -1.516709945847216e+49
931 2337 2340 1.377896533864053e+49
931 2339 2219 -1.514088046513776e+49
931 2339 2336 -1.377896533760260e+49
931 2340 2220 1.514088046651786e+49
931 2340 2337 1.377896533864052e+49
931 2341 2221 -1.511576486968283e+49
931 2341 2335 -1.377865687881234e+49
931 2342 2222 1.511576487104953e+49
931 2342 2334 1.377865687985202e+49
931 2344 2223 1.509183223469460e+49
931 2344 2331 1.377801684997089e+49
931 2345 2224 1.509183223605408e+49
931 2345 2332 1.377801685101075e+49
931 2346 2225 1.506918480669478e+49
931 2346 2328 1.377699790085180e+49
931 2347 2226 1.506918480805127e+49
931 2347 2329 1.377699790189226e+49
931 2349 2228 1.504795105039860e+49
931 2349 2326 1.377552608086840e+49
931 2350 2229 -1.504795105174930e+49
931 2350 2327 1.377552608191121e+49
931 2352 2231 -1.502829078366583e+49
931 2352 2324 1.377349701651205e+49
931 2353 2230 1.502829078232133e+49
931 2353 2323 1.377349701547095e+49
931 2354 2233 -1.501040243782972e+49
931 2354 2322 1.377077023419823e+49
931 2355 2232 -1.501040243649232e+49
931 2355 2321 1.377077023315475e+49
931 2357 2235 1.499453327556452e+49
931 2357 2318 1.376716103199794e+49
931 2358 2236 1.499453327688423e+49
931 2358 2319 1.376716103304369e+49
931 2359 2237 -1.498099379433234e+49
931 2359 2316 1.376242893975000e+49
931 2360 2238 1.498099379565153e+49
931 2360 2317 1.376242894079618e+49
931 2362 2241 -1.497017825654692e+49
931 2362 2313 1.375626129994054e+49
931 2363 2240 1.497017825785039e+49
931 2363 2314 -1.375626130098701e+49
931 2364 2243 1.496259445337420e+49
931 2364 2311 -1.374824967489156e+49
931 2365 2242 1.496259445209429e+49
931 2365 2312 -1.374824967384725e+49
931 2367 2244 1.495890771758400e+49
931 2367 2308 1.373785534147303e+49
931 2368 2245 1.495890771884560e+49
931 2368 2309 -1.373785534252058e+49
931 2370 2247 -1.496000772330677e+49
931 2370 2307 -1.372435775503768e+49
931 2371 2248 -1.496000772205959e+49
931 2371 2306 1.372435775398767e+49
931 2372 2249 -1.496711288672433e+49
931 2372 2303 1.370677542810973e+49
931 2373 2250 -1.496711288796087e+49
931 2373 2304 -1.370677542915995e+49
931 2375 2252 -1.498193958479264e+49
931 2375 2301 1.368374060397372e+49
931 2376 2251 -1.498193958601742e+49
931 2376 2302 -1.368374060502508e+49
931 2377 2254 -1.500698825212761e+49
931 2377 2298 1.365329292291015e+49
931 2378 2255 -1.500698825334812e+49
931 2378 2299 -1.365329292396225e+49
931 2380 2256 -1.504605274787309e+49
931 2380 2296 -1.361252390869633e+49
931 2381 2257 1.504605274909575e+49
931 2381 2297 -1.361252390975349e+49
931 2382 2259 -1.510518639328535e+49
931 2382 2293 -1.355692933204059e+49
931 2383 2260 1.510518639450301e+49
931 2383 2294 -1.355692933309157e+49
931 2385 2262 1.519468607947028e+49
931 2385 2291 1.347914521508774e+49
931 2386 2261 1.519468608069950e+49
931 2386 2292 -1.347914521614325e+49
931 2388 2264 -1.533361259876947e+49
931 2388 2288 -1.336625434652701e+49
931 2389 2265 1.533361260000809e+49
931 2389 2289 1.336625434757790e+49
931 2390 2266 -1.556165309501519e+49
931 2390 2286 -1.319333944412055e+49
931 2391 2267 1.556165309626926e+49
931 2391 2287 1.319333944516854e+49
931 2393 2268 -1.597740238842258e+49
931 2393 2283 1.290533553517326e+49
931 2394 2269 1.597740238971060e+49
931 2394 2284 1.290533553620505e+49
931 2395 2272 -1.691222535138893e+49
931 2395 2282 1.235166156708648e+49
931 2396 2271 1.691222535001416e+49
931 2396 2281 -1.235166156609049e+49
931 2397 1951 1.077343064228547e+49
931 2398 2273 2.060702778484053e+49
931 2398 2279 1.092051360360451e+49
931 2399 2274 -2.060702778650745e+49
931 2399 2278 1.092051360447719e+49
