64
604 604 604 -4.15225876800351678367e+43
604 604 605 4.39417376077704817155e+36
604 604 1186 -2.40322295814265367282e+35
604 604 1906 -4.09978734764600403718e+35
604 605 604 4.45323310706566566521e+36
604 605 605 3.52797572739601440261e+44
604 605 1186 -7.42776750209115329365e+34
604 605 1906 1.30546442951139990064e+36
604 1186 604 -2.40345529640750156757e+35
604 1186 605 -7.42614486362164448895e+34
604 1186 1186 -4.42861964268645261523e+48
604 1186 1906 -6.66605876808967177386e+47
604 1906 604 -4.09970003858821401915e+35
604 1906 605 1.30543821973166262574e+36
604 1906 1186 -6.66605876808969854665e+47
604 1906 1906 -1.56720785083015222643e+49
605 604 604 4.23265968423740334995e+36
605 604 605 3.52791595499750070064e+44
605 604 1186 3.54356802304344803748e+35
605 604 1906 2.42603691717683738384e+36
605 605 604 3.52791595515618678734e+44
605 605 605 4.37729201009469063502e+37
605 605 1186 -1.60020858805346642966e+36
605 605 1906 1.11683683072690251594e+36
605 1186 604 3.54291049713172318230e+35
605 1186 605 -1.60025046245472877078e+36
605 1186 1186 5.77232097264517587980e+48
605 1186 1906 -1.95774413039013558824e+48
605 1906 604 2.42605271494211927271e+36
605 1906 605 1.11699854895373259933e+36
605 1906 1186 -1.95774413039013429016e+48
605 1906 1906 1.14897884643276198200e+48
1186 604 604 -4.29913242442938561606e+35
1186 604 605 -8.61022846845004687996e+35
1186 604 1186 -4.42875156879688460168e+48
1186 604 1906 -6.66703612060836330866e+47
1186 605 604 -8.61012071814902748046e+35
1186 605 605 -2.71580837403027022113e+33
1186 605 1186 5.77235791965297911004e+48
1186 605 1906 -1.95764722287588829226e+48
1186 1186 604 -4.42875156879688330360e+48
1186 1186 605 5.77235791965297911004e+48
1186 1186 1186 -6.07988888457994467499e+37
1186 1186 1906 1.68620102361842350857e+38
1186 1906 604 -6.66703612060838764755e+47
1186 1906 605 -1.95764722287588764323e+48
1186 1906 1186 1.68612289128063035904e+38
1186 1906 1906 -4.26931440218365803418e+37
1906 604 604 -1.70895156641959676594e+36
1906 604 605 -1.14277698320654984592e+36
1906 604 1186 -6.66777759182786632879e+47
1906 604 1906 -1.56723740773148028144e+49
1906 605 604 -1.14283149218235965978e+36
1906 605 605 5.04504698580713276658e+36
1906 605 1186 -1.95779256480555979717e+48
1906 605 1906 1.14912034478902885162e+48
1906 1186 604 -6.66777759182787200786e+47
1906 1186 605 -1.95779256480555947266e+48
1906 1186 1186 -1.04435935819874267665e+38
1906 1186 1906 -6.84688280646391359409e+36
1906 1906 604 -1.56723740773148080067e+49
1906 1906 605 1.14912034478902771581e+48
1906 1906 1186 -6.83873099112349804518e+36
1906 1906 1906 -1.01256826062736058836e+38
