1 1 1.3577504354067593 1.357750435406731 1.3559958728233061 0 0 0
100 1 1.3577504408899217 4.073250441149111 134.40227086710033 0 0 0
99 1 4.0732504411493435 1.3577504408897043 134.40227086710033 0 0 0
2 1 4.073250435406746 4.073250435406697 1.355995872822893 0 0 0
403 1 2.715500435410947 4.354108806638545e-07 2.7136109236182775 0 0 0
404 1 4.3541083784688363e-07 2.7155004354109864 2.7136109236182873 0 0 0
3 1 4.0732504353857735 1.3577504353855647 4.0712259744612815 0 0 0
4 1 1.357750435385695 4.073250435385659 4.071225974461264 0 0 0
405 1 4.351785968044338e-07 4.3517873099731005e-07 5.4288410254542 0 0 0
406 1 2.715500435178675 2.7155004351788072 5.428841025454172 0 0 0
5 1 1.3577504351338436 1.3577504351337029 6.786456076582418 0 0 0
407 1 2.7155004349623795 4.3496262038268377e-07 8.144071127593103 0 0 0
408 1 4.3496248482281716e-07 2.7155004349625513 8.144071127593113 0 0 0
6 1 4.073250435133818 4.073250435133661 6.786456076582653 0 0 0
7 1 4.073250434947182 1.357750434946978 9.501686178693888 0 0 0
8 1 1.357750434947201 4.0732504349469965 9.501686178693909 0 0 0
9 1 1.3577504350554572 1.3577504350552254 12.216916280772828 0 0 0
409 1 4.35021838536754e-07 4.350220113493024e-07 10.859301229683727 0 0 0
410 1 2.715500435021673 2.7155004350218994 10.859301229683748 0 0 0
10 1 4.0732504350554395 4.073250435055235 12.216916280772553 0 0 0
411 1 2.7155004353339485 4.353340230475704e-07 13.574531331551666 0 0 0
412 1 4.3533379718209983e-07 2.7155004353341363 13.574531331551665 0 0 0
413 1 4.35576262109411e-07 4.3557647493444856e-07 16.28976143340149 0 0 0
414 1 2.7155004355762666 2.7155004355764816 16.289761433401473 0 0 0
11 1 4.073250435383767 1.3577504353835124 14.93214638251793 0 0 0
12 1 1.3577504353837244 4.073250435383534 14.93214638251794 0 0 0
13 1 1.3577504355940182 1.3577504355938055 17.647376484426157 0 0 0
14 1 4.07325043559399 4.073250435593767 17.647376484426236 0 0 0
15 1 4.073250435512039 1.3577504355119474 20.362606586631905 0 0 0
415 1 2.7155004355268155 4.355270144276371e-07 19.00499153533006 0 0 0
16 1 1.3577504355119965 4.073250435511958 20.362606586631877 0 0 0
416 1 4.3552684993632905e-07 2.7155004355269736 19.004991535330078 0 0 0
417 1 4.3537360581512984e-07 4.353736390697595e-07 21.720221637899954 0 0 0
418 1 2.715500435373629 2.71550043537366 21.720221637899936 0 0 0
17 1 1.357750435367189 1.3577504353673149 23.077836688947322 0 0 0
419 1 2.715500435391698 4.3539162452641043e-07 24.435451739653555 0 0 0
420 1 4.353917344223857e-07 2.7155004353915846 24.435451739653576 0 0 0
18 1 4.073250435367145 4.073250435367246 23.077836688947336 0 0 0
19 1 4.073250435413359 1.3577504354135799 25.793066790446836 0 0 0
20 1 1.3577504354133472 4.07325043541356 25.793066790446836 0 0 0
21 1 1.3577504356114787 1.3577504356117782 28.50829689191364 0 0 0
421 1 4.355830350817446e-07 4.3558279146244865e-07 27.150681841175317 0 0 0
22 1 4.073250435611401 4.073250435611687 28.50829689191329 0 0 0
422 1 2.7155004355828307 2.7155004355825914 27.150681841175246 0 0 0
423 1 2.7155004357423382 4.3574182082147224e-07 29.865911942915243 0 0 0
424 1 4.357421625190869e-07 2.715500435742022 29.86591194291525 0 0 0
425 1 4.3567638513218564e-07 4.356760668423653e-07 32.581142045501196 0 0 0
426 1 2.715500435676579 2.7155004356762324 32.58114204550108 0 0 0
23 1 4.073250435743788 1.357750435743998 31.22352699428412 0 0 0
24 1 1.3577504357436825 4.073250435744075 31.22352699428409 0 0 0
25 1 1.357750435646091 1.3577504356463777 33.938757096586876 0 0 0
26 1 4.073250435646106 4.0732504356463775 33.93875709658751 0 0 0
27 1 4.073250435452475 1.3577504354525063 36.653987198436724 0 0 0
427 1 2.715500435475532 4.354754115185714e-07 35.29637214747354 0 0 0
28 1 1.3577504354523664 4.073250435452619 36.65398719843672 0 0 0
428 1 4.3547570221790235e-07 2.715500435475234 35.29637214747354 0 0 0
429 1 4.3543943059346896e-07 4.3543929798856964e-07 38.01160224920081 0 0 0
430 1 2.715500435439291 2.715500435439149 38.011602249200784 0 0 0
29 1 1.3577504354526229 1.3577504354526295 39.369217300074894 0 0 0
431 1 2.7155004356064083 4.3560626608694145e-07 40.72683235097363 0 0 0
432 1 4.356062269047824e-07 2.7155004356064008 40.72683235097362 0 0 0
30 1 4.073250435452662 4.073250435452667 39.369217300074325 0 0 0
31 1 4.073250435636508 1.3577504356364578 42.0844474021189 0 0 0
32 1 1.357750435636556 4.073250435636402 42.08444740211891 0 0 0
33 1 1.3577504357752468 1.3577504357750931 44.79967750432807 0 0 0
433 1 4.357629282177309e-07 4.3576305011307745e-07 43.44206245316449 0 0 0
434 1 2.7155004357628787 2.7155004357629964 43.44206245316426 0 0 0
34 1 4.0732504357749715 4.073250435774796 44.79967750432808 0 0 0
435 1 2.715500435741794 4.35741946961081e-07 46.15729255532364 0 0 0
436 1 4.3574177912723277e-07 2.7155004357419332 46.15729255532364 0 0 0
437 1 4.355901868381495e-07 4.3559038338358714e-07 48.87252265711044 0 0 0
438 1 2.7155004355901644 2.7155004355903736 48.87252265711055 0 0 0
35 1 4.073250435725699 1.357750435726055 47.514907606250716 0 0 0
36 1 1.3577504357262549 4.073250435725487 47.51490760625074 0 0 0
37 1 1.3577504355758365 1.3577504355756311 50.23013770769947 0 0 0
38 1 4.073250435575201 4.073250435575023 50.23013770769942 0 0 0
39 1 4.073250435598261 1.357750435597267 52.9453678094785 0 0 0
439 1 2.7155004355819186 4.355820671911708e-07 51.58775275848272 0 0 0
40 1 1.3577504355974486 4.073250435598096 52.94536780947851 0 0 0
440 1 4.3558185799967813e-07 2.71550043558209 51.58775275848272 0 0 0
441 1 4.357894677733141e-07 4.357896550287573e-07 54.30298286078243 0 0 0
442 1 2.715500435789392 2.715500435789566 54.30298286078287 0 0 0
41 1 1.3577504358157828 1.3577504358156127 55.660597911871335 0 0 0
443 1 2.7155004359473547 4.3594742589140923e-07 57.01821296317388 0 0 0
444 1 4.359472649081367e-07 2.7155004359475234 57.0182129631739 0 0 0
42 1 4.073250435816496 4.07325043581634 55.66059791187114 0 0 0
43 1 4.073250435948891 1.3577504359452606 58.37582801417569 0 0 0
44 1 1.3577504359453532 4.073250435948738 58.375828014175696 0 0 0
45 1 1.3577504358454555 1.3577504358453552 61.09105811564485 0 0 0
445 1 4.3587514162103647e-07 4.35875277345369e-07 59.733443065149686 0 0 0
446 1 2.7155004358752883 2.715500435875415 59.733443065149324 0 0 0
46 1 4.073250435849106 4.0732504358489985 61.09105811564504 0 0 0
447 1 2.715500435684414 4.356846592327435e-07 62.448673166601175 0 0 0
448 1 4.3568456151554673e-07 2.715500435684499 62.44867316660117 0 0 0
449 1 4.356880450553216e-07 4.356881466490162e-07 65.16390326865542 0 0 0
450 1 2.715500435687907 2.715500435688042 65.16390326865321 0 0 0
47 1 4.073250435667798 1.3577504356704695 63.80628821763025 0 0 0
48 1 1.3577504356706096 4.073250435667659 63.806288217630275 0 0 0
49 1 1.3577504357236 1.3577504357234473 66.52151831954626 0 0 0
50 1 4.0732504357208885 4.073250435720738 66.52151831954623 0 0 0
451 1 2.7155004360073702 4.3600734057577545e-07 67.87913337070184 0 0 0
452 1 4.3600720408097356e-07 2.7155004360075368 67.87913337070185 0 0 0
51 1 4.073250436063184 1.3577504360800052 69.23674842174003 0 0 0
52 1 1.3577504360801238 4.07325043606304 69.23674842174003 0 0 0
53 1 1.357750436410963 1.3577504364108504 71.95197852350887 0 0 0
453 1 4.363615500114516e-07 4.3636168985999224e-07 70.59436347262881 0 0 0
454 1 2.7155004363616513 2.715500436361784 70.59436347262984 0 0 0
54 1 4.073250436393581 4.07325043639347 71.95197852350901 0 0 0
455 1 2.715500436458376 4.3645860785398995e-07 73.30959357445656 0 0 0
456 1 4.364584614782087e-07 2.7155004364584756 73.30959357445657 0 0 0
457 1 4.363482300166163e-07 4.3634833154980675e-07 76.02482367617634 0 0 0
55 1 4.07325043645946 1.357750436452807 74.66720862542279 0 0 0
56 1 1.3577504364529291 4.0732504364593165 74.6672086254228 0 0 0
458 1 2.715500436348229 2.715500436348347 76.0248236761855 0 0 0
57 1 1.3577504363334214 1.3577504363333661 77.38243872719367 0 0 0
58 1 4.073250436339634 4.073250436339604 77.3824387271938 0 0 0
459 1 2.7155004363316677 4.36331737959481e-07 78.74005377829279 0 0 0
460 1 4.363317059826899e-07 2.715500436331689 78.74005377829282 0 0 0
59 1 4.073250436382351 1.3577504363192268 80.09766882959633 0 0 0
60 1 1.3577504363191315 4.073250436382443 80.09766882959632 0 0 0
461 1 4.365750070577667e-07 4.3657491862503096e-07 81.4552838806634 0 0 0
462 1 2.715500436575114 2.7155004365749904 81.455283880662 0 0 0
61 1 1.3577504365906234 1.3577504365908037 82.81289893172855 0 0 0
463 1 2.715500436918 4.369178797400148e-07 84.17051398245088 0 0 0
464 1 4.369180699414976e-07 2.7155004369178357 84.17051398245087 0 0 0
62 1 4.073250436655182 4.073250436655347 82.81289893172871 0 0 0
63 1 4.073250436956155 1.3577504369606908 85.52812903334052 0 0 0
64 1 1.3577504369604712 4.0732504369563705 85.52812903334052 0 0 0
65 1 1.35775043712027 1.3577504371204925 88.24335913490143 0 0 0
465 1 4.371087632825351e-07 4.371085857950031e-07 86.88574408396852 0 0 0
466 1 2.71550043710862 2.715500437108441 86.88574408394136 0 0 0
66 1 4.073250437117372 4.0732504371175775 88.24335913490116 0 0 0
467 1 2.715500437104974 4.371046253669134e-07 89.6009741858104 0 0 0
468 1 4.371048214302039e-07 2.7155004371047915 89.60097418581041 0 0 0
469 1 4.3714689479582883e-07 4.3714677014721327e-07 92.3162042880142 0 0 0
470 1 2.7155004371469054 2.715500437146788 92.31620428801249 0 0 0
67 1 4.073250437018684 1.3577504371934481 90.95858923715633 0 0 0
68 1 1.3577504371933145 4.073250437018794 90.95858923715633 0 0 0
69 1 1.3577504372658253 1.3577504372658624 93.67381933900711 0 0 0
70 1 4.073250437088254 4.073250437088279 93.67381933900734 0 0 0
471 1 2.715500437427806 4.374277829929965e-07 95.03143439001843 0 0 0
472 1 4.3742780176186636e-07 2.7155004374277807 95.03143439001845 0 0 0
71 1 4.073250437477006 1.3577504375059901 96.38904944101549 0 0 0
72 1 1.3577504375060385 4.073250437476932 96.38904944101549 0 0 0
473 1 4.378538752556444e-07 4.378539845594124e-07 97.74666449179506 0 0 0
474 1 2.715500437853951 2.7155004378540504 97.74666449185334 0 0 0
73 1 1.357750437937362 1.3577504379372423 99.10427954259339 0 0 0
475 1 2.715500438204971 4.3820521673676785e-07 100.46189459382593 0 0 0
476 1 4.382050329899435e-07 2.715500438205129 100.46189459382593 0 0 0
74 1 4.073250437904125 4.073250437904006 99.10427954259306 0 0 0
75 1 4.073250438409023 1.357750438079974 101.81950964454792 0 0 0
76 1 1.3577504380801029 4.073250438408908 101.8195096445479 0 0 0
77 1 1.357750438199491 1.357750438199438 104.53473974653193 0 0 0
477 1 4.383519709173309e-07 4.383521156446376e-07 103.17712469570124 0 0 0
78 1 4.07325043853529 4.073250438535245 104.53473974653173 0 0 0
478 1 2.715500438351845 2.7155004383519508 103.17712469571069 0 0 0
479 1 2.715500438429665 4.384296216699322e-07 105.89235479805804 0 0 0
480 1 4.3842955896893404e-07 2.7155004384297157 105.89235479805805 0 0 0
481 1 4.3860789841797e-07 4.3860789664076314e-07 108.60758489947202 0 0 0
482 1 2.7155004386080157 2.7155004386079806 108.60758489938746 0 0 0
79 1 4.073250438499771 1.3577504383997636 107.24996984877548 0 0 0
80 1 1.3577504383997574 4.073250438499776 107.24996984877545 0 0 0
81 1 1.3577504385882087 1.3577504385883064 109.96519995040961 0 0 0
82 1 4.0732504386993895 4.07325043869952 109.96519995041002 0 0 0
483 1 2.715500438862132 4.388621195604089e-07 111.32281500089243 0 0 0
484 1 4.388622349291215e-07 2.7155004388620214 111.32281500089243 0 0 0
83 1 4.073250438729634 1.3577504390785289 112.68043005194426 0 0 0
84 1 1.3577504390783717 4.073250438729783 112.68043005194426 0 0 0
485 1 4.3912042604013617e-07 4.3912029157688685e-07 114.03804510282616 0 0 0
486 1 2.7155004391202846 2.715500439120164 114.03804510282131 0 0 0
85 1 1.3577504393411959 1.3577504393413333 115.39566015395559 0 0 0
487 1 2.715500439315783 4.393156005483841e-07 116.75327520534763 0 0 0
488 1 4.393157002553054e-07 2.715500439315712 116.75327520534763 0 0 0
86 1 4.073250438971954 4.073250438972091 115.39566015395535 0 0 0
87 1 4.07325043930177 1.3577504393885707 118.11089025607389 0 0 0
88 1 1.3577504393885 4.073250439301804 118.11089025607389 0 0 0
89 1 1.3577504395927822 1.3577504395927038 120.82612035800535 0 0 0
489 1 4.3949406031212617e-07 4.39494053401258e-07 119.46850530719259 0 0 0
490 1 2.7155004394941256 2.7155004394941438 119.4685053072741 0 0 0
90 1 4.073250439472664 4.073250439472579 120.8261203580056 0 0 0
491 1 2.715500439780811 4.3978101253605677e-07 122.18373540892082 0 0 0
492 1 4.3978087786940207e-07 2.7155004397809472 122.18373540892082 0 0 0
493 1 4.401458358424388e-07 4.4014605985187224e-07 124.89896551049115 0 0 0
494 1 2.7155004401457723 2.715500440145995 124.89896551045467 0 0 0
91 1 4.073250439864968 1.3577504398069888 123.54135045986352 0 0 0
92 1 1.357750439807186 4.07325043986479 123.54135045986352 0 0 0
93 1 1.3577504401448797 1.357750440144621 126.25658056160064 0 0 0
94 1 4.073250440262321 4.073250440262033 126.2565805616005 0 0 0
495 1 2.7155004404796688 4.40479838919619e-07 127.61419561260055 0 0 0
496 1 4.404795194501363e-07 2.715500440480006 127.61419561260055 0 0 0
95 1 4.073250440453904 1.357750440599806 128.97181066369433 0 0 0
96 1 1.3577504406001282 4.073250440453598 128.97181066369436 0 0 0
497 1 4.407379876887404e-07 4.4073837588933393e-07 130.3294257147577 0 0 0
498 1 2.7155004407381114 2.7155004407384733 130.32942571466256 0 0 0
97 1 1.3577504408078116 1.3577504408075218 131.6870407657603 0 0 0
499 1 2.715500440972776 4.4097322733782926e-07 133.044655816714 0 0 0
500 1 4.409728727723705e-07 2.7155004409731203 133.044655816714 0 0 0
98 1 4.073250440746345 4.073250440746041 131.68704076576023 0 0 0
501 1 4.4130816945658686e-07 4.4130843197862566e-07 135.75988591758815 0 0 0
502 1 2.7155004413080572 2.715500441308359 135.75988591762956 0 0 0
101 1 1.3577504413099082 1.3577504413097397 137.1175009688683 0 0 0
200 1 1.3577511212478295 4.0732497618705 270.217755583777 0 0 0
102 1 4.073250441432907 4.073250441432766 137.11750096886843 0 0 0
199 1 4.073249761870451 1.3577511212479083 270.217755583777 0 0 0
503 1 2.715500441727245 4.4172741575902767e-07 138.47511601983237 0 0 0
504 1 4.41727222051745e-07 2.715500441727432 138.47511601983237 0 0 0
103 1 4.073250441899347 1.3577504416780446 139.83273107110796 0 0 0
104 1 1.3577504416781399 4.073250441899282 139.832731071108 0 0 0
505 1 4.4206114074135117e-07 4.420612382073758e-07 141.19034612237155 0 0 0
506 1 2.715500442061053 2.7155004420611686 141.1903461226186 0 0 0
105 1 1.3577504420384985 1.3577504420385351 142.54796117356156 0 0 0
507 1 2.7155004422953772 4.422953351492562e-07 143.9055762243097 0 0 0
508 1 4.42295332744964e-07 2.715500442295366 143.9055762243097 0 0 0
106 1 4.073250442172065 4.073250442172115 142.5479611735611 0 0 0
107 1 4.073250442225472 1.3577504424395765 145.2631912746594 0 0 0
108 1 1.3577504424394495 4.073250442225625 145.2631912746594 0 0 0
109 1 1.35775044255657 1.3577504425568303 147.97842137652586 0 0 0
509 1 4.425339782105977e-07 4.4253385351208317e-07 146.6208063252245 0 0 0
110 1 4.073250442596551 4.073250442596799 147.9784213765265 0 0 0
510 1 2.715500442534089 2.715500442533996 146.62080632538496 0 0 0
511 1 2.715500442818662 4.4281854853895835e-07 149.33603642714723 0 0 0
512 1 4.428187972041396e-07 2.7155004428184393 149.33603642714723 0 0 0
513 1 4.4313927671475986e-07 4.4313902896575203e-07 152.05126653008946 0 0 0
111 1 4.073250443006415 1.3577504427303315 150.69365147821765 0 0 0
112 1 1.3577504427300107 4.073250443006746 150.69365147821765 0 0 0
514 1 2.7155004431390717 2.7155004431388003 152.05126652949227 0 0 0
113 1 1.357750443181527 1.3577504431818663 153.40888158049287 0 0 0
114 1 4.073250443192853 4.073250443193168 153.40888158049242 0 0 0
515 1 2.7155004434160426 4.4341562901717974e-07 154.7664966311569 0 0 0
516 1 4.434158780761247e-07 2.7155004434157615 154.7664966311569 0 0 0
115 1 4.073250443544381 1.3577504433597674 156.1241116821909 0 0 0
116 1 1.3577504433594563 4.07325044354471 156.12411168219091 0 0 0
517 1 4.436075810783779e-07 4.4360730228659544e-07 157.48172673291324 0 0 0
518 1 2.715500443607725 2.715500443607459 157.4817267324381 0 0 0
117 1 1.3577504437511134 1.3577504437513825 158.83934178347383 0 0 0
519 1 2.715500443813283 4.438131283876411e-07 160.1969568345355 0 0 0
520 1 4.438133525670075e-07 2.7155004438130415 160.19695683453554 0 0 0
118 1 4.073250443525138 4.073250443525443 158.83934178347394 0 0 0
119 1 4.0732504435589405 1.3577504441468058 161.55457188521402 0 0 0
120 1 1.3577504441465829 4.073250443559144 161.55457188521402 0 0 0
121 1 1.3577504438689658 1.357750443869118 164.26980198816335 0 0 0
521 1 4.440903811517641e-07 4.440901939139073e-07 162.91218693615 0 0 0
122 1 4.073250444403426 4.073250444403546 164.26980198816347 0 0 0
522 1 2.715500444090369 2.715500444090206 162.91218693725736 0 0 0
523 1 2.715500444367755 4.443675841230399e-07 165.62741703859533 0 0 0
524 1 4.4436770850186236e-07 2.715500444367658 165.6274170385953 0 0 0
525 1 4.445727689560038e-07 4.445726874124619e-07 168.34264714040285 0 0 0
526 1 2.7155004445726583 2.7155004445725597 168.34264714088064 0 0 0
123 1 4.073250444285499 1.3577504445276585 166.9850320894205 0 0 0
124 1 1.3577504445275679 4.0732504442856285 166.98503208942049 0 0 0
125 1 1.3577504444904034 1.3577504444904809 169.70026219074725 0 0 0
126 1 4.073250444708709 4.07325044470879 169.70026219074688 0 0 0
127 1 4.073250444995911 1.3577504444746902 172.4154922927749 0 0 0
527 1 2.715500444711379 4.447113705646563e-07 171.05787724126736 0 0 0
128 1 1.3577504444746507 4.073250444995931 172.4154922927749 0 0 0
528 1 4.4471141062481787e-07 2.715500444711332 171.0578772412674 0 0 0
529 1 4.448693600840693e-07 4.4486937961756104e-07 173.77310734452843 0 0 0
530 1 2.7155004448693676 2.7155004448693467 173.77310734331215 0 0 0
129 1 1.3577504453332512 1.357750445333232 175.130722394564 0 0 0
531 1 2.7155004450716613 4.450716010095105e-07 176.488337445819 0 0 0
532 1 4.450715151210589e-07 2.715500445071727 176.48833744581898 0 0 0
130 1 4.073250444466092 4.073250444466051 175.13072239456417 0 0 0
131 1 4.073250445182643 1.3577504450180145 177.84595249685097 0 0 0
132 1 1.3577504450180913 4.073250445182578 177.84595249685097 0 0 0
133 1 1.3577504452146196 1.3577504452145066 180.56118259797063 0 0 0
533 1 4.45219583663697e-07 4.4521968457720555e-07 179.2035675472801 0 0 0
134 1 4.073250445252755 4.073250445252642 180.5611825979705 0 0 0
534 1 2.715500445219449 2.7155004452195586 179.2035675472247 0 0 0
535 1 2.715500445261783 4.4526188829974714e-07 181.9187976493074 0 0 0
536 1 4.4526176133487155e-07 2.715500445261904 181.9187976493074 0 0 0
537 1 4.4523224451965827e-07 4.452323466682523e-07 184.63402775097174 0 0 0
538 1 2.715500445232345 2.7155004452324922 184.63402775083546 0 0 0
135 1 4.073250445265885 1.3577504452560514 183.27641270021425 0 0 0
136 1 1.3577504452561835 4.073250445265771 183.27641270021425 0 0 0
137 1 1.3577504453561202 1.3577504453560376 185.9916428019683 0 0 0
138 1 4.07325044510198 4.073250445101898 185.99164280196845 0 0 0
139 1 4.073250445360284 1.357750445132233 188.7068729039754 0 0 0
539 1 2.7155004452339293 4.4523417060399284e-07 187.34925785310068 0 0 0
140 1 1.357750445132304 4.07325044536023 188.7068729039754 0 0 0
540 1 4.4523409197660155e-07 2.715500445234032 187.34925785310068 0 0 0
541 1 4.4536810010540876e-07 4.4536815350933186e-07 190.0644879549029 0 0 0
542 1 2.715500445368043 2.715500445368104 190.0644879545326 0 0 0
141 1 1.357750445476461 1.35775044547644 191.4221030054773 0 0 0
543 1 2.7155004455319034 4.455317981946591e-07 192.77971805619362 0 0 0
544 1 4.4553175802688887e-07 2.7155004455319256 192.77971805619362 0 0 0
142 1 4.073250445311843 4.073250445311824 191.4221030054773 0 0 0
143 1 4.073250445272235 1.3577504458264238 194.1373331069019 0 0 0
144 1 1.3577504458264495 4.073250445272208 194.13733310690193 0 0 0
145 1 1.357750445311277 1.357750445311254 196.85256320852795 0 0 0
545 1 4.4558922138008077e-07 4.4558925029052837e-07 195.49494815710796 0 0 0
546 1 2.715500445589177 2.7155004455892295 195.49494815820438 0 0 0
146 1 4.073250445873207 4.07325044587318 196.8525632085279 0 0 0
547 1 2.7155004455882232 4.4558840049953723e-07 198.21017825936943 0 0 0
548 1 4.4558835410478885e-07 2.7155004455882668 198.21017825936943 0 0 0
549 1 4.456210334195938e-07 4.4562109325090575e-07 200.92540836146625 0 0 0
147 1 4.073250445447353 1.357750445733573 199.56779331050717 0 0 0
148 1 1.3577504457336367 4.073250445447311 199.56779331050717 0 0 0
550 1 2.715500445621127 2.715500445621175 200.9254083618822 0 0 0
149 1 1.3577504455665295 1.357750445566491 202.28302341241604 0 0 0
150 1 4.073250445696009 4.0732504456959475 202.28302341241601 0 0 0
151 1 4.0732504454715155 1.3577504459652787 204.9982535135137 0 0 0
551 1 2.7155004457062524 4.4570628281409745e-07 203.64063846276102 0 0 0
152 1 1.3577504459653613 4.0732504454714595 204.99825351351367 0 0 0
552 1 4.457062273562953e-07 2.715500445706331 203.64063846276102 0 0 0
153 1 1.357750445474282 1.357750445474211 207.71348361618368 0 0 0
553 1 4.457679020318327e-07 4.457679835891809e-07 206.35586856429413 0 0 0
154 1 4.073250446061107 4.073250446061038 207.71348361618402 0 0 0
554 1 2.7155004457677383 2.715500445767807 206.35586856527712 0 0 0
555 1 2.7155004457211436 4.457212374497877e-07 209.07109866696536 0 0 0
556 1 4.4572117362270894e-07 2.7155004457212115 209.07109866696536 0 0 0
557 1 4.455972154439158e-07 4.4559722597751383e-07 211.78632876746994 0 0 0
558 1 2.715500445597406 2.715500445597402 211.7863287679513 0 0 0
155 1 4.073250445515678 1.3577504458945013 210.42871371732372 0 0 0
156 1 1.3577504458945346 4.073250445515664 210.42871371732375 0 0 0
157 1 1.357750445520318 1.3577504455203944 213.1439438187086 0 0 0
158 1 4.073250445638674 4.073250445638733 213.14394381870835 0 0 0
159 1 4.073250445497123 1.3577504455237883 215.85917392114393 0 0 0
559 1 2.71550044551384 4.4551379707535293e-07 214.50155887003328 0 0 0
160 1 1.3577504455236415 4.073250445497283 215.85917392114396 0 0 0
560 1 4.455138801596289e-07 2.7155004455137397 214.50155887003328 0 0 0
561 1 4.455407578250866e-07 4.455405631319972e-07 217.2167889716734 0 0 0
562 1 2.7155004455406697 2.7155004455404903 217.21678897163312 0 0 0
161 1 1.3577504454854918 1.3577504454857843 218.57440402220095 0 0 0
563 1 2.71550044557378 4.4557349790360524e-07 219.93201907306906 0 0 0
564 1 4.455738061239684e-07 2.715500445573468 219.93201907306906 0 0 0
162 1 4.073250445607916 4.073250445608193 218.57440402220084 0 0 0
163 1 4.07325044551848 1.3577504456151537 221.28963412398696 0 0 0
164 1 1.357750445614814 4.0732504455188145 221.28963412398699 0 0 0
165 1 1.3577504455056468 1.3577504455059848 224.00486422510681 0 0 0
565 1 4.454729208563998e-07 4.4547257727706454e-07 222.6472491745745 0 0 0
566 1 2.715500445472976 2.715500445472635 222.6472491745384 0 0 0
166 1 4.073250445384806 4.073250445385113 224.00486422510724 0 0 0
567 1 2.715500445279257 4.452790397415439e-07 225.3624792760376 0 0 0
568 1 4.452793704614391e-07 2.7155004452789298 225.36247927603756 0 0 0
569 1 4.451487111728724e-07 4.4514843757613517e-07 228.07770937915407 0 0 0
167 1 4.07325044553623 1.3577504449632776 226.72009432733975 0 0 0
168 1 1.3577504449629765 4.073250445536526 226.72009432733975 0 0 0
570 1 2.715500445148497 2.7155004451482223 228.07770937813532 0 0 0
169 1 1.357750445597107 1.3577504455973 229.4353244294451 0 0 0
170 1 4.073250444672502 4.073250444672662 229.43532442944428 0 0 0
171 1 4.073250448346698 1.3577504419128132 232.1505545295186 0 0 0
571 1 2.7155004451376206 4.45137278459535e-07 230.79293947964482 0 0 0
172 1 1.357750441912781 4.0732504483467675 232.15055452951862 0 0 0
572 1 4.4513742839759373e-07 2.7155004451374656 230.79293947964482 0 0 0
573 1 4.4510521328199695e-07 4.451051640765692e-07 233.50816959102792 0 0 0
574 1 2.715500445105321 2.715500445105258 233.50816956844528 0 0 0
173 1 1.3577504592561993 1.357750459256126 234.86578463060505 0 0 0
575 1 2.715500444911838 4.449121820369494e-07 236.22339968220984 0 0 0
576 1 4.449121164281442e-07 2.7155004449118976 236.22339968220982 0 0 0
174 1 4.07325043089812 4.073250430898056 234.86578463060582 0 0 0
175 1 4.073250597933697 1.3577502917706412 237.58101473402064 0 0 0
176 1 1.357750291770799 4.073250597933516 237.5810147340206 0 0 0
177 1 1.3577511241797278 1.357751124179466 240.29624483623633 0 0 0
577 1 4.4456896466958184e-07 4.445691379655356e-07 238.93863032497612 0 0 0
578 1 2.7155004445689683 2.7155004445691495 238.9386292460388 0 0 0
178 1 4.073249764802239 4.073249764801964 240.29624483623596 0 0 0
579 1 2.71550044424065 4.4424082819006403e-07 241.65385988667492 0 0 0
580 1 4.4424054825587784e-07 2.715500444240928 241.65385988667492 0 0 0
581 1 4.441231555383605e-07 4.4412350496764937e-07 244.3691160450172 0 0 0
179 1 4.073257835985543 1.357743052355857 243.01147493724525 0 0 0
180 1 1.357743052356191 4.0732578359851965 243.01147493724525 0 0 0
582 1 2.715500444122868 2.7155004441232315 244.36906393121845 0 0 0
181 1 1.3577832972210213 1.357783297220607 245.72670503957514 0 0 0
182 1 4.073217590895419 4.073217590895005 245.7267050395759 0 0 0
583 1 2.7155004441081463 4.4410821828975644e-07 247.08432010644023 0 0 0
584 1 4.441077689831637e-07 2.7155004441085486 247.08432010644023 0 0 0
183 1 4.073607803007125 1.3573930849920444 248.4419351153363 0 0 0
184 1 1.3573930849925973 4.073607803006546 248.4419351153363 0 0 0
585 1 4.439455491451997e-07 4.4394613147070563e-07 249.800810597229 0 0 0
586 1 2.7155004439511563 2.7155004439517594 249.79829116562098 0 0 0
185 1 1.3593386677772898 1.3593386677763906 251.1571576622101 0 0 0
587 1 2.7155004436399075 4.4365383868441456e-07 252.5149535868336 0 0 0
588 1 4.436529708614156e-07 2.7155004436408605 252.51495358683366 0 0 0
186 1 4.071662219731669 4.071662219730828 251.15715766220563 0 0 0
187 1 4.0905002177301615 1.340500668967362 253.87029427559452 0 0 0
188 1 1.34050066896868 4.090500217728792 253.87029427559432 0 0 0
189 1 1.340500668644189 1.3405006686426957 256.64370614440645 0 0 0
589 1 4.4330172871314576e-07 4.433031924132211e-07 255.25700020997604 0 0 0
190 1 4.090500217399725 4.0905002173982385 256.64370614445704 0 0 0
590 2 2.715500443313296 2.715500443314692 255.2570002099794 0 0 0
591 1 2.7155004429987732 4.429925784623661e-07 257.9990468331289 0 0 0
592 1 4.429911543861374e-07 2.715500443000115 257.99904683312894 0 0 0
593 1 4.4276478297111063e-07 4.4276556429798364e-07 260.7131898227452 0 0 0
594 1 2.715500442767303 2.715500442768177 260.7157092543517 0 0 0
191 1 4.071662218791084 1.3593386668371004 259.35684275781784 0 0 0
192 1 1.3593386668380139 4.071662218790188 259.3568427578179 0 0 0
193 1 1.3573930836299533 1.3573930836294859 262.0720653046929 0 0 0
194 1 4.07360780164509 4.07360780164459 262.0720653046912 0 0 0
195 1 4.073217589189715 1.3577832955149465 264.7872953804514 0 0 0
595 1 2.7155004424631626 4.4246470338805535e-07 263.42968031354474 0 0 0
196 1 1.3577832955151645 4.07321758918951 264.7872953804513 0 0 0
596 1 4.4246429606616315e-07 2.71550044246361 263.42968031354474 0 0 0
597 1 4.420645019579979e-07 4.420647066483899e-07 266.14488437497596 0 0 0
598 1 2.7155004420644113 2.715500442064559 266.1449364887748 0 0 0
197 1 1.3577430501496366 1.357743050149591 267.5025254827785 0 0 0
599 1 2.71550044164324 4.416433300781695e-07 268.86014053331763 0 0 0
600 1 4.4164329986522243e-07 2.715500441643197 268.86014053331763 0 0 0
198 1 4.073257833778776 4.073257833778784 267.50252548277876 0 0 0
201 1 1.3577502881266028 1.3577502881267278 272.93298568598226 0 0 0
601 1 4.412728597999089e-07 4.412727339111537e-07 271.57537009501283 0 0 0
602 1 2.7155004412728334 2.7155004412727815 271.5753711739503 0 0 0
202 1 4.073250594289479 4.073250594289598 272.9329856859818 0 0 0
603 1 2.71550044098271 4.4098256157767493e-07 274.2906007377749 0 0 0
604 1 4.409826850361888e-07 2.7155004409825954 274.29060073777487 0 0 0
203 1 4.073250426751388 1.3577504551095754 275.6482157893921 0 0 0
204 1 1.3577504551094444 4.0732504267514935 275.6482157893921 0 0 0
605 1 4.4071043984893865e-07 4.4071032253450456e-07 277.00583082895776 0 0 0
606 1 2.7155004407105214 2.7155004407103704 277.0058308515404 0 0 0
205 1 1.357750437440709 1.3577504374407956 278.36344589048093 0 0 0
607 1 2.715500440396848 4.403969200039655e-07 279.721060940345 0 0 0
608 1 4.4039704428552467e-07 2.7155004403967444 279.721060940345 0 0 0
206 1 4.073250443874618 4.073250443874707 278.3634458904816 0 0 0
207 1 4.073250439879154 1.3577504408037675 281.0786759905594 0 0 0
208 1 1.3577504408036989 4.0732504398792075 281.0786759905595 0 0 0
209 1 1.3577504397386206 1.3577504397386226 283.7939060926736 0 0 0
609 1 4.400769619469036e-07 4.4007690379098557e-07 282.43629104084295 0 0 0
610 1 2.7155004400768146 2.715500440076733 282.4362910418617 0 0 0
210 1 4.073250440311843 4.073250440311812 283.7939060926727 0 0 0
611 1 2.7155004397871383 4.3978698699344277e-07 285.1515211439621 0 0 0
612 1 4.397869907245867e-07 2.7155004397871716 285.1515211439621 0 0 0
613 1 4.3951884833021596e-07 4.3951892279662995e-07 287.8667512454273 0 0 0
211 1 4.0732504396807085 1.3577504398014224 286.5091361949083 0 0 0
212 1 1.3577504398014764 4.073250439680643 286.5091361949083 0 0 0
614 1 2.7155004395189946 2.7155004395190683 287.8667512454633 0 0 0
213 1 1.3577504395205533 1.3577504395204638 289.22436629602726 0 0 0
214 1 4.073250439424209 4.073250439424109 289.2243662960277 0 0 0
615 1 2.7155004392163726 4.3921664698272037e-07 290.5819813469251 0 0 0
616 1 4.3921655827613745e-07 2.7155004392164663 290.58198134692503 0 0 0
215 1 4.073250439217431 1.3577504390949304 291.93959639780695 0 0 0
216 1 1.357750439095022 4.073250439217318 291.939596397807 0 0 0
617 1 4.387918347126832e-07 4.387919172898416e-07 293.2972114483173 0 0 0
618 1 2.7155004387917785 2.715500438791863 293.2972114483576 0 0 0
217 1 1.3577504387298973 1.3577504387298411 294.65482649885655 0 0 0
619 1 2.7155004383133625 4.383134536749211e-07 296.01244154994953 0 0 0
620 1 4.3831343061760334e-07 2.7155004383134376 296.01244154994953 0 0 0
218 1 4.073250438703364 4.073250438703283 294.6548264988563 0 0 0
219 1 4.07325043830573 1.3577504381873735 297.3700566012886 0 0 0
220 1 1.357750438187427 4.0732504383057 297.3700566012886 0 0 0
221 1 1.3577504381099845 1.357750438109995 300.08528670267407 0 0 0
621 1 4.379631163354548e-07 4.379631543066838e-07 298.72767165251855 0 0 0
622 1 2.7155004379631658 2.715500437963169 298.7276716520372 0 0 0
222 1 4.073250437731194 4.073250437731193 300.0852867026744 0 0 0
623 1 2.715500437756365 4.377562579035193e-07 301.4429017530277 0 0 0
624 1 4.3775628335153105e-07 2.7155004377563072 301.4429017530277 0 0 0
625 1 4.3755578062361737e-07 4.375556678266577e-07 304.15813185570977 0 0 0
223 1 4.073250438018611 1.3577504374318268 302.8005168038231 0 0 0
224 1 1.3577504374317804 4.073250438018683 302.80051680382314 0 0 0
626 1 2.7155004375556286 2.715500437555553 304.1581318547267 0 0 0
225 1 1.3577504377560228 1.3577504377561267 305.51574690649363 0 0 0
226 1 4.073250437262198 4.073250437262321 305.51574690649335 0 0 0
627 1 2.7155004371935063 4.371933653318455e-07 306.87336195724595 0 0 0
628 1 4.3719352877532716e-07 2.7155004371933615 306.8733619572459 0 0 0
227 1 4.073250437180723 1.3577504370514064 308.23097700759484 0 0 0
228 1 1.3577504370512363 4.073250437180914 308.2309770075948 0 0 0
629 1 4.366479279236342e-07 4.3664775637105924e-07 309.5885920585402 0 0 0
630 1 2.715500436648129 2.7155004366479045 309.58859205812433 0 0 0
229 1 1.3577504367061872 1.357750436706381 310.94620710949573 0 0 0
631 1 2.715500436178727 4.3617855175378676e-07 312.30382216063276 0 0 0
632 1 4.3617876414605113e-07 2.715500436178512 312.30382216063276 0 0 0
230 1 4.073250436419934 4.0732504364201185 310.94620710949584 0 0 0
231 1 4.073250436405609 1.3577504358438337 313.6614372114688 0 0 0
232 1 1.357750435843688 4.073250436405767 313.66143721146886 0 0 0
233 1 1.3577504362115025 1.3577504362116186 316.376667313088 0 0 0
633 1 4.3595819472472203e-07 4.359580337041881e-07 315.0190522628878 0 0 0
634 1 2.715500435958167 2.7155004359580035 315.01905226179144 0 0 0
234 1 4.07325043565729 4.073250435657358 316.37666731308803 0 0 0
635 1 2.7155004358490413 4.358490142824716e-07 317.7342823638009 0 0 0
636 1 4.358491229201432e-07 2.715500435848989 317.73428236380084 0 0 0
637 1 4.356299373441399e-07 4.3562995281983115e-07 320.44951246509464 0 0 0
235 1 4.073250435740368 1.35775043590498 319.09189741451166 0 0 0
236 1 1.3577504359050023 4.073250435740404 319.0918974145116 0 0 0
638 1 2.7155004356298753 2.7155004356298633 320.44951246546486 0 0 0
237 1 1.3577504354571692 1.357750435457117 321.80712751601675 0 0 0
238 1 4.073250435685199 4.073250435685144 321.8071275160165 0 0 0
639 1 2.715500435166201 4.3516611669404476e-07 323.1647425669015 0 0 0
640 1 4.3516605129689915e-07 2.7155004351662075 323.1647425669015 0 0 0
239 1 4.073250434954135 1.3577504352081995 324.522357618033 0 0 0
240 1 1.357750435208286 4.073250434954058 324.522357618033 0 0 0
641 1 4.346338035258133e-07 4.346338380563342e-07 325.8799726690389 0 0 0
642 1 2.715500434634001 2.7155004346340763 325.8799726691753 0 0 0
241 1 1.3577504345640194 1.3577504345639002 327.23758771979215 0 0 0
643 1 2.715500434356549 4.3435678685584137e-07 328.5952027707022 0 0 0
644 1 4.3435673808059334e-07 2.71550043435664 328.5952027707022 0 0 0
242 1 4.073250434573746 4.0732504345736675 327.2375877197923 0 0 0
243 1 4.073250434353538 1.3577504343153157 329.9528178220391 0 0 0
244 1 1.357750434315372 4.073250434353409 329.9528178220391 0 0 0
245 1 1.3577504342097206 1.3577504342096562 332.66804792315037 0 0 0
645 1 4.3430307114433366e-07 4.3430317907517297e-07 331.31043287272524 0 0 0
646 1 2.715500434302873 2.7155004343029354 331.31043287278067 0 0 0
246 1 4.073250434374235 4.073250434374165 332.66804792315025 0 0 0
647 1 2.7155004341902442 4.341902390825014e-07 334.0256629741776 0 0 0
648 1 4.3419019585371923e-07 2.7155004341903335 334.0256629741775 0 0 0
649 1 4.338442733701143e-07 4.3384436679274177e-07 336.7408930754608 0 0 0
650 1 2.7155004338443702 2.7155004338444235 336.740893076677 0 0 0
247 1 4.073250433717527 1.3577504345845726 335.3832780254362 0 0 0
248 1 1.357750434584675 4.073250433717443 335.3832780254362 0 0 0
249 1 1.3577504335140695 1.3577504335139825 338.09850812721726 0 0 0
651 1 2.715500433375915 4.3337589736859536e-07 339.4561231787222 0 0 0
652 1 4.333758212905631e-07 2.715500433375969 339.45612317872224 0 0 0
250 1 4.073250434035317 4.073250434035214 338.09850812721726 0 0 0
251 1 4.073250433426142 1.3577504332077455 340.81373822925093 0 0 0
252 1 1.3577504332078287 4.073250433426128 340.81373822925093 0 0 0
253 1 1.3577504332236867 1.3577504332236885 343.52896833058116 0 0 0
653 1 4.331179685952075e-07 4.331180031612563e-07 342.171353279587 0 0 0
254 1 4.07325043298166 4.073250432981644 343.52896833058094 0 0 0
654 1 2.7155004331179993 2.7155004331180352 342.1713532791092 0 0 0
655 1 2.7155004331300576 4.331301218879693e-07 344.8865833814053 0 0 0
656 1 4.331301128028313e-07 2.715500433130046 344.88658338140533 0 0 0
657 1 4.330934881010196e-07 4.330934519826159e-07 347.6018134838526 0 0 0
658 1 2.7155004330935255 2.7155004330934767 347.60181348274523 0 0 0
255 1 4.073250433398056 1.357750432863692 346.24419843184495 0 0 0
256 1 1.3577504328636623 4.073250433398102 346.24419843184495 0 0 0
257 1 1.3577504333581607 1.3577504333582353 348.9594285347981 0 0 0
258 1 4.0732504327705215 4.073250432770544 348.9594285347982 0 0 0
659 1 2.71550043280296 4.3280299341586143e-07 350.3170435854715 0 0 0
660 1 4.328030827239702e-07 2.7155004328029166 350.3170435854715 0 0 0
259 1 4.0732504326273595 1.3577504328533214 351.67465863653473 0 0 0
260 1 1.357750432853327 4.073250432627408 351.67465863653473 0 0 0
661 1 4.3237814338623225e-07 4.323781419023551e-07 353.0322736870894 0 0 0
662 1 2.715500432378124 2.715500432378049 353.03227368756455 0 0 0
261 1 1.3577504322308236 1.3577504322307705 354.38988873781096 0 0 0
663 1 2.715500432142084 4.321419644185926e-07 355.74750378883823 0 0 0
664 1 4.321419667736398e-07 2.715500432142132 355.7475037888383 0 0 0
262 1 4.073250432415725 4.07325043241571 354.3898887378112 0 0 0
263 1 4.073250432140799 1.3577504321293714 357.10511883950113 0 0 0
264 1 1.357750432129464 4.0732504321406555 357.10511883950113 0 0 0
265 1 1.3577504321206553 1.357750432120464 359.820348941772 0 0 0
665 1 4.322378299704468e-07 4.322379904851321e-07 358.462733889902 0 0 0
266 1 4.0732504323971215 4.073250432396882 359.8203489417717 0 0 0
666 1 2.7155004322377865 2.715500432237884 358.46273389049907 0 0 0
667 1 2.7155004323444385 4.3234464682458275e-07 361.17796399284555 0 0 0
668 1 4.3234443762664733e-07 2.7155004323446685 361.1779639928455 0 0 0
669 1 4.321199649595733e-07 4.3212026151235665e-07 363.89319409477355 0 0 0
670 1 2.7155004321201757 2.7155004321204523 363.8931940946131 0 0 0
267 1 4.07325043235305 1.3577504323128053 362.53557904346957 0 0 0
268 1 1.3577504323131524 4.073250432352779 362.53557904346957 0 0 0
269 1 1.3577504321685319 1.3577504321682596 365.2508091453387 0 0 0
270 1 4.073250431954581 4.073250431954316 365.2508091453388 0 0 0
671 1 2.715500431691427 4.3169188855940045e-07 366.6084241956981 0 0 0
672 1 4.316916212398117e-07 2.7155004316916385 366.6084241956981 0 0 0
271 1 4.07325043170329 1.35775043156942 367.96603924644444 0 0 0
272 1 1.3577504315696343 4.073250431703097 367.9660392464444 0 0 0
673 1 4.314647387501576e-07 4.31464903774405e-07 369.3236542976375 0 0 0
674 1 2.7155004314645277 2.715500431464747 369.3236542973905 0 0 0
273 1 1.3577504313541624 1.357750431354094 370.68126934889665 0 0 0
675 1 2.715500431640963 4.316407875921233e-07 372.03888440018113 0 0 0
676 1 4.316406889993469e-07 2.715500431640996 372.03888440018113 0 0 0
274 1 4.073250431575341 4.0732504315752935 370.6812693488966 0 0 0
275 1 4.0732504317473275 1.357750431624277 373.3964994511325 0 0 0
276 1 1.3577504316242706 4.073250431747295 373.3964994511325 0 0 0
277 1 1.3577504318492144 1.3577504318491966 376.111729552896 0 0 0
677 1 4.319533434207267e-07 4.3195334624263075e-07 374.75411450241455 0 0 0
678 1 2.7155004319532994 2.715500431953334 374.7541145023731 0 0 0
278 1 4.073250432108599 4.073250432108598 376.11172955289595 0 0 0
679 1 2.715500431964304 4.3196436161570216e-07 377.46934460328674 0 0 0
680 1 4.3196435959804565e-07 2.715500431964294 377.4693446032867 0 0 0
681 1 4.3166262408053375e-07 4.31662591122961e-07 380.18457470523487 0 0 0
279 1 4.073250431904218 1.3577504319656952 378.8269596542272 0 0 0
280 1 1.3577504319657 4.0732504319042295 378.82695965422715 0 0 0
682 1 2.7155004316627287 2.7155004316627247 380.18457470533 0 0 0
281 1 1.3577504316905735 1.3577504316905817 381.5421897562962 0 0 0
282 1 4.073250431544332 4.073250431544339 381.54218975629635 0 0 0
683 1 2.7155004314397004 4.3143984924500887e-07 382.8998048073937 0 0 0
684 1 4.314398534740795e-07 2.7155004314396844 382.8998048073937 0 0 0
283 1 4.073250431492115 1.3577504313747717 384.25741985839153 0 0 0
284 1 1.3577504313747408 4.073250431492139 384.2574198583916 0 0 0
685 1 4.3153350841710625e-07 4.3153348246138237e-07 385.61503490951 0 0 0
686 1 2.7155004315334152 2.715500431533404 385.61503490954647 0 0 0
285 1 1.3577504315384838 1.3577504315385378 386.97264996014195 0 0 0
687 1 2.7155004317783624 4.3177820307299016e-07 388.33026501108327 0 0 0
688 1 4.3177825026763284e-07 2.71550043177831 388.33026501108327 0 0 0
286 1 4.073250431596239 4.0732504315962865 386.9726499601417 0 0 0
287 1 4.07325043174204 1.357750431862261 389.68788006200487 0 0 0
288 1 1.3577504318622091 4.073250431742135 389.68788006200487 0 0 0
289 1 1.3577504318239682 1.357750431824068 392.4031101639368 0 0 0
689 1 4.318052258694897e-07 4.3180514033774486e-07 391.04549511281425 0 0 0
690 1 2.715500431805201 2.7155004318051312 391.0454951127327 0 0 0
290 1 4.073250431737241 4.073250431737375 392.40311016393713 0 0 0
691 1 2.7155004315296147 4.315294421208223e-07 393.76072521465323 0 0 0
692 1 4.315295721869235e-07 2.715500431529477 393.76072521465323 0 0 0
693 1 4.3130636461116107e-07 4.313061786950856e-07 396.47595531716877 0 0 0
291 1 4.073250431300385 1.3577504316698308 395.11834026605266 0 0 0
292 1 1.3577504316696083 4.073250431300574 395.11834026605266 0 0 0
694 1 2.715500431306412 2.7155004313062174 396.4759553171736 0 0 0
293 1 1.357750431473064 1.3577504314732707 397.83357036805444 0 0 0
294 1 4.073250431124352 4.073250431124538 397.8335703680541 0 0 0
695 1 2.715500431418518 4.3141835999361566e-07 399.1911854190988 0 0 0
696 1 4.314185637966727e-07 2.715500431418339 399.19118541909876 0 0 0
295 1 4.0732504315101625 1.3577504313991502 400.5488004695852 0 0 0
296 1 1.3577504313989874 4.073250431510335 400.5488004695852 0 0 0
697 1 4.317102085709321e-07 4.317100739135792e-07 401.90641552051557 0 0 0
698 1 2.7155004317102467 2.715500431710079 401.90641552060015 0 0 0
297 1 1.3577504316921398 1.357750431692181 403.264030571219 0 0 0
699 1 2.7155004318194513 4.318194688511172e-07 404.62164562193755 0 0 0
700 1 4.318194815016207e-07 2.715500431819395 404.6216456219376 0 0 0
298 1 4.073250431792127 4.073250431792206 403.26403057121905 0 0 0
300 1 1.3577504316425508 4.073250431978297 405.979260673464 0 0 0
299 1 4.07325043197841 1.3577504316424835 405.979260673464 0 0 0
301 1 1.3577504314630802 1.3577504314628783 408.6944907754576 0 0 0
302 1 4.073250431792008 4.073250431791727 408.6944907754576 0 0 0
303 1 4.0732504315164055 1.3577504315493063 411.40972087741187 0 0 0
703 1 2.7155004315217544 4.315219946522468e-07 410.0521058261837 0 0 0
304 1 1.3577504315497126 4.073250431516076 411.40972087741187 0 0 0
704 1 4.31521713935735e-07 2.7155004315220257 410.05210582618366 0 0 0
705 1 4.3172059389583145e-07 4.317209917993392e-07 412.76733592821785 0 0 0
706 1 2.7155004317205598 2.715500431720972 412.7673359281596 0 0 0
305 1 1.3577504317924458 1.3577504317920022 414.1249509789899 0 0 0
707 1 2.7155004321137755 4.321142226281724e-07 415.48256602998686 0 0 0
708 1 4.3211373928051876e-07 2.715500432114226 415.48256602998686 0 0 0
306 1 4.073250431763394 4.073250431762957 414.12495097899 0 0 0
307 1 4.073250432074219 1.357750432251392 416.8401810809892 0 0 0
308 1 1.357750432251813 4.073250432073755 416.8401810809892 0 0 0
309 1 1.3577504323637724 1.3577504323634222 419.55541118283463 0 0 0
709 1 4.322829314384248e-07 4.3228337395817776e-07 418.197796131987 0 0 0
710 1 2.715500432283046 2.7155004322834952 418.19779613198875 0 0 0
310 1 4.0732504321891065 4.073250432188736 419.55541118283446 0 0 0
711 1 2.7155004320957596 4.32096247838079e-07 420.91302623418187 0 0 0
712 1 4.3209586338175154e-07 2.715500432096123 420.9130262341818 0 0 0
713 1 4.3190415085268235e-07 4.319043398330789e-07 423.62825633602625 0 0 0
714 1 2.7155004319040437 2.7155004319042098 423.62825633605325 0 0 0
311 1 4.073250432056457 1.3577504320591336 422.270641285089 0 0 0
312 1 1.3577504320593499 4.073250432056229 422.270641285089 0 0 0
313 1 1.3577504319042346 1.357750431904207 424.9858713866504 0 0 0
314 1 4.073250431899919 4.073250431899853 424.98587138665033 0 0 0
715 1 2.715500432096172 4.3209606530392413e-07 426.3434864375473 0 0 0
716 1 4.3209605194439344e-07 2.7155004320961993 426.34348643754726 0 0 0
315 1 4.073250432188268 1.357750432123838 427.70110148827314 0 0 0
316 1 1.3577504321237512 4.0732504321883996 427.70110148827314 0 0 0
717 1 4.326087258911226e-07 4.326086016076498e-07 429.05871653933997 0 0 0
718 1 2.7155004326087386 2.7155004326086423 429.05871653934133 0 0 0
317 1 1.3577504326498213 1.3577504326499923 430.4163315904085 0 0 0
719 1 2.715500432977826 4.329776580859616e-07 431.77394664171703 0 0 0
720 1 4.3297782324814396e-07 2.7155004329776564 431.77394664171703 0 0 0
318 1 4.073250432713099 4.073250432713282 430.41633159040856 0 0 0
319 1 4.0732504330056765 1.3577504329996422 433.13156169281535 0 0 0
320 1 1.357750432999453 4.073250433005884 433.13156169281535 0 0 0
321 1 1.3577504329266126 1.357750432926777 435.8467917945844 0 0 0
721 1 4.3294740870902417e-07 4.3294724654637684e-07 434.4891767438294 0 0 0
322 1 4.073250432933182 4.073250432933338 435.8467917945845 0 0 0
722 1 2.71550043294749 2.71550043294731 434.48917674382034 0 0 0
723 1 2.715500432768968 4.327688945729434e-07 437.2044068455468 0 0 0
724 1 4.327690058764851e-07 2.7155004327688195 437.2044068455468 0 0 0
725 1 4.3281448257706616e-07 4.328144196615639e-07 439.9196369473643 0 0 0
726 1 2.715500432814365 2.7155004328143266 439.9196369473632 0 0 0
323 1 4.073250432755971 1.3577504327734118 438.5620218964894 0 0 0
324 1 1.3577504327733565 4.073250432756046 438.5620218964894 0 0 0
325 1 1.357750432868975 1.3577504328689292 441.27725199825494 0 0 0
326 1 4.07325043285201 4.073250432851971 441.2772519982546 0 0 0
727 1 2.7155004331995927 4.3319957338664717e-07 442.63486704928647 0 0 0
728 1 4.3319951047441374e-07 2.7155004331996433 442.6348670492865 0 0 0
327 1 4.0732504332708075 1.3577504332734367 443.9924821004443 0 0 0
328 1 1.3577504332735626 4.0732504332706885 443.99248210044425 0 0 0
729 1 4.3361206105390416e-07 4.3361219441267625e-07 445.3500971513379 0 0 0
730 1 2.715500433612113 2.7155004336122417 445.3500971513402 0 0 0
329 1 1.3577504336473023 1.3577504336471666 446.70771220236617 0 0 0
731 1 2.7155004336558584 4.3365609538889993e-07 448.06532725339656 0 0 0
732 1 4.3365591560888374e-07 2.7155004336560293 448.06532725339656 0 0 0
330 1 4.073250433644529 4.073250433644359 446.70771220236674 0 0 0
331 1 4.073250433634315 1.3577504336305743 449.4229423043589 0 0 0
332 1 1.3577504336307482 4.0732504336341915 449.42294230435897 0 0 0
333 1 1.3577504334327115 1.3577504334325359 452.1381724058309 0 0 0
733 1 4.334609766919272e-07 4.334611792804046e-07 450.7805573548575 0 0 0
334 1 4.0732504334362645 4.073250433436069 452.13817240583074 0 0 0
734 1 2.715500433461002 2.715500433461176 450.78055735485793 0 0 0
735 1 2.7155004334337964 4.334339416548522e-07 453.4957874568339 0 0 0
736 1 4.334337681756334e-07 2.7155004334339945 453.49578745683385 0 0 0
737 1 4.3371012239195015e-07 4.337102678897315e-07 456.2110175592218 0 0 0
738 1 2.715500433710077 2.7155004337102224 456.2110175592212 0 0 0
335 1 4.0732504334520865 1.3577504334511035 454.8534025081403 0 0 0
336 1 1.3577504334512946 4.073250433451937 454.8534025081403 0 0 0
337 1 1.3577504337625061 1.3577504337624033 457.5686326105247 0 0 0
338 1 4.073250433763267 4.073250433763203 457.5686326105246 0 0 0
739 1 2.7155004340755826 4.340756353874832e-07 458.92624766151704 0 0 0
740 1 4.340755578561789e-07 2.71550043407566 458.92624766151704 0 0 0
339 1 4.0732504341141 1.3577504341146696 460.2838627123002 0 0 0
340 1 1.3577504341147044 4.073250434114031 460.2838627123003 0 0 0
741 1 4.3419639156905425e-07 4.341964278295863e-07 461.6414777628798 0 0 0
742 1 2.71550043419634 2.7155004341963727 461.6414777628796 0 0 0
341 1 1.3577504341943478 1.3577504341943396 462.99909281374113 0 0 0
743 1 2.715500434075711 4.3407569825551537e-07 464.35670786467017 0 0 0
744 1 4.3407567974603086e-07 2.7155004340757403 464.35670786467017 0 0 0
342 1 4.0732504341937625 4.0732504341937625 462.99909281374113 0 0 0
343 1 4.07325043406392 1.3577504340641484 465.71432291566225 0 0 0
344 1 1.357750434064093 4.073250434063957 465.71432291566225 0 0 0
345 1 1.3577504340609146 1.3577504340610331 468.42955301787765 0 0 0
745 1 4.3404242755073807e-07 4.340424489715143e-07 467.07193796682793 0 0 0
346 1 4.073250434060804 4.0732504340608955 468.42955301787777 0 0 0
746 1 2.715500434042424 2.7155004340423847 467.07193796682805 0 0 0
747 1 2.7155004342482156 4.342480919692842e-07 469.78716806903253 0 0 0
748 1 4.342482226377295e-07 2.715500434248132 469.78716806903253 0 0 0
749 1 4.3450704806639783e-07 4.345069214333308e-07 472.5023981708099 0 0 0
750 1 2.7155004345072364 2.7155004345070783 472.5023981708099 0 0 0
347 1 4.073250434288022 1.3577504342880928 471.14478311992553 0 0 0
348 1 1.3577504342879834 4.073250434288163 471.14478311992553 0 0 0
349 1 1.3577504345272076 1.3577504345273257 473.86001322157125 0 0 0
751 1 2.7155004345559184 4.3455599546191706e-07 475.2176282725402 0 0 0
752 1 4.3455608415742047e-07 2.7155004345558615 475.2176282725402 0 0 0
350 1 4.073250434527348 4.07325043452742 473.8600132215712 0 0 0
351 1 4.073250434539804 1.3577504345398737 476.5752433234127 0 0 0
352 1 1.3577504345397828 4.073250434539926 476.5752433234127 0 0 0
353 1 1.3577504344062743 1.3577504344063602 479.2904734257138 0 0 0
753 1 4.3442250845405443e-07 4.344224606688378e-07 477.9328583745085 0 0 0
754 1 2.7155004344223084 2.715500434422229 477.93285837450856 0 0 0
354 1 4.073250434406317 4.0732504344064 479.29047342571346 0 0 0
755 1 2.715500434428035 4.3442777450391264e-07 480.6480884770853 0 0 0
756 1 4.3442782610864506e-07 2.7155004344279847 480.6480884770853 0 0 0
757 1 4.3471212059737027e-07 4.3471207735666966e-07 483.36331857882055 0 0 0
758 1 2.7155004347122156 2.715500434712164 483.36331857882055 0 0 0
355 1 4.073250434453748 1.357750434453778 482.0057035280766 0 0 0
356 1 1.3577504344537408 4.073250434453801 482.0057035280766 0 0 0
357 1 1.3577504347694382 1.3577504347694436 484.72093362954246 0 0 0
358 1 4.073250434769435 4.073250434769498 484.72093362954297 0 0 0
359 1 4.073250435100421 1.357750435100452 487.43616373104686 0 0 0
759 1 2.715500435055405 4.350553882299112e-07 486.07854868033866 0 0 0
360 1 1.3577504351003935 4.073250435100437 487.43616373104686 0 0 0
760 1 4.350554725069039e-07 2.7155004350553695 486.07854868033866 0 0 0
761 1 4.352013714370366e-07 4.352013340525726e-07 488.7937787820947 0 0 0
762 1 2.715500435201377 2.715500435201359 488.7937787820947 0 0 0
361 1 1.3577504352085097 1.3577504352084298 490.1513938333687 0 0 0
763 1 2.715500435106551 4.3510658810141726e-07 491.5090088846722 0 0 0
764 1 4.3510654617644115e-07 2.715500435106604 491.50900888467226 0 0 0
362 1 4.073250435208459 4.073250435208448 490.1513938333684 0 0 0
363 1 4.073250435090995 1.3577504350908265 492.8666239355817 0 0 0
364 1 1.3577504350909462 4.073250435090845 492.86662393558163 0 0 0
365 1 1.3577504349887803 1.3577504349884995 495.58185403749695 0 0 0
765 1 4.349857350436408e-07 4.349859164140256e-07 494.22423898660213 0 0 0
766 1 2.715500434985766 2.71550043498591 494.22423898660213 0 0 0
366 1 4.073250434988666 4.07325043498846 495.5818540374969 0 0 0
767 1 2.7155004351091763 4.351095279528849e-07 496.939469088455 0 0 0
768 1 4.3510924968248484e-07 2.715500435109452 496.9394690884551 0 0 0
769 1 4.3542591635834373e-07 4.35426220845193e-07 499.6546991903147 0 0 0
770 1 2.715500435425896 2.7155004354262418 499.6546991903146 0 0 0
367 1 4.073250435146701 1.3577504351463854 498.29708413923424 0 0 0
368 1 1.3577504351466843 4.073250435146375 498.29708413923424 0 0 0
369 1 1.3577504354632977 1.3577504354629368 501.01231424131066 0 0 0
370 1 4.07325043546326 4.0732504354629 501.01231424131106 0 0 0
371 1 4.073250435619673 1.357750435619312 503.72754434340794 0 0 0
771 1 2.7155004356194157 4.3561973428290897e-07 502.36992929239864 0 0 0
372 1 1.357750435619584 4.073250435619355 503.72754434340794 0 0 0
772 1 4.356193919273026e-07 2.715500435619764 502.36992929239864 0 0 0
773 1 4.3554512010364797e-07 4.3554540217918215e-07 505.0851593945373 0 0 0
774 1 2.7155004355448376 2.7155004355451533 505.08515939453724 0 0 0
373 1 1.3577504355148209 1.357750435514629 506.44277444553364 0 0 0
775 1 2.715500435351012 4.353508928034735e-07 507.80038949637145 0 0 0
776 1 4.3535070548584053e-07 2.715500435351162 507.8003894963715 0 0 0
374 1 4.073250435514768 4.073250435514579 506.44277444553336 0 0 0
375 1 4.073250435329718 1.357750435329647 509.1580045471701 0 0 0
376 1 1.3577504353296728 4.073250435329667 509.1580045471701 0 0 0
377 1 1.3577504353195775 1.3577504353196679 511.873234648835 0 0 0
777 1 4.3530293153414933e-07 4.353029514580373e-07 510.5156195978422 0 0 0
778 1 2.715500435303102 2.715500435303134 510.515619597842 0 0 0
378 1 4.0732504353195145 4.073250435319647 511.87323464883514 0 0 0
779 1 2.715500435481269 4.35481328665324e-07 513.2308496998622 0 0 0
780 1 4.354814345486629e-07 2.715500435481084 513.2308496998622 0 0 0
781 1 4.356709182183159e-07 4.3567057781156197e-07 515.946079802247 0 0 0
379 1 4.073250435518662 1.3577504355188645 514.5884647511341 0 0 0
380 1 1.3577504355186003 4.073250435518886 514.5884647511342 0 0 0
782 1 2.7155004356706325 2.7155004356704087 515.946079802247 0 0 0
381 1 1.3577504356886443 1.3577504356889978 517.3036948535481 0 0 0
382 1 4.073250435688568 4.07325043568894 517.3036948535478 0 0 0
783 1 2.7155004356638073 4.3566320835974184e-07 518.6613099043714 0 0 0
784 1 4.3566360852624467e-07 2.715500435663485 518.6613099043715 0 0 0
383 1 4.073250435646164 1.357750435646446 520.0189249552376 0 0 0
384 1 1.3577504356461096 4.073250435646495 520.0189249552375 0 0 0
785 1 4.354774881465158e-07 4.354772134824822e-07 521.376540005978 0 0 0
786 1 2.7155004354775913 2.715500435477232 521.3765400059779 0 0 0
385 1 1.3577504354497332 1.357750435449926 522.7341550570474 0 0 0
787 1 2.7155004353590826 4.3535893764097885e-07 524.0917701079302 0 0 0
788 1 4.3535910302747026e-07 2.7155004353588503 524.0917701079302 0 0 0
386 1 4.073250435449728 4.073250435449962 522.7341550570474 0 0 0
387 1 4.073250435360677 1.3577504353607417 525.4493851588726 0 0 0
388 1 1.3577504353606238 4.07325043536074 525.4493851588726 0 0 0
389 1 1.3577504355270826 1.3577504355270482 528.1646152611178 0 0 0
789 1 4.3549816541048573e-07 4.354980600081992e-07 526.8070002099953 0 0 0
390 1 4.073250435527024 4.073250435527045 528.1646152611177 0 0 0
790 1 2.7155004354981296 2.7155004354980368 526.8070002099953 0 0 0
791 1 2.715500435699606 4.356996096123408e-07 529.522230312065 0 0 0
792 1 4.35699637716818e-07 2.7155004356996524 529.522230312065 0 0 0
793 1 4.3568269497176265e-07 4.356828119691013e-07 532.2374604140258 0 0 0
391 1 4.073250435713435 1.357750435713341 530.8798453629473 0 0 0
392 1 1.357750435713428 4.073250435713315 530.8798453629473 0 0 0
794 1 2.7155004356825767 2.7155004356826495 532.2374604140258 0 0 0
393 1 1.3577504356607792 1.3577504356606536 533.5950754647678 0 0 0
394 1 4.0732504356607455 4.07325043566059 533.5950754647674 0 0 0
795 1 2.7155004354515446 4.354515371304692e-07 534.9526905156354 0 0 0
796 1 4.3545139843011273e-07 2.7155004354516383 534.9526905156354 0 0 0
395 1 4.073250435415418 1.3577504354152186 536.3103055664583 0 0 0
396 1 1.3577504354153465 4.073250435415281 536.3103055664583 0 0 0
797 1 4.352193879544615e-07 4.352195095122188e-07 537.6679206177657 0 0 0
798 1 2.7155004352195546 2.715500435219665 537.6679206177657 0 0 0
397 1 1.3577504352061818 1.3577504352061245 539.025535668873 0 0 0
799 1 2.7155004352181504 4.352183448909358e-07 540.3831507201403 0 0 0
800 1 4.3521829257158456e-07 2.7155004352181624 540.3831507201403 0 0 0
398 1 4.073250435206114 4.073250435206106 539.0255356688734 0 0 0
399 1 4.073250435238458 1.3577504352383947 541.7407657711676 0 0 0
400 1 1.35775043523842 4.073250435238404 541.7407657711677 0 0 0
401 1 4.3539130760560094e-07 4.3539129407241265e-07 543.0983808221604 0 0 -1
402 1 2.715500435391153 2.7155004353912346 543.0983808221603 0 0 -1
701 1 4.316533863495005e-07 4.3165348878064815e-07 407.33687572429966 0 0 0
702 1 2.7155004316533162 2.7155004316534286 407.3368757242902 0 0 0
