0.000000 4.951661e-03
0.010000 4.945261e-03
0.020000 5.012494e-03
0.030000 4.929442e-03
0.040000 5.087797e-03
0.050000 5.822404e-03
0.060000 6.024421e-03
0.070000 6.058627e-03
0.080000 6.327263e-03
0.090000 6.644307e-03
0.100000 6.744794e-03
0.110000 6.738614e-03
0.120000 7.129451e-03
0.130000 7.168404e-03
0.140000 6.948093e-03
0.150000 6.881313e-03
0.160000 7.183056e-03
0.170000 7.135767e-03
0.180000 6.974937e-03
0.190000 7.075400e-03
0.200000 7.033406e-03
0.210000 7.391669e-03
0.220000 7.367498e-03
0.230000 7.054388e-03
0.240000 7.307658e-03
0.250000 7.878791e-03
0.260000 7.975413e-03
0.270000 7.842673e-03
0.280000 7.741940e-03
0.290000 7.279069e-03
0.300000 6.983448e-03
0.310000 6.645233e-03
0.320000 6.658206e-03
0.330000 6.788473e-03
0.340000 6.822159e-03
0.350000 7.086150e-03
0.360000 7.138160e-03
0.370000 7.006941e-03
0.380000 6.692444e-03
0.390000 6.393638e-03
0.400000 6.243260e-03
0.410000 6.583989e-03
0.420000 6.747956e-03
0.430000 6.709746e-03
0.440000 6.903748e-03
0.450000 6.772755e-03
0.460000 6.689949e-03
0.470000 6.446669e-03
0.480000 6.115915e-03
0.490000 6.156587e-03
0.500000 6.438301e-03
0.510000 6.682839e-03
0.520000 6.646823e-03
0.530000 6.620304e-03
0.540000 6.397543e-03
0.550000 6.449507e-03
0.560000 6.413916e-03
0.570000 6.311562e-03
0.580000 6.631186e-03
0.590000 6.734502e-03
0.600000 6.567208e-03
0.610000 6.467015e-03
0.620000 6.470953e-03
0.630000 6.252149e-03
0.640000 6.155377e-03
0.650000 6.072747e-03
0.660000 6.135024e-03
0.670000 5.656924e-03
0.680000 4.938231e-03
0.690000 4.895538e-03
0.700000 4.918185e-03
0.710000 5.232798e-03
0.720000 5.340318e-03
0.730000 5.156911e-03
0.740000 5.151486e-03
0.750000 5.198289e-03
0.760000 4.912938e-03
0.770000 4.379522e-03
0.780000 4.305178e-03
0.790000 3.954179e-03
0.800000 3.444525e-03
0.810000 3.291310e-03
0.820000 3.306494e-03
0.830000 3.190031e-03
0.840000 3.034041e-03
0.850000 3.136569e-03
0.860000 3.244483e-03
0.870000 3.217383e-03
0.880000 3.146215e-03
0.890000 3.273789e-03
0.900000 3.255491e-03
0.910000 3.235143e-03
0.920000 2.987600e-03
0.930000 2.344077e-03
0.940000 2.274779e-03
0.950000 2.371700e-03
0.960000 2.282356e-03
0.970000 2.199766e-03
0.980000 2.461567e-03
0.990000 2.824260e-03
1.000000 2.868595e-03
1.010000 3.196323e-03
1.020000 3.480658e-03
1.030000 3.606730e-03
1.040000 3.641387e-03
1.050000 3.587996e-03
1.060000 3.516981e-03
1.070000 3.292621e-03
1.080000 3.213188e-03
1.090000 3.296379e-03
1.100000 3.525596e-03
1.110000 3.836434e-03
1.120000 4.057057e-03
1.130000 3.994490e-03
1.140000 4.150694e-03
1.150000 4.509262e-03
1.160000 4.411576e-03
1.170000 4.441804e-03
1.180000 4.696004e-03
1.190000 4.968017e-03
1.200000 5.091966e-03
1.210000 5.092926e-03
1.220000 4.894505e-03
1.230000 4.641260e-03
1.240000 4.507719e-03
1.250000 4.403907e-03
1.260000 4.616141e-03
1.270000 4.664544e-03
1.280000 4.872892e-03
1.290000 5.073870e-03
1.300000 5.043320e-03
1.310000 5.007389e-03
1.320000 4.865967e-03
1.330000 4.845584e-03
1.340000 4.898854e-03
1.350000 5.241885e-03
1.360000 5.370698e-03
1.370000 5.403627e-03
1.380000 5.409538e-03
1.390000 5.399090e-03
1.400000 5.567556e-03
1.410000 5.385830e-03
1.420000 5.298555e-03
1.430000 5.363086e-03
1.440000 5.476159e-03
1.450000 5.628032e-03
1.460000 5.707222e-03
1.470000 5.644302e-03
1.480000 5.980775e-03
1.490000 6.619544e-03
1.500000 6.608428e-03
1.510000 6.725305e-03
1.520000 6.838751e-03
1.530000 6.754023e-03
1.540000 6.673481e-03
1.550000 6.720259e-03
1.560000 6.879441e-03
1.570000 6.807472e-03
1.580000 6.845139e-03
1.590000 6.865792e-03
1.600000 7.139058e-03
1.610000 7.150583e-03
1.620000 7.023765e-03
1.630000 7.045390e-03
1.640000 7.378324e-03
1.650000 8.184601e-03
1.660000 8.081739e-03
1.670000 7.827153e-03
1.680000 8.088312e-03
1.690000 8.080944e-03
1.700000 7.342158e-03
1.710000 7.023252e-03
1.720000 6.859065e-03
1.730000 6.474786e-03
1.740000 6.565568e-03
1.750000 6.442014e-03
1.760000 6.522784e-03
1.770000 6.412709e-03
1.780000 6.307022e-03
1.790000 6.390490e-03
1.800000 6.430683e-03
1.810000 6.501004e-03
1.820000 5.886043e-03
1.830000 5.343396e-03
1.840000 5.317999e-03
1.850000 5.486628e-03
1.860000 5.089819e-03
1.870000 4.857319e-03
1.880000 4.947568e-03
1.890000 4.514231e-03
1.900000 4.104448e-03
1.910000 3.826130e-03
1.920000 3.676754e-03
1.930000 3.765892e-03
1.940000 4.210766e-03
1.950000 4.490124e-03
1.960000 4.455831e-03
1.970000 4.370097e-03
1.980000 3.890822e-03
1.990000 3.560988e-03
2.000000 3.355461e-03
2.010000 3.315579e-03
2.020000 3.229066e-03
2.030000 3.138093e-03
2.040000 3.426522e-03
2.050000 3.579729e-03
2.060000 3.455330e-03
2.070000 3.281593e-03
2.080000 3.299047e-03
2.090000 3.262277e-03
2.100000 3.345825e-03
2.110000 3.509281e-03
2.120000 3.496773e-03
2.130000 3.597623e-03
2.140000 3.602230e-03
2.150000 3.554620e-03
2.160000 3.400036e-03
2.170000 3.284670e-03
2.180000 3.281405e-03
2.190000 3.288348e-03
2.200000 3.172813e-03
2.210000 2.974888e-03
2.220000 2.990065e-03
2.230000 2.895790e-03
2.240000 2.923823e-03
2.250000 3.064142e-03
2.260000 3.060215e-03
2.270000 3.068112e-03
2.280000 3.087120e-03
2.290000 3.047521e-03
2.300000 2.952701e-03
2.310000 2.938102e-03
2.320000 2.884334e-03
2.330000 2.971604e-03
2.340000 2.996193e-03
2.350000 2.987776e-03
2.360000 2.687646e-03
2.370000 2.261748e-03
2.380000 2.346912e-03
2.390000 2.446077e-03
2.400000 2.455689e-03
2.410000 2.577662e-03
2.420000 3.084293e-03
2.430000 3.490567e-03
2.440000 3.531863e-03
2.450000 3.724481e-03
2.460000 3.510199e-03
2.470000 3.426415e-03
2.480000 3.461699e-03
2.490000 3.430050e-03
2.500000 3.504543e-03
2.510000 3.645907e-03
2.520000 3.748172e-03
2.530000 3.765560e-03
2.540000 4.083336e-03
2.550000 4.480811e-03
2.560000 4.651414e-03
2.570000 4.698033e-03
2.580000 5.183871e-03
2.590000 5.491347e-03
2.600000 5.171587e-03
2.610000 5.178997e-03
2.620000 5.329725e-03
2.630000 5.460622e-03
2.640000 5.477123e-03
2.650000 5.469955e-03
2.660000 5.251959e-03
2.670000 5.420128e-03
2.680000 5.712984e-03
2.690000 5.583885e-03
2.700000 6.007971e-03
2.710000 6.378066e-03
2.720000 6.683754e-03
2.730000 6.776568e-03
2.740000 6.862740e-03
2.750000 6.610103e-03
2.760000 5.773422e-03
2.770000 5.407912e-03
2.780000 5.578886e-03
2.790000 5.873362e-03
2.800000 5.799759e-03
2.810000 5.908445e-03
2.820000 5.834863e-03
2.830000 5.708799e-03
2.840000 5.718311e-03
2.850000 5.296586e-03
2.860000 5.247413e-03
2.870000 5.535791e-03
2.880000 5.747055e-03
2.890000 5.680573e-03
2.900000 5.651814e-03
2.910000 5.291578e-03
2.920000 4.708131e-03
2.930000 4.496082e-03
2.940000 4.374943e-03
2.950000 4.488141e-03
2.960000 4.417173e-03
2.970000 4.550350e-03
2.980000 4.779024e-03
2.990000 4.771648e-03
3.000000 4.716249e-03
3.010000 4.500843e-03
3.020000 4.421141e-03
3.030000 4.446800e-03
3.040000 4.699776e-03
3.050000 4.578927e-03
3.060000 4.390154e-03
3.070000 4.391883e-03
3.080000 4.385055e-03
3.090000 4.520231e-03
3.100000 4.467526e-03
3.110000 4.410023e-03
3.120000 4.403225e-03
3.130000 4.203286e-03
3.140000 3.843810e-03
3.150000 3.747703e-03
3.160000 3.711205e-03
3.170000 3.870268e-03
3.180000 4.193722e-03
3.190000 4.134982e-03
3.200000 4.160567e-03
3.210000 4.045033e-03
3.220000 3.810463e-03
3.230000 3.597579e-03
3.240000 3.615708e-03
3.250000 3.565253e-03
3.260000 3.209755e-03
3.270000 3.112882e-03
3.280000 3.115678e-03
3.290000 3.017885e-03
3.300000 2.620412e-03
3.310000 2.463968e-03
3.320000 2.555969e-03
3.330000 2.491483e-03
3.340000 2.535726e-03
3.350000 2.493336e-03
3.360000 2.403044e-03
3.370000 2.454980e-03
3.380000 2.500603e-03
3.390000 2.148418e-03
3.400000 1.971600e-03
3.410000 1.902244e-03
3.420000 1.611873e-03
3.430000 1.480706e-03
3.440000 1.468266e-03
3.450000 1.510694e-03
3.460000 1.382066e-03
3.470000 1.486569e-03
3.480000 1.906354e-03
3.490000 2.042007e-03
3.500000 2.027689e-03
3.510000 1.931448e-03
3.520000 1.950102e-03
3.530000 1.870267e-03
3.540000 1.838589e-03
3.550000 1.870427e-03
3.560000 1.855526e-03
3.570000 2.171457e-03
3.580000 2.372452e-03
3.590000 2.302298e-03
3.600000 2.343282e-03
3.610000 2.583044e-03
3.620000 2.650167e-03
3.630000 2.713744e-03
3.640000 3.040845e-03
3.650000 3.238604e-03
3.660000 3.352000e-03
3.670000 3.365908e-03
3.680000 3.378330e-03
3.690000 3.142661e-03
3.700000 2.870205e-03
3.710000 2.837923e-03
3.720000 3.016732e-03
3.730000 3.285005e-03
3.740000 3.430677e-03
3.750000 3.514292e-03
3.760000 3.471941e-03
3.770000 3.733788e-03
3.780000 3.759703e-03
3.790000 3.569300e-03
3.800000 3.597882e-03
3.810000 3.573045e-03
3.820000 3.603934e-03
3.830000 3.566922e-03
3.840000 3.555083e-03
3.850000 3.428833e-03
3.860000 3.471645e-03
3.870000 3.546773e-03
3.880000 3.551947e-03
3.890000 3.584183e-03
3.900000 3.385081e-03
3.910000 3.381837e-03
3.920000 3.404018e-03
3.930000 3.511171e-03
3.940000 3.729227e-03
3.950000 3.876236e-03
3.960000 3.935789e-03
3.970000 3.949967e-03
3.980000 3.970689e-03
3.990000 3.810539e-03
4.000000 3.751316e-03
4.010000 3.771493e-03
4.020000 3.995411e-03
4.030000 4.152641e-03
4.040000 4.061933e-03
4.050000 4.050270e-03
4.060000 4.000053e-03
4.070000 3.966469e-03
4.080000 3.883285e-03
4.090000 3.870845e-03
4.100000 4.018822e-03
4.110000 4.671521e-03
4.120000 5.042849e-03
4.130000 4.974288e-03
4.140000 5.146958e-03
4.150000 4.960012e-03
4.160000 4.657348e-03
4.170000 4.528738e-03
4.180000 4.602335e-03
4.190000 4.368869e-03
4.200000 4.088117e-03
4.210000 4.017153e-03
4.220000 4.109898e-03
4.230000 4.181832e-03
4.240000 4.076319e-03
4.250000 4.164479e-03
4.260000 4.168341e-03
4.270000 4.351918e-03
4.280000 4.184711e-03
4.290000 3.688495e-03
4.300000 3.713322e-03
4.310000 3.884405e-03
4.320000 3.784429e-03
4.330000 3.569468e-03
4.340000 3.517339e-03
4.350000 2.954472e-03
4.360000 2.393855e-03
4.370000 2.216648e-03
4.380000 2.132906e-03
4.390000 2.222136e-03
4.400000 2.358773e-03
4.410000 2.720102e-03
4.420000 2.892259e-03
4.430000 2.866523e-03
4.440000 2.531944e-03
4.450000 1.983165e-03
4.460000 1.761592e-03
4.470000 1.792525e-03
4.480000 1.803336e-03
4.490000 1.590954e-03
4.500000 1.686535e-03
4.510000 1.772242e-03
4.520000 1.609125e-03
4.530000 1.530231e-03
4.540000 1.485078e-03
4.550000 1.471442e-03
4.560000 1.506069e-03
4.570000 1.714301e-03
4.580000 1.818640e-03
4.590000 1.821004e-03
4.600000 1.797987e-03
4.610000 1.682105e-03
4.620000 1.669723e-03
4.630000 1.640005e-03
4.640000 1.632898e-03
4.650000 1.551927e-03
4.660000 1.490288e-03
4.670000 1.527989e-03
4.680000 1.532854e-03
4.690000 1.545504e-03
4.700000 1.674057e-03
4.710000 1.938384e-03
4.720000 2.014458e-03
4.730000 2.014973e-03
4.740000 1.885918e-03
4.750000 1.730846e-03
4.760000 1.730245e-03
4.770000 1.734352e-03
4.780000 1.815060e-03
4.790000 1.873599e-03
4.800000 1.902381e-03
4.810000 1.910975e-03
4.820000 1.831052e-03
4.830000 1.557247e-03
4.840000 1.419365e-03
4.850000 1.447455e-03
4.860000 1.462600e-03
4.870000 1.611573e-03
4.880000 1.821611e-03
4.890000 2.015015e-03
4.900000 2.027704e-03
4.910000 2.040130e-03
4.920000 1.976969e-03
4.930000 1.830682e-03
4.940000 1.815739e-03
4.950000 1.833402e-03
4.960000 1.987862e-03
4.970000 2.091134e-03
4.980000 2.103889e-03
4.990000 2.020061e-03
5.000000 1.973773e-03
5.010000 2.236917e-03
5.020000 2.394355e-03
5.030000 2.421470e-03
5.040000 2.654271e-03
5.050000 2.932847e-03
5.060000 2.915148e-03
5.070000 2.926876e-03
5.080000 3.113443e-03
5.090000 3.132523e-03
5.100000 3.182510e-03
5.110000 3.204742e-03
5.120000 3.073950e-03
5.130000 2.995222e-03
5.140000 3.085074e-03
5.150000 3.056283e-03
5.160000 3.283807e-03
5.170000 3.671076e-03
5.180000 3.927754e-03
5.190000 4.041605e-03
5.200000 4.149237e-03
5.210000 4.449388e-03
5.220000 4.034392e-03
5.230000 3.636266e-03
5.240000 3.700125e-03
5.250000 3.755691e-03
5.260000 3.745979e-03
5.270000 3.762144e-03
5.280000 3.706407e-03
5.290000 3.447565e-03
5.300000 3.415922e-03
5.310000 3.267342e-03
5.320000 3.228992e-03
5.330000 3.545847e-03
5.340000 3.716057e-03
5.350000 3.741367e-03
5.360000 3.728893e-03
5.370000 3.651994e-03
5.380000 3.145319e-03
5.390000 2.717120e-03
5.400000 2.639607e-03
5.410000 2.674572e-03
5.420000 2.546142e-03
5.430000 2.457585e-03
5.440000 2.593885e-03
5.450000 2.536271e-03
5.460000 2.585701e-03
5.470000 2.571596e-03
5.480000 2.395106e-03
5.490000 2.392173e-03
5.500000 2.430205e-03
5.510000 2.372031e-03
5.520000 2.192296e-03
5.530000 2.164367e-03
5.540000 2.014845e-03
5.550000 1.995298e-03
5.560000 2.122027e-03
5.570000 2.129692e-03
5.580000 2.081885e-03
5.590000 1.865496e-03
5.600000 1.790637e-03
5.610000 1.799890e-03
5.620000 1.820411e-03
5.630000 1.916043e-03
5.640000 2.003622e-03
5.650000 2.032560e-03
5.660000 2.038893e-03
5.670000 2.011480e-03
5.680000 1.838420e-03
5.690000 1.721298e-03
5.700000 1.714860e-03
5.710000 1.788203e-03
5.720000 1.824213e-03
5.730000 1.772881e-03
5.740000 1.765763e-03
5.750000 1.671127e-03
5.760000 1.423804e-03
5.770000 1.238141e-03
5.780000 1.241029e-03
5.790000 1.206694e-03
5.800000 1.248090e-03
5.810000 1.369730e-03
5.820000 1.343603e-03
5.830000 1.349632e-03
5.840000 1.339722e-03
5.850000 1.279955e-03
5.860000 1.213064e-03
5.870000 1.200507e-03
5.880000 1.055191e-03
5.890000 8.236181e-04
5.900000 7.307968e-04
5.910000 7.320639e-04
5.920000 6.631919e-04
5.930000 6.015927e-04
5.940000 7.849420e-04
5.950000 1.005032e-03
5.960000 1.034498e-03
5.970000 1.011134e-03
5.980000 1.027668e-03
5.990000 9.914644e-04
6.000000 9.449390e-04
6.010000 1.008233e-03
6.020000 9.934930e-04
6.030000 1.088007e-03
6.040000 1.236886e-03
6.050000 1.203251e-03
6.060000 1.181286e-03
6.070000 1.298935e-03
6.080000 1.408332e-03
6.090000 1.422080e-03
6.100000 1.595485e-03
6.110000 1.910859e-03
6.120000 2.011625e-03
6.130000 2.007357e-03
6.140000 2.035771e-03
6.150000 1.984121e-03
6.160000 1.792234e-03
6.170000 1.715633e-03
6.180000 1.759134e-03
6.190000 1.900764e-03
6.200000 2.167271e-03
6.210000 2.323655e-03
6.220000 2.318502e-03
6.230000 2.502572e-03
6.240000 2.676318e-03
6.250000 2.507927e-03
6.260000 2.528032e-03
6.270000 2.530801e-03
6.280000 2.434519e-03
6.290000 2.356583e-03
6.300000 2.359524e-03
6.310000 2.402184e-03
6.320000 2.343128e-03
6.330000 2.402955e-03
6.340000 2.428013e-03
6.350000 2.407827e-03
6.360000 2.314073e-03
6.370000 2.189570e-03
6.380000 2.156227e-03
6.390000 2.269695e-03
6.400000 2.580633e-03
6.410000 2.689959e-03
6.420000 2.662948e-03
6.430000 2.607826e-03
6.440000 2.380978e-03
6.450000 2.149430e-03
6.460000 2.041390e-03
6.470000 2.048106e-03
6.480000 2.109533e-03
6.490000 2.289929e-03
6.500000 2.378186e-03
6.510000 2.379310e-03
6.520000 2.341640e-03
6.530000 2.168305e-03
6.540000 2.089655e-03
6.550000 2.082300e-03
6.560000 2.178423e-03
6.570000 2.404318e-03
6.580000 2.563576e-03
6.590000 2.579807e-03
6.600000 2.583458e-03
6.610000 2.455268e-03
6.620000 2.252064e-03
6.630000 2.167229e-03
6.640000 2.222550e-03
6.650000 2.361971e-03
6.660000 2.349159e-03
6.670000 2.275727e-03
6.680000 2.272486e-03
6.690000 2.210121e-03
6.700000 2.151884e-03
6.710000 2.192108e-03
6.720000 2.199042e-03
6.730000 2.185327e-03
6.740000 2.146887e-03
6.750000 1.948710e-03
6.760000 1.891576e-03
6.770000 2.103532e-03
6.780000 2.115971e-03
6.790000 2.042085e-03
6.800000 2.049052e-03
6.810000 1.839794e-03
6.820000 1.483007e-03
6.830000 1.223320e-03
6.840000 1.130479e-03
6.850000 1.148718e-03
6.860000 1.187805e-03
6.870000 1.393519e-03
6.880000 1.593058e-03
6.890000 1.602550e-03
6.900000 1.550254e-03
6.910000 1.286545e-03
6.920000 1.025004e-03
6.930000 1.008901e-03
6.940000 1.051263e-03
6.950000 9.386052e-04
6.960000 9.166479e-04
6.970000 9.681518e-04
6.980000 8.329609e-04
6.990000 6.830729e-04
7.000000 6.535202e-04
7.010000 6.553993e-04
7.020000 6.571123e-04
7.030000 7.469871e-04
7.040000 9.136791e-04
7.050000 1.005666e-03
7.060000 1.023129e-03
7.070000 9.728922e-04
7.080000 8.822197e-04
7.090000 8.136558e-04
7.100000 8.167419e-04
7.110000 7.828459e-04
7.120000 7.128934e-04
7.130000 7.628966e-04
7.140000 8.380418e-04
7.150000 8.466699e-04
7.160000 9.800534e-04
7.170000 1.241632e-03
7.180000 1.407578e-03
7.190000 1.427954e-03
7.200000 1.364450e-03
7.210000 1.172873e-03
7.220000 1.058491e-03
7.230000 1.043755e-03
7.240000 1.089792e-03
7.250000 1.242181e-03
7.260000 1.328285e-03
7.270000 1.363055e-03
7.280000 1.350612e-03
7.290000 1.316094e-03
7.300000 1.267571e-03
7.310000 1.215205e-03
7.320000 1.216857e-03
7.330000 1.312458e-03
7.340000 1.468135e-03
7.350000 1.566704e-03
7.360000 1.589290e-03
7.370000 1.490062e-03
7.380000 1.358843e-03
7.390000 1.313038e-03
7.400000 1.279570e-03
7.410000 1.348220e-03
7.420000 1.506537e-03
7.430000 1.610622e-03
7.440000 1.640738e-03
7.450000 1.623078e-03
7.460000 1.520683e-03
7.470000 1.436540e-03
7.480000 1.460871e-03
7.490000 1.471796e-03
7.500000 1.603806e-03
7.510000 1.786197e-03
7.520000 1.848473e-03
7.530000 1.856093e-03
7.540000 1.935285e-03
7.550000 2.056074e-03
7.560000 2.023814e-03
7.570000 2.018545e-03
7.580000 1.937768e-03
7.590000 1.857105e-03
7.600000 1.821682e-03
7.610000 1.717948e-03
7.620000 1.770667e-03
7.630000 1.880845e-03
7.640000 2.195015e-03
7.650000 2.449247e-03
7.660000 2.488405e-03
7.670000 2.709920e-03
7.680000 2.575634e-03
7.690000 2.288808e-03
7.700000 2.283281e-03
7.710000 2.332336e-03
7.720000 2.280708e-03
7.730000 2.208862e-03
7.740000 2.205456e-03
7.750000 2.094227e-03
7.760000 2.045975e-03
7.770000 2.002771e-03
7.780000 1.942757e-03
7.790000 2.087921e-03
7.800000 2.332011e-03
7.810000 2.429332e-03
7.820000 2.421946e-03
7.830000 2.396971e-03
7.840000 2.175806e-03
7.850000 1.842096e-03
7.860000 1.654231e-03
7.870000 1.676852e-03
7.880000 1.526144e-03
7.890000 1.432082e-03
7.900000 1.564560e-03
7.910000 1.574444e-03
7.920000 1.575506e-03
7.930000 1.601499e-03
7.940000 1.516974e-03
7.950000 1.493516e-03
7.960000 1.523814e-03
7.970000 1.483769e-03
7.980000 1.315076e-03
7.990000 1.262482e-03
8.000000 1.216246e-03
8.010000 1.087139e-03
8.020000 1.090726e-03
8.030000 1.127038e-03
8.040000 1.087306e-03
8.050000 9.251563e-04
8.060000 8.466730e-04
8.070000 8.997000e-04
8.080000 9.112349e-04
8.090000 1.018252e-03
8.100000 1.146615e-03
8.110000 1.141941e-03
8.120000 1.137918e-03
8.130000 1.077936e-03
8.140000 9.307671e-04
8.150000 8.224988e-04
8.160000 8.036343e-04
8.170000 7.969685e-04
8.180000 8.557219e-04
8.190000 9.665510e-04
8.200000 9.911347e-04
8.210000 9.735919e-04
8.220000 8.380791e-04
8.230000 7.344100e-04
8.240000 7.235247e-04
8.250000 7.204415e-04
8.260000 7.555832e-04
8.270000 8.080692e-04
8.280000 8.724515e-04
8.290000 8.919491e-04
8.300000 8.747418e-04
8.310000 8.369219e-04
8.320000 8.456343e-04
8.330000 8.607893e-04
8.340000 8.700277e-04
8.350000 8.358123e-04
8.360000 7.027280e-04
8.370000 6.653475e-04
8.380000 6.602018e-04
8.390000 6.437825e-04
8.400000 6.826935e-04
8.410000 8.001129e-04
8.420000 8.816807e-04
8.430000 8.552757e-04
8.440000 9.212906e-04
8.450000 8.920800e-04
8.460000 7.865768e-04
8.470000 8.069105e-04
8.480000 8.881723e-04
8.490000 1.068372e-03
8.500000 1.170651e-03
8.510000 1.162193e-03
8.520000 1.025202e-03
8.530000 9.392786e-04
8.540000 9.917518e-04
8.550000 9.995410e-04
8.560000 1.053295e-03
8.570000 1.208529e-03
8.580000 1.385295e-03
8.590000 1.411299e-03
8.600000 1.458481e-03
8.610000 1.479173e-03
8.620000 1.368265e-03
8.630000 1.305570e-03
8.640000 1.334289e-03
8.650000 1.372783e-03
8.660000 1.447524e-03
8.670000 1.630786e-03
8.680000 1.653171e-03
8.690000 1.714094e-03
8.700000 1.815235e-03
8.710000 1.623164e-03
8.720000 1.577980e-03
8.730000 1.647415e-03
8.740000 1.791661e-03
8.750000 1.816619e-03
8.760000 1.774818e-03
8.770000 1.824138e-03
8.780000 1.743772e-03
8.790000 1.770791e-03
8.800000 1.821260e-03
8.810000 1.776005e-03
8.820000 1.656734e-03
8.830000 1.575884e-03
8.840000 1.525258e-03
8.850000 1.587688e-03
8.860000 1.871672e-03
8.870000 2.017561e-03
8.880000 1.977801e-03
8.890000 1.972763e-03
8.900000 1.788120e-03
8.910000 1.431008e-03
8.920000 1.277257e-03
8.930000 1.274688e-03
8.940000 1.336589e-03
8.950000 1.428161e-03
8.960000 1.518796e-03
8.970000 1.545872e-03
8.980000 1.510195e-03
8.990000 1.445497e-03
9.000000 1.331498e-03
9.010000 1.281285e-03
9.020000 1.344674e-03
9.030000 1.466736e-03
9.040000 1.429945e-03
9.050000 1.379742e-03
9.060000 1.329255e-03
9.070000 1.134833e-03
9.080000 1.026550e-03
9.090000 1.002855e-03
9.100000 1.009217e-03
9.110000 1.072017e-03
9.120000 1.178855e-03
9.130000 1.225672e-03
9.140000 1.225494e-03
9.150000 1.166871e-03
9.160000 1.010041e-03
9.170000 9.668096e-04
9.180000 9.712143e-04
9.190000 9.815912e-04
9.200000 9.338852e-04
9.210000 8.631866e-04
9.220000 8.374714e-04
9.230000 8.949965e-04
9.240000 9.770790e-04
9.250000 9.551678e-04
9.260000 1.011030e-03
9.270000 9.773859e-04
9.280000 8.956816e-04
9.290000 7.526424e-04
9.300000 5.536123e-04
9.310000 5.361970e-04
9.320000 5.168231e-04
9.330000 6.922787e-04
9.340000 9.313181e-04
9.350000 9.756340e-04
9.360000 9.414933e-04
9.370000 8.216536e-04
9.380000 7.074745e-04
9.390000 6.277132e-04
9.400000 6.710349e-04
9.410000 6.569047e-04
9.420000 6.327994e-04
9.430000 6.933814e-04
9.440000 6.786832e-04
9.450000 5.559393e-04
9.460000 4.503590e-04
9.470000 4.456752e-04
9.480000 4.460829e-04
9.490000 4.910013e-04
9.500000 5.937951e-04
9.510000 7.331976e-04
9.520000 8.307707e-04
9.530000 8.318663e-04
9.540000 8.169756e-04
9.550000 6.162791e-04
9.560000 5.246805e-04
9.570000 5.177546e-04
9.580000 4.926464e-04
9.590000 5.755340e-04
9.600000 6.505732e-04
9.610000 6.690512e-04
9.620000 6.903630e-04
9.630000 8.746695e-04
9.640000 1.062475e-03
9.650000 1.087381e-03
9.660000 1.063265e-03
9.670000 9.367742e-04
9.680000 7.919593e-04
9.690000 7.179344e-04
9.700000 7.235699e-04
9.710000 8.024807e-04
9.720000 9.303819e-04
9.730000 1.033974e-03
9.740000 1.052025e-03
9.750000 1.032069e-03
9.760000 1.093284e-03
9.770000 1.122807e-03
9.780000 1.083842e-03
9.790000 1.174500e-03
9.800000 1.243896e-03
9.810000 1.234682e-03
9.820000 1.238451e-03
9.830000 1.191568e-03
9.840000 1.042861e-03
9.850000 9.723745e-04
9.860000 9.782433e-04
9.870000 1.010882e-03
9.880000 1.216446e-03
9.890000 1.345566e-03
9.900000 1.374256e-03
9.910000 1.375718e-03
9.920000 1.392233e-03
9.930000 1.300008e-03
9.940000 1.131745e-03
9.950000 1.115521e-03
9.960000 1.144180e-03
9.970000 1.207396e-03
9.980000 1.199842e-03
9.990000 1.195854e-03
10.000000 1.134998e-03
