0.000000 1.831095e-02
0.010000 1.813781e-02
0.020000 1.798582e-02
0.030000 1.801022e-02
0.040000 1.839276e-02
0.050000 1.895775e-02
0.060000 1.890533e-02
0.070000 1.878415e-02
0.080000 1.758382e-02
0.090000 1.623857e-02
0.100000 1.572226e-02
0.110000 1.567877e-02
0.120000 1.604444e-02
0.130000 1.634398e-02
0.140000 1.687783e-02
0.150000 1.708098e-02
0.160000 1.706948e-02
0.170000 1.709497e-02
0.180000 1.684950e-02
0.190000 1.670388e-02
0.200000 1.682659e-02
0.210000 1.689112e-02
0.220000 1.666801e-02
0.230000 1.672266e-02
0.240000 1.669517e-02
0.250000 1.655038e-02
0.260000 1.586376e-02
0.270000 1.549896e-02
0.280000 1.546889e-02
0.290000 1.503270e-02
0.300000 1.559618e-02
0.310000 1.575769e-02
0.320000 1.553041e-02
0.330000 1.573584e-02
0.340000 1.603906e-02
0.350000 1.688078e-02
0.360000 1.712560e-02
0.370000 1.719182e-02
0.380000 1.707353e-02
0.390000 1.671780e-02
0.400000 1.667902e-02
0.410000 1.657709e-02
0.420000 1.591522e-02
0.430000 1.527427e-02
0.440000 1.505737e-02
0.450000 1.506495e-02
0.460000 1.558842e-02
0.470000 1.604304e-02
0.480000 1.652277e-02
0.490000 1.668880e-02
0.500000 1.704031e-02
0.510000 1.771248e-02
0.520000 1.766764e-02
0.530000 1.766058e-02
0.540000 1.738465e-02
0.550000 1.708028e-02
0.560000 1.697106e-02
0.570000 1.660015e-02
0.580000 1.667904e-02
0.590000 1.662755e-02
0.600000 1.633910e-02
0.610000 1.632104e-02
0.620000 1.631572e-02
0.630000 1.648381e-02
0.640000 1.739805e-02
0.650000 1.778483e-02
0.660000 1.774955e-02
0.670000 1.757194e-02
0.680000 1.727667e-02
0.690000 1.760298e-02
0.700000 1.761559e-02
0.710000 1.798406e-02
0.720000 1.829657e-02
0.730000 1.819878e-02
0.740000 1.835862e-02
0.750000 1.823319e-02
0.760000 1.772232e-02
0.770000 1.685749e-02
0.780000 1.636464e-02
0.790000 1.642336e-02
0.800000 1.721851e-02
0.810000 1.841375e-02
0.820000 1.927955e-02
0.830000 1.940569e-02
0.840000 1.953751e-02
0.850000 1.956099e-02
0.860000 1.897996e-02
0.870000 1.881776e-02
0.880000 1.876583e-02
0.890000 1.917877e-02
0.900000 1.938045e-02
0.910000 1.904886e-02
0.920000 1.899414e-02
0.930000 1.827781e-02
0.940000 1.786492e-02
0.950000 1.764884e-02
0.960000 1.786627e-02
0.970000 1.893321e-02
0.980000 1.989848e-02
0.990000 2.043134e-02
1.000000 2.045636e-02
1.010000 2.012168e-02
1.020000 1.944333e-02
1.030000 1.897395e-02
1.040000 1.888482e-02
1.050000 1.904911e-02
1.060000 1.883127e-02
1.070000 1.845997e-02
1.080000 1.836455e-02
1.090000 1.867334e-02
1.100000 1.888338e-02
1.110000 1.815966e-02
1.120000 1.785983e-02
1.130000 1.786298e-02
1.140000 1.836326e-02
1.150000 1.908267e-02
1.160000 1.895857e-02
1.170000 1.886931e-02
1.180000 1.810823e-02
1.190000 1.768609e-02
1.200000 1.773528e-02
1.210000 1.772789e-02
1.220000 1.771224e-02
1.230000 1.749077e-02
1.240000 1.722675e-02
1.250000 1.707878e-02
1.260000 1.717822e-02
1.270000 1.689333e-02
1.280000 1.665615e-02
1.290000 1.651192e-02
1.300000 1.673081e-02
1.310000 1.680150e-02
1.320000 1.658912e-02
1.330000 1.691814e-02
1.340000 1.692800e-02
1.350000 1.711661e-02
1.360000 1.681242e-02
1.370000 1.662875e-02
1.380000 1.664073e-02
1.390000 1.614461e-02
1.400000 1.611427e-02
1.410000 1.555578e-02
1.420000 1.519677e-02
1.430000 1.545291e-02
1.440000 1.546476e-02
1.450000 1.558069e-02
1.460000 1.557232e-02
1.470000 1.577149e-02
1.480000 1.641059e-02
1.490000 1.692069e-02
1.500000 1.710053e-02
1.510000 1.687295e-02
1.520000 1.566302e-02
1.530000 1.471266e-02
1.540000 1.449074e-02
1.550000 1.449370e-02
1.560000 1.478928e-02
1.570000 1.476039e-02
1.580000 1.491373e-02
1.590000 1.500735e-02
1.600000 1.524223e-02
1.610000 1.557977e-02
1.620000 1.513843e-02
1.630000 1.487825e-02
1.640000 1.490311e-02
1.650000 1.484176e-02
1.660000 1.510872e-02
1.670000 1.537039e-02
1.680000 1.530797e-02
1.690000 1.482898e-02
1.700000 1.394749e-02
1.710000 1.388058e-02
1.720000 1.388980e-02
1.730000 1.397062e-02
1.740000 1.485245e-02
1.750000 1.467923e-02
1.760000 1.447281e-02
1.770000 1.431958e-02
1.780000 1.394869e-02
1.790000 1.403823e-02
1.800000 1.395274e-02
1.810000 1.430556e-02
1.820000 1.486949e-02
1.830000 1.548652e-02
1.840000 1.609580e-02
1.850000 1.579475e-02
1.860000 1.492123e-02
1.870000 1.451355e-02
1.880000 1.429943e-02
1.890000 1.430395e-02
1.900000 1.475789e-02
1.910000 1.498066e-02
1.920000 1.519335e-02
1.930000 1.520374e-02
1.940000 1.591671e-02
1.950000 1.631970e-02
1.960000 1.603921e-02
1.970000 1.611562e-02
1.980000 1.590686e-02
1.990000 1.649796e-02
2.000000 1.713566e-02
2.010000 1.699729e-02
2.020000 1.693386e-02
2.030000 1.649424e-02
2.040000 1.621920e-02
2.050000 1.608200e-02
2.060000 1.613452e-02
2.070000 1.662874e-02
2.080000 1.698873e-02
2.090000 1.673156e-02
2.100000 1.666354e-02
2.110000 1.659841e-02
2.120000 1.665761e-02
2.130000 1.692160e-02
2.140000 1.686310e-02
2.150000 1.728474e-02
2.160000 1.746037e-02
2.170000 1.763819e-02
2.180000 1.785693e-02
2.190000 1.782510e-02
2.200000 1.723952e-02
2.210000 1.605598e-02
2.220000 1.577175e-02
2.230000 1.575182e-02
2.240000 1.604844e-02
2.250000 1.640506e-02
2.260000 1.613549e-02
2.270000 1.612174e-02
2.280000 1.631983e-02
2.290000 1.644794e-02
2.300000 1.636078e-02
2.310000 1.633044e-02
2.320000 1.651219e-02
2.330000 1.722368e-02
2.340000 1.755955e-02
2.350000 1.755977e-02
2.360000 1.705636e-02
2.370000 1.575952e-02
2.380000 1.517785e-02
2.390000 1.486043e-02
2.400000 1.521104e-02
2.410000 1.589345e-02
2.420000 1.605535e-02
2.430000 1.627031e-02
2.440000 1.632269e-02
2.450000 1.670275e-02
2.460000 1.654862e-02
2.470000 1.621240e-02
2.480000 1.619702e-02
2.490000 1.609400e-02
2.500000 1.647417e-02
2.510000 1.670019e-02
2.520000 1.662513e-02
2.530000 1.661265e-02
2.540000 1.572682e-02
2.550000 1.468048e-02
2.560000 1.435096e-02
2.570000 1.466546e-02
2.580000 1.558147e-02
2.590000 1.593493e-02
2.600000 1.573511e-02
2.610000 1.553132e-02
2.620000 1.452953e-02
2.630000 1.403995e-02
2.640000 1.405115e-02
2.650000 1.408621e-02
2.660000 1.449864e-02
2.670000 1.468097e-02
2.680000 1.471525e-02
2.690000 1.474158e-02
2.700000 1.453273e-02
2.710000 1.397190e-02
2.720000 1.313629e-02
2.730000 1.279458e-02
2.740000 1.279117e-02
2.750000 1.224859e-02
2.760000 1.224004e-02
2.770000 1.249761e-02
2.780000 1.262000e-02
2.790000 1.291855e-02
2.800000 1.273838e-02
2.810000 1.308734e-02
2.820000 1.307667e-02
2.830000 1.303742e-02
2.840000 1.343176e-02
2.850000 1.286918e-02
2.860000 1.268227e-02
2.870000 1.227275e-02
2.880000 1.148443e-02
2.890000 1.118319e-02
2.900000 1.107944e-02
2.910000 1.142176e-02
2.920000 1.234315e-02
2.930000 1.313345e-02
2.940000 1.345065e-02
2.950000 1.323155e-02
2.960000 1.277513e-02
2.970000 1.296783e-02
2.980000 1.302853e-02
2.990000 1.306026e-02
3.000000 1.305874e-02
3.010000 1.260130e-02
3.020000 1.268160e-02
3.030000 1.272286e-02
3.040000 1.317333e-02
3.050000 1.318248e-02
3.060000 1.265663e-02
3.070000 1.260797e-02
3.080000 1.258535e-02
3.090000 1.312623e-02
3.100000 1.364250e-02
3.110000 1.362118e-02
3.120000 1.363830e-02
3.130000 1.327373e-02
3.140000 1.281285e-02
3.150000 1.289563e-02
3.160000 1.288588e-02
3.170000 1.329187e-02
3.180000 1.388942e-02
3.190000 1.354823e-02
3.200000 1.345728e-02
3.210000 1.289425e-02
3.220000 1.214441e-02
3.230000 1.178418e-02
3.240000 1.159206e-02
3.250000 1.218368e-02
3.260000 1.276478e-02
3.270000 1.347438e-02
3.280000 1.394842e-02
3.290000 1.370842e-02
3.300000 1.338835e-02
3.310000 1.306367e-02
3.320000 1.301470e-02
3.330000 1.302599e-02
3.340000 1.319030e-02
3.350000 1.338401e-02
3.360000 1.327648e-02
3.370000 1.327432e-02
3.380000 1.339935e-02
3.390000 1.264619e-02
3.400000 1.209902e-02
3.410000 1.207851e-02
3.420000 1.248812e-02
3.430000 1.421487e-02
3.440000 1.532451e-02
3.450000 1.545767e-02
3.460000 1.503498e-02
3.470000 1.414973e-02
3.480000 1.383016e-02
3.490000 1.359517e-02
3.500000 1.385089e-02
3.510000 1.434384e-02
3.520000 1.410264e-02
3.530000 1.396198e-02
3.540000 1.395767e-02
3.550000 1.401409e-02
3.560000 1.388025e-02
3.570000 1.343595e-02
3.580000 1.338269e-02
3.590000 1.393562e-02
3.600000 1.516416e-02
3.610000 1.610030e-02
3.620000 1.617228e-02
3.630000 1.611472e-02
3.640000 1.477588e-02
3.650000 1.360447e-02
3.660000 1.351054e-02
3.670000 1.354319e-02
3.680000 1.388559e-02
3.690000 1.373221e-02
3.700000 1.331541e-02
3.710000 1.330181e-02
3.720000 1.311743e-02
3.730000 1.291582e-02
3.740000 1.268091e-02
3.750000 1.273242e-02
3.760000 1.346674e-02
3.770000 1.422201e-02
3.780000 1.433211e-02
3.790000 1.432173e-02
3.800000 1.356979e-02
3.810000 1.267003e-02
3.820000 1.234071e-02
3.830000 1.219657e-02
3.840000 1.218139e-02
3.850000 1.167397e-02
3.860000 1.152234e-02
3.870000 1.151750e-02
3.880000 1.182015e-02
3.890000 1.235901e-02
3.900000 1.202796e-02
3.910000 1.207622e-02
3.920000 1.203659e-02
3.930000 1.233693e-02
3.940000 1.318398e-02
3.950000 1.340098e-02
3.960000 1.338162e-02
3.970000 1.279450e-02
3.980000 1.177148e-02
3.990000 1.120011e-02
4.000000 1.106788e-02
4.010000 1.143383e-02
4.020000 1.228745e-02
4.030000 1.242079e-02
4.040000 1.225998e-02
4.050000 1.204909e-02
4.060000 1.145420e-02
4.070000 1.149371e-02
4.080000 1.148464e-02
4.090000 1.163729e-02
4.100000 1.212266e-02
4.110000 1.240836e-02
4.120000 1.280702e-02
4.130000 1.285259e-02
4.140000 1.282139e-02
4.150000 1.217021e-02
4.160000 1.117814e-02
4.170000 1.102022e-02
4.180000 1.081406e-02
4.190000 1.063158e-02
4.200000 1.085669e-02
4.210000 1.083059e-02
4.220000 1.106737e-02
4.230000 1.092140e-02
4.240000 1.052455e-02
4.250000 1.065131e-02
4.260000 1.066900e-02
4.270000 1.145658e-02
4.280000 1.227820e-02
4.290000 1.213549e-02
4.300000 1.199967e-02
4.310000 1.071574e-02
4.320000 9.239475e-03
4.330000 8.731919e-03
4.340000 8.670779e-03
4.350000 9.099384e-03
4.360000 9.727414e-03
4.370000 1.023484e-02
4.380000 1.045165e-02
4.390000 1.038340e-02
4.400000 1.071590e-02
4.410000 1.088947e-02
4.420000 1.073711e-02
4.430000 1.075613e-02
4.440000 1.067535e-02
4.450000 1.097345e-02
4.460000 1.138863e-02
4.470000 1.141692e-02
4.480000 1.118453e-02
4.490000 1.032595e-02
4.500000 1.003292e-02
4.510000 1.006074e-02
4.520000 1.048533e-02
4.530000 1.185179e-02
4.540000 1.232019e-02
4.550000 1.217678e-02
4.560000 1.222188e-02
4.570000 1.187581e-02
4.580000 1.160959e-02
4.590000 1.161681e-02
4.600000 1.175150e-02
4.610000 1.244814e-02
4.620000 1.294251e-02
4.630000 1.307408e-02
4.640000 1.297239e-02
4.650000 1.240137e-02
4.660000 1.168164e-02
4.670000 1.083239e-02
4.680000 1.077690e-02
4.690000 1.139646e-02
4.700000 1.211527e-02
4.710000 1.264801e-02
4.720000 1.268870e-02
4.730000 1.278665e-02
4.740000 1.216616e-02
4.750000 1.175045e-02
4.760000 1.186583e-02
4.770000 1.184849e-02
4.780000 1.224565e-02
4.790000 1.248047e-02
4.800000 1.238651e-02
4.810000 1.236686e-02
4.820000 1.173008e-02
4.830000 1.046593e-02
4.840000 9.853048e-03
4.850000 9.891446e-03
4.860000 1.066804e-02
4.870000 1.197809e-02
4.880000 1.233058e-02
4.890000 1.231408e-02
4.900000 1.170841e-02
4.910000 1.128420e-02
4.920000 1.145647e-02
4.930000 1.140480e-02
4.940000 1.158890e-02
4.950000 1.138929e-02
4.960000 1.129725e-02
4.970000 1.144349e-02
4.980000 1.149418e-02
4.990000 1.136074e-02
5.000000 1.042067e-02
5.010000 1.004437e-02
5.020000 1.009342e-02
5.030000 1.100416e-02
5.040000 1.269074e-02
5.050000 1.322721e-02
5.060000 1.322993e-02
5.070000 1.290689e-02
5.080000 1.177147e-02
5.090000 1.121942e-02
5.100000 1.117521e-02
5.110000 1.134906e-02
5.120000 1.186470e-02
5.130000 1.192857e-02
5.140000 1.183168e-02
5.150000 1.160678e-02
5.160000 1.094865e-02
5.170000 1.049130e-02
5.180000 1.019756e-02
5.190000 1.056094e-02
5.200000 1.164530e-02
5.210000 1.199941e-02
5.220000 1.208849e-02
5.230000 1.200844e-02
5.240000 1.167543e-02
5.250000 1.121335e-02
5.260000 1.066507e-02
5.270000 1.058925e-02
5.280000 1.008787e-02
5.290000 9.927637e-03
5.300000 1.028007e-02
5.310000 1.021962e-02
5.320000 1.054001e-02
5.330000 1.002069e-02
5.340000 9.220997e-03
5.350000 9.115050e-03
5.360000 9.276793e-03
5.370000 1.017429e-02
5.380000 1.108820e-02
5.390000 1.134956e-02
5.400000 1.117145e-02
5.410000 1.017752e-02
5.420000 9.276414e-03
5.430000 9.152714e-03
5.440000 9.179467e-03
5.450000 9.592169e-03
5.460000 1.020321e-02
5.470000 1.010953e-02
5.480000 1.004829e-02
5.490000 9.875118e-03
5.500000 9.768793e-03
5.510000 9.628461e-03
5.520000 9.389740e-03
5.530000 9.554133e-03
5.540000 9.848607e-03
5.550000 1.074530e-02
5.560000 1.135667e-02
5.570000 1.139345e-02
5.580000 1.138140e-02
5.590000 1.072329e-02
5.600000 1.035893e-02
5.610000 1.034589e-02
5.620000 1.041959e-02
5.630000 1.069608e-02
5.640000 1.064790e-02
5.650000 1.055194e-02
5.660000 1.071849e-02
5.670000 1.018182e-02
5.680000 9.647666e-03
5.690000 9.592849e-03
5.700000 9.923273e-03
5.710000 1.140861e-02
5.720000 1.242070e-02
5.730000 1.250530e-02
5.740000 1.216852e-02
5.750000 1.087331e-02
5.760000 9.857875e-03
5.770000 9.402844e-03
5.780000 9.453216e-03
5.790000 9.568609e-03
5.800000 9.597478e-03
5.810000 9.826833e-03
5.820000 9.871382e-03
5.830000 1.016764e-02
5.840000 1.005990e-02
5.850000 9.532008e-03
5.860000 9.447456e-03
5.870000 9.564268e-03
5.880000 1.016387e-02
5.890000 1.101134e-02
5.900000 1.132314e-02
5.910000 1.109736e-02
5.920000 1.001573e-02
5.930000 8.876535e-03
5.940000 8.653288e-03
5.950000 8.674384e-03
5.960000 9.343791e-03
5.970000 1.052028e-02
5.980000 1.048987e-02
5.990000 1.044340e-02
6.000000 1.015352e-02
6.010000 9.628167e-03
6.020000 9.561892e-03
6.030000 9.542539e-03
6.040000 9.957207e-03
6.050000 1.052882e-02
6.060000 1.136762e-02
6.070000 1.192600e-02
6.080000 1.172195e-02
6.090000 1.138294e-02
6.100000 1.022422e-02
6.110000 9.478892e-03
6.120000 9.598844e-03
6.130000 1.039715e-02
6.140000 1.152716e-02
6.150000 1.163024e-02
6.160000 1.168338e-02
6.170000 1.144365e-02
6.180000 1.050421e-02
6.190000 1.033267e-02
6.200000 1.035783e-02
6.210000 1.069364e-02
6.220000 1.172409e-02
6.230000 1.241480e-02
6.240000 1.248233e-02
6.250000 1.230972e-02
6.260000 1.132366e-02
6.270000 1.010768e-02
6.280000 9.732502e-03
6.290000 9.996389e-03
6.300000 1.064150e-02
6.310000 1.067084e-02
6.320000 1.054820e-02
6.330000 1.045708e-02
6.340000 1.029867e-02
6.350000 1.047607e-02
6.360000 1.041351e-02
6.370000 1.038979e-02
6.380000 1.027807e-02
6.390000 1.062345e-02
6.400000 1.121133e-02
6.410000 1.127923e-02
6.420000 1.118760e-02
6.430000 9.939603e-03
6.440000 8.775174e-03
6.450000 8.650269e-03
6.460000 8.791279e-03
6.470000 9.666665e-03
6.480000 1.059808e-02
6.490000 1.078435e-02
6.500000 1.080521e-02
6.510000 1.061744e-02
6.520000 1.016479e-02
6.530000 1.003779e-02
6.540000 1.004482e-02
6.550000 1.041388e-02
6.560000 1.115190e-02
6.570000 1.125110e-02
6.580000 1.123191e-02
6.590000 1.069722e-02
6.600000 1.004563e-02
6.610000 9.733125e-03
6.620000 9.491066e-03
6.630000 1.000609e-02
6.640000 1.065405e-02
6.650000 1.108341e-02
6.660000 1.128349e-02
6.670000 1.139528e-02
6.680000 1.169292e-02
6.690000 1.108995e-02
6.700000 1.071658e-02
6.710000 1.061892e-02
6.720000 1.049987e-02
6.730000 1.112246e-02
6.740000 1.146382e-02
6.750000 1.147398e-02
6.760000 1.132378e-02
6.770000 1.005305e-02
6.780000 9.002828e-03
6.790000 8.852252e-03
6.800000 9.321324e-03
6.810000 1.047546e-02
6.820000 1.116251e-02
6.830000 1.119076e-02
6.840000 1.082560e-02
6.850000 9.734306e-03
6.860000 9.259103e-03
6.870000 9.327728e-03
6.880000 9.415380e-03
6.890000 9.783368e-03
6.900000 9.905152e-03
6.910000 1.004694e-02
6.920000 1.003417e-02
6.930000 9.856731e-03
6.940000 9.148653e-03
6.950000 8.136987e-03
6.960000 8.012441e-03
6.970000 8.103613e-03
6.980000 8.965714e-03
6.990000 1.027847e-02
7.000000 1.062239e-02
7.010000 1.055929e-02
7.020000 1.015300e-02
7.030000 9.725921e-03
7.040000 9.652509e-03
7.050000 9.693911e-03
7.060000 1.007865e-02
7.070000 1.061056e-02
7.080000 1.053995e-02
7.090000 1.053101e-02
7.100000 1.004598e-02
7.110000 9.020428e-03
7.120000 8.635654e-03
7.130000 8.639253e-03
7.140000 9.472289e-03
7.150000 1.105554e-02
7.160000 1.202458e-02
7.170000 1.223078e-02
7.180000 1.199990e-02
7.190000 1.168870e-02
7.200000 1.084888e-02
7.210000 1.034699e-02
7.220000 1.039458e-02
7.230000 1.036863e-02
7.240000 1.080780e-02
7.250000 1.096767e-02
7.260000 1.104256e-02
7.270000 1.084565e-02
7.280000 9.913865e-03
7.290000 9.472109e-03
7.300000 9.513617e-03
7.310000 1.017500e-02
7.320000 1.126177e-02
7.330000 1.193431e-02
7.340000 1.199722e-02
7.350000 1.177732e-02
7.360000 1.070432e-02
7.370000 9.785862e-03
7.380000 9.730305e-03
7.390000 9.589041e-03
7.400000 9.926837e-03
7.410000 1.006609e-02
7.420000 9.778624e-03
7.430000 9.745523e-03
7.440000 9.352156e-03
7.450000 9.248157e-03
7.460000 9.091022e-03
7.470000 9.184037e-03
7.480000 9.470478e-03
7.490000 1.003432e-02
7.500000 1.107950e-02
7.510000 1.127385e-02
7.520000 1.113462e-02
7.530000 1.028711e-02
7.540000 9.260473e-03
7.550000 9.146213e-03
7.560000 9.269691e-03
7.570000 1.011615e-02
7.580000 1.069410e-02
7.590000 1.062059e-02
7.600000 1.067541e-02
7.610000 1.025815e-02
7.620000 9.597711e-03
7.630000 9.361923e-03
7.640000 9.401727e-03
7.650000 1.007287e-02
7.660000 1.169286e-02
7.670000 1.242537e-02
7.680000 1.243483e-02
7.690000 1.193237e-02
7.700000 1.088542e-02
7.710000 1.033864e-02
7.720000 1.020266e-02
7.730000 1.076777e-02
7.740000 1.084844e-02
7.750000 1.059808e-02
7.760000 1.069883e-02
7.770000 1.071182e-02
7.780000 1.098466e-02
7.790000 1.038688e-02
7.800000 9.935637e-03
7.810000 9.961516e-03
7.820000 1.064413e-02
7.830000 1.224817e-02
7.840000 1.290924e-02
7.850000 1.289700e-02
7.860000 1.210723e-02
7.870000 1.024208e-02
7.880000 9.221998e-03
7.890000 9.145512e-03
7.900000 9.278867e-03
7.910000 9.775459e-03
7.920000 1.029968e-02
7.930000 1.033672e-02
7.940000 1.040782e-02
7.950000 1.009911e-02
7.960000 9.752338e-03
7.970000 9.739276e-03
7.980000 9.936082e-03
7.990000 1.073599e-02
8.000000 1.115715e-02
8.010000 1.135171e-02
8.020000 1.116090e-02
8.030000 1.040131e-02
8.040000 9.729107e-03
8.050000 9.107434e-03
8.060000 9.044841e-03
8.070000 9.232362e-03
8.080000 1.000683e-02
8.090000 1.082013e-02
8.100000 1.089399e-02
8.110000 1.130057e-02
8.120000 1.139313e-02
8.130000 1.085251e-02
8.140000 1.072034e-02
8.150000 1.073406e-02
8.160000 1.102417e-02
8.170000 1.174834e-02
8.180000 1.208112e-02
8.190000 1.207077e-02
8.200000 1.160322e-02
8.210000 1.044591e-02
8.220000 9.857676e-03
8.230000 9.879395e-03
8.240000 1.055981e-02
8.250000 1.161944e-02
8.260000 1.158803e-02
8.270000 1.152108e-02
8.280000 1.132480e-02
8.290000 1.097414e-02
8.300000 1.077735e-02
8.310000 1.065905e-02
8.320000 1.079195e-02
8.330000 1.082674e-02
8.340000 1.135638e-02
8.350000 1.173772e-02
8.360000 1.165339e-02
8.370000 1.113949e-02
8.380000 9.621134e-03
8.390000 8.819843e-03
8.400000 8.871832e-03
8.410000 9.208306e-03
8.420000 1.000830e-02
8.430000 1.057063e-02
8.440000 1.061367e-02
8.450000 1.061203e-02
8.460000 1.014114e-02
8.470000 9.741177e-03
8.480000 9.724461e-03
8.490000 9.602745e-03
8.500000 1.020175e-02
8.510000 1.072472e-02
8.520000 1.065703e-02
8.530000 1.035850e-02
8.540000 9.121937e-03
8.550000 8.355128e-03
8.560000 8.125492e-03
8.570000 8.339862e-03
8.580000 9.172220e-03
8.590000 1.014614e-02
8.600000 1.109630e-02
8.610000 1.118398e-02
8.620000 1.131619e-02
8.630000 1.095115e-02
8.640000 9.895812e-03
8.650000 9.728489e-03
8.660000 9.793024e-03
8.670000 1.056628e-02
8.680000 1.151314e-02
8.690000 1.173918e-02
8.700000 1.153829e-02
8.710000 1.069221e-02
8.720000 9.770512e-03
8.730000 9.347921e-03
8.740000 9.580577e-03
8.750000 1.059360e-02
8.760000 1.200984e-02
8.770000 1.240194e-02
8.780000 1.246945e-02
8.790000 1.230427e-02
8.800000 1.129027e-02
8.810000 1.095464e-02
8.820000 1.096731e-02
8.830000 1.102986e-02
8.840000 1.105488e-02
8.850000 1.096797e-02
8.860000 1.101076e-02
8.870000 1.083484e-02
8.880000 1.073224e-02
8.890000 1.013749e-02
8.900000 9.610592e-03
8.910000 9.877116e-03
8.920000 1.044562e-02
8.930000 1.157259e-02
8.940000 1.216403e-02
8.950000 1.213514e-02
8.960000 1.167386e-02
8.970000 1.060169e-02
8.980000 1.028642e-02
8.990000 1.028194e-02
9.000000 1.029012e-02
9.010000 1.065123e-02
9.020000 1.100250e-02
9.030000 1.101105e-02
9.040000 1.123253e-02
9.050000 1.091320e-02
9.060000 1.017497e-02
9.070000 1.003641e-02
9.080000 1.012873e-02
9.090000 1.105603e-02
9.100000 1.201515e-02
9.110000 1.216042e-02
9.120000 1.202890e-02
9.130000 1.153554e-02
9.140000 1.153237e-02
9.150000 1.145997e-02
9.160000 1.150253e-02
9.170000 1.169598e-02
9.180000 1.163818e-02
9.190000 1.192948e-02
9.200000 1.200118e-02
9.210000 1.234302e-02
9.220000 1.204759e-02
9.230000 1.094603e-02
9.240000 1.071613e-02
9.250000 1.102028e-02
9.260000 1.217859e-02
9.270000 1.342809e-02
9.280000 1.376856e-02
9.290000 1.373350e-02
9.300000 1.317880e-02
9.310000 1.191292e-02
9.320000 1.130205e-02
9.330000 1.127248e-02
9.340000 1.129807e-02
9.350000 1.183443e-02
9.360000 1.183761e-02
9.370000 1.182650e-02
9.380000 1.153726e-02
9.390000 1.074699e-02
9.400000 1.036166e-02
9.410000 1.030493e-02
9.420000 1.106210e-02
9.430000 1.174865e-02
9.440000 1.232057e-02
9.450000 1.270495e-02
9.460000 1.219352e-02
9.470000 1.134099e-02
9.480000 1.002603e-02
9.490000 9.376044e-03
9.500000 9.379271e-03
9.510000 9.686458e-03
9.520000 1.078115e-02
9.530000 1.135421e-02
9.540000 1.140814e-02
9.550000 1.148711e-02
9.560000 1.078059e-02
9.570000 1.004324e-02
9.580000 9.971061e-03
9.590000 1.010058e-02
9.600000 1.087190e-02
9.610000 1.195109e-02
9.620000 1.220469e-02
9.630000 1.191279e-02
9.640000 1.096526e-02
9.650000 1.025210e-02
9.660000 1.017058e-02
9.670000 1.039217e-02
9.680000 1.131792e-02
9.690000 1.170990e-02
9.700000 1.165376e-02
9.710000 1.162005e-02
9.720000 1.152724e-02
9.730000 1.125967e-02
9.740000 1.050585e-02
9.750000 1.044586e-02
9.760000 1.054421e-02
9.770000 1.142557e-02
9.780000 1.277801e-02
9.790000 1.308293e-02
9.800000 1.290260e-02
9.810000 1.215616e-02
9.820000 1.105598e-02
9.830000 1.066175e-02
9.840000 1.083473e-02
9.850000 1.090173e-02
9.860000 1.094722e-02
9.870000 1.089060e-02
9.880000 1.110913e-02
9.890000 1.145591e-02
9.900000 1.102536e-02
9.910000 1.105288e-02
9.920000 1.098239e-02
9.930000 1.093040e-02
9.940000 1.160964e-02
9.950000 1.162341e-02
9.960000 1.156475e-02
9.970000 1.104105e-02
9.980000 1.045344e-02
9.990000 1.009247e-02
10.000000 9.768878e-03
