0.000000 7.420899e-02
0.010000 7.397875e-02
0.020000 7.428608e-02
0.030000 7.361091e-02
0.040000 7.286640e-02
0.050000 7.306158e-02
0.060000 7.164250e-02
0.070000 7.192166e-02
0.080000 7.236102e-02
0.090000 7.194122e-02
0.100000 7.314498e-02
0.110000 7.341805e-02
0.120000 7.242142e-02
0.130000 7.244618e-02
0.140000 7.212592e-02
0.150000 7.152007e-02
0.160000 7.272662e-02
0.170000 7.300450e-02
0.180000 7.269194e-02
0.190000 7.289015e-02
0.200000 7.267519e-02
0.210000 7.239028e-02
0.220000 7.226440e-02
0.230000 7.148895e-02
0.240000 7.189193e-02
0.250000 7.313577e-02
0.260000 7.365723e-02
0.270000 7.443572e-02
0.280000 7.444062e-02
0.290000 7.273282e-02
0.300000 7.244860e-02
0.310000 7.147402e-02
0.320000 7.063850e-02
0.330000 7.254161e-02
0.340000 7.316562e-02
0.350000 7.360771e-02
0.360000 7.442031e-02
0.370000 7.390052e-02
0.380000 7.391933e-02
0.390000 7.299071e-02
0.400000 7.098600e-02
0.410000 7.162355e-02
0.420000 7.169026e-02
0.430000 7.121967e-02
0.440000 7.186989e-02
0.450000 7.177471e-02
0.460000 7.048052e-02
0.470000 6.933771e-02
0.480000 6.875917e-02
0.490000 6.861652e-02
0.500000 6.922385e-02
0.510000 6.992086e-02
0.520000 7.018524e-02
0.530000 7.040021e-02
0.540000 6.987763e-02
0.550000 6.918522e-02
0.560000 6.830438e-02
0.570000 6.700700e-02
0.580000 6.808839e-02
0.590000 6.910532e-02
0.600000 6.817174e-02
0.610000 6.915703e-02
0.620000 6.860591e-02
0.630000 6.569800e-02
0.640000 6.530473e-02
0.650000 6.472529e-02
0.660000 6.433543e-02
0.670000 6.540670e-02
0.680000 6.667775e-02
0.690000 6.895435e-02
0.700000 6.972947e-02
0.710000 6.968581e-02
0.720000 6.996150e-02
0.730000 6.910995e-02
0.740000 6.804639e-02
0.750000 6.846897e-02
0.760000 6.848845e-02
0.770000 6.815890e-02
0.780000 6.869430e-02
0.790000 6.852956e-02
0.800000 6.770592e-02
0.810000 6.814186e-02
0.820000 6.887191e-02
0.830000 6.889786e-02
0.840000 7.057805e-02
0.850000 7.183279e-02
0.860000 7.213695e-02
0.870000 7.252787e-02
0.880000 7.146332e-02
0.890000 7.124297e-02
0.900000 7.081713e-02
0.910000 6.919594e-02
0.920000 7.043783e-02
0.930000 7.133436e-02
0.940000 7.123297e-02
0.950000 7.207335e-02
0.960000 7.168352e-02
0.970000 7.045522e-02
0.980000 7.019480e-02
0.990000 6.933623e-02
1.000000 6.921588e-02
1.010000 6.993297e-02
1.020000 7.000590e-02
1.030000 7.117358e-02
1.040000 7.166163e-02
1.050000 7.101808e-02
1.060000 7.077196e-02
1.070000 7.059065e-02
1.080000 6.974321e-02
1.090000 7.084986e-02
1.100000 7.182039e-02
1.110000 7.117898e-02
1.120000 7.150118e-02
1.130000 7.095047e-02
1.140000 6.993996e-02
1.150000 7.037937e-02
1.160000 6.990327e-02
1.170000 6.994892e-02
1.180000 7.134539e-02
1.190000 7.195898e-02
1.200000 7.331431e-02
1.210000 7.391031e-02
1.220000 7.284701e-02
1.230000 7.261387e-02
1.240000 7.170040e-02
1.250000 7.030953e-02
1.260000 7.155462e-02
1.270000 7.238770e-02
1.280000 7.311817e-02
1.290000 7.379972e-02
1.300000 7.352704e-02
1.310000 7.337414e-02
1.320000 7.380578e-02
1.330000 7.280856e-02
1.340000 7.305253e-02
1.350000 7.475921e-02
1.360000 7.476344e-02
1.370000 7.508534e-02
1.380000 7.530905e-02
1.390000 7.348884e-02
1.400000 7.204712e-02
1.410000 7.082713e-02
1.420000 6.972451e-02
1.430000 7.175253e-02
1.440000 7.304363e-02
1.450000 7.364138e-02
1.460000 7.468346e-02
1.470000 7.410739e-02
1.480000 7.392160e-02
1.490000 7.301767e-02
1.500000 7.065625e-02
1.510000 7.088155e-02
1.520000 7.047307e-02
1.530000 6.956243e-02
1.540000 7.035615e-02
1.550000 7.047013e-02
1.560000 6.910387e-02
1.570000 6.866822e-02
1.580000 6.863181e-02
1.590000 6.834811e-02
1.600000 6.943416e-02
1.610000 7.052968e-02
1.620000 7.064419e-02
1.630000 7.075739e-02
1.640000 7.035856e-02
1.650000 6.938186e-02
1.660000 6.914541e-02
1.670000 6.838675e-02
1.680000 6.892651e-02
1.690000 6.979786e-02
1.700000 6.927235e-02
1.710000 7.059256e-02
1.720000 7.070742e-02
1.730000 6.907771e-02
1.740000 6.955427e-02
1.750000 6.860910e-02
1.760000 6.773390e-02
1.770000 6.922438e-02
1.780000 7.037748e-02
1.790000 7.163572e-02
1.800000 7.232711e-02
1.810000 7.222180e-02
1.820000 7.259804e-02
1.830000 7.210208e-02
1.840000 7.093785e-02
1.850000 7.119624e-02
1.860000 7.091690e-02
1.870000 7.027429e-02
1.880000 7.032666e-02
1.890000 7.023493e-02
1.900000 6.920607e-02
1.910000 6.911728e-02
1.920000 6.941127e-02
1.930000 6.926139e-02
1.940000 7.084311e-02
1.950000 7.205872e-02
1.960000 7.210388e-02
1.970000 7.252834e-02
1.980000 7.146729e-02
1.990000 7.035088e-02
2.000000 6.941477e-02
2.010000 6.776455e-02
2.020000 6.886714e-02
2.030000 6.964401e-02
2.040000 6.899008e-02
2.050000 7.039120e-02
2.060000 7.007185e-02
2.070000 6.817887e-02
2.080000 6.791123e-02
2.090000 6.695801e-02
2.100000 6.656188e-02
2.110000 6.773985e-02
2.120000 6.927206e-02
2.130000 7.079157e-02
2.140000 7.126886e-02
2.150000 7.060276e-02
2.160000 6.996243e-02
2.170000 6.937750e-02
2.180000 6.842261e-02
2.190000 6.914058e-02
2.200000 7.013451e-02
2.210000 7.018711e-02
2.220000 7.092880e-02
2.230000 7.066129e-02
2.240000 6.968230e-02
2.250000 7.038467e-02
2.260000 7.025477e-02
2.270000 7.006708e-02
2.280000 7.236376e-02
2.290000 7.295131e-02
2.300000 7.373106e-02
2.310000 7.448552e-02
2.320000 7.307504e-02
2.330000 7.225836e-02
2.340000 7.116008e-02
2.350000 6.955746e-02
2.360000 7.069324e-02
2.370000 7.221890e-02
2.380000 7.272943e-02
2.390000 7.308352e-02
2.400000 7.283375e-02
2.410000 7.244534e-02
2.420000 7.275442e-02
2.430000 7.173694e-02
2.440000 7.170594e-02
2.450000 7.260070e-02
2.460000 7.172959e-02
2.470000 7.186855e-02
2.480000 7.225404e-02
2.490000 7.055297e-02
2.500000 6.960851e-02
2.510000 6.956027e-02
2.520000 6.847503e-02
2.530000 7.015857e-02
2.540000 7.135574e-02
2.550000 7.121122e-02
2.560000 7.206142e-02
2.570000 7.155449e-02
2.580000 7.112385e-02
2.590000 7.101044e-02
2.600000 6.971214e-02
2.610000 6.970659e-02
2.620000 6.979267e-02
2.630000 6.925182e-02
2.640000 7.006526e-02
2.650000 7.044248e-02
2.660000 6.965659e-02
2.670000 7.003570e-02
2.680000 7.013392e-02
2.690000 6.944977e-02
2.700000 7.055327e-02
2.710000 7.158596e-02
2.720000 7.172998e-02
2.730000 7.184800e-02
2.740000 7.148670e-02
2.750000 7.108141e-02
2.760000 7.207334e-02
2.770000 7.156463e-02
2.780000 7.193747e-02
2.790000 7.349523e-02
2.800000 7.288178e-02
2.810000 7.351854e-02
2.820000 7.383550e-02
2.830000 7.211967e-02
2.840000 7.164458e-02
2.850000 7.020800e-02
2.860000 6.887765e-02
2.870000 7.089907e-02
2.880000 7.239206e-02
2.890000 7.376555e-02
2.900000 7.475868e-02
2.910000 7.441849e-02
2.920000 7.400472e-02
2.930000 7.270542e-02
2.940000 7.105405e-02
2.950000 7.123365e-02
2.960000 7.109366e-02
2.970000 7.027982e-02
2.980000 7.033294e-02
2.990000 7.029717e-02
3.000000 6.887203e-02
3.010000 6.847542e-02
3.020000 6.832260e-02
3.030000 6.793507e-02
3.040000 6.998642e-02
3.050000 7.206054e-02
3.060000 7.215715e-02
3.070000 7.255774e-02
3.080000 7.119715e-02
3.090000 6.882167e-02
3.100000 6.800906e-02
3.110000 6.662193e-02
3.120000 6.737542e-02
3.130000 6.811411e-02
3.140000 6.825147e-02
3.150000 7.041879e-02
3.160000 7.051252e-02
3.170000 6.926955e-02
3.180000 6.938360e-02
3.190000 6.812989e-02
3.200000 6.742140e-02
3.210000 6.922087e-02
3.220000 7.082391e-02
3.230000 7.129693e-02
3.240000 7.166191e-02
3.250000 7.091893e-02
3.260000 7.021344e-02
3.270000 7.012289e-02
3.280000 6.963750e-02
3.290000 7.012437e-02
3.300000 7.113725e-02
3.310000 7.080607e-02
3.320000 7.057182e-02
3.330000 7.039082e-02
3.340000 6.935403e-02
3.350000 7.013537e-02
3.360000 7.015018e-02
3.370000 6.979121e-02
3.380000 7.174763e-02
3.390000 7.181052e-02
3.400000 7.187125e-02
3.410000 7.253441e-02
3.420000 7.124212e-02
3.430000 7.020754e-02
3.440000 6.960512e-02
3.450000 6.845414e-02
3.460000 6.938072e-02
3.470000 7.025994e-02
3.480000 6.930301e-02
3.490000 6.936868e-02
3.500000 6.907789e-02
3.510000 6.823645e-02
3.520000 6.888113e-02
3.530000 6.865959e-02
3.540000 6.852088e-02
3.550000 6.939985e-02
3.560000 6.934870e-02
3.570000 6.934746e-02
3.580000 6.969134e-02
3.590000 6.828529e-02
3.600000 6.773728e-02
3.610000 6.812584e-02
3.620000 6.719482e-02
3.630000 6.841870e-02
3.640000 6.964809e-02
3.650000 6.947270e-02
3.660000 7.039375e-02
3.670000 7.003199e-02
3.680000 6.955405e-02
3.690000 7.044550e-02
3.700000 6.983251e-02
3.710000 6.974896e-02
3.720000 7.112331e-02
3.730000 7.111800e-02
3.740000 7.178982e-02
3.750000 7.228549e-02
3.760000 7.110053e-02
3.770000 7.073650e-02
3.780000 7.048216e-02
3.790000 6.946068e-02
3.800000 7.083077e-02
3.810000 7.301695e-02
3.820000 7.335619e-02
3.830000 7.331512e-02
3.840000 7.292857e-02
3.850000 7.207705e-02
3.860000 7.223003e-02
3.870000 7.127920e-02
3.880000 7.151721e-02
3.890000 7.337443e-02
3.900000 7.272466e-02
3.910000 7.326506e-02
3.920000 7.376025e-02
3.930000 7.147452e-02
3.940000 7.052346e-02
3.950000 6.900252e-02
3.960000 6.721818e-02
3.970000 6.941822e-02
3.980000 7.149513e-02
3.990000 7.292513e-02
4.000000 7.390687e-02
4.010000 7.319172e-02
4.020000 7.146767e-02
4.030000 6.999691e-02
4.040000 6.887672e-02
4.050000 6.900557e-02
4.060000 6.942676e-02
4.070000 6.895037e-02
4.080000 6.922197e-02
4.090000 6.935970e-02
4.100000 6.841869e-02
4.110000 6.841515e-02
4.120000 6.837982e-02
4.130000 6.782506e-02
4.140000 6.980366e-02
4.150000 7.152450e-02
4.160000 7.096867e-02
4.170000 7.114325e-02
4.180000 6.992296e-02
4.190000 6.828917e-02
4.200000 6.908735e-02
4.210000 6.840523e-02
4.220000 6.889736e-02
4.230000 6.999249e-02
4.240000 6.995629e-02
4.250000 7.093292e-02
4.260000 7.105172e-02
4.270000 7.005179e-02
4.280000 6.983990e-02
4.290000 6.863360e-02
4.300000 6.783912e-02
4.310000 6.971023e-02
4.320000 7.087355e-02
4.330000 7.078618e-02
4.340000 7.100888e-02
4.350000 7.035907e-02
4.360000 6.936660e-02
4.370000 6.934374e-02
4.380000 6.921425e-02
4.390000 6.952372e-02
4.400000 7.002368e-02
4.410000 6.848002e-02
4.420000 6.730921e-02
4.430000 6.709656e-02
4.440000 6.596975e-02
4.450000 6.678059e-02
4.460000 6.702053e-02
4.470000 6.666754e-02
4.480000 6.863762e-02
4.490000 6.908799e-02
4.500000 6.868409e-02
4.510000 6.916056e-02
4.520000 6.758021e-02
4.530000 6.549807e-02
4.540000 6.516434e-02
4.550000 6.442600e-02
4.560000 6.511139e-02
4.570000 6.590467e-02
4.580000 6.567371e-02
4.590000 6.627359e-02
4.600000 6.609921e-02
4.610000 6.518106e-02
4.620000 6.588188e-02
4.630000 6.576181e-02
4.640000 6.550260e-02
4.650000 6.732289e-02
4.660000 6.814488e-02
4.670000 6.768873e-02
4.680000 6.802111e-02
4.690000 6.644154e-02
4.700000 6.529153e-02
4.710000 6.577599e-02
4.720000 6.516121e-02
4.730000 6.634665e-02
4.740000 6.854763e-02
4.750000 6.862417e-02
4.760000 6.907847e-02
4.770000 6.877521e-02
4.780000 6.769717e-02
4.790000 6.780841e-02
4.800000 6.675012e-02
4.810000 6.651258e-02
4.820000 6.846075e-02
4.830000 6.921160e-02
4.840000 6.992898e-02
4.850000 7.049377e-02
4.860000 6.887612e-02
4.870000 6.777219e-02
4.880000 6.734596e-02
4.890000 6.628583e-02
4.900000 6.773430e-02
4.910000 6.979891e-02
4.920000 6.903883e-02
4.930000 6.862279e-02
4.940000 6.809296e-02
4.950000 6.634712e-02
4.960000 6.638106e-02
4.970000 6.621988e-02
4.980000 6.632875e-02
4.990000 6.807089e-02
5.000000 6.785883e-02
5.010000 6.814589e-02
5.020000 6.865444e-02
5.030000 6.680151e-02
5.040000 6.615546e-02
5.050000 6.496156e-02
5.060000 6.339284e-02
5.070000 6.512281e-02
5.080000 6.717814e-02
5.090000 6.787594e-02
5.100000 6.854767e-02
5.110000 6.784947e-02
5.120000 6.626860e-02
5.130000 6.614000e-02
5.140000 6.599071e-02
5.150000 6.614108e-02
5.160000 6.723418e-02
5.170000 6.683901e-02
5.180000 6.641758e-02
5.190000 6.646056e-02
5.200000 6.564462e-02
5.210000 6.571434e-02
5.220000 6.625351e-02
5.230000 6.580287e-02
5.240000 6.745877e-02
5.250000 6.905155e-02
5.260000 6.795636e-02
5.270000 6.765014e-02
5.280000 6.686625e-02
5.290000 6.578932e-02
5.300000 6.647091e-02
5.310000 6.592689e-02
5.320000 6.633545e-02
5.330000 6.756122e-02
5.340000 6.702648e-02
5.350000 6.734602e-02
5.360000 6.743842e-02
5.370000 6.586740e-02
5.380000 6.504715e-02
5.390000 6.358788e-02
5.400000 6.263353e-02
5.410000 6.471027e-02
5.420000 6.667836e-02
5.430000 6.677078e-02
5.440000 6.685815e-02
5.450000 6.577787e-02
5.460000 6.325950e-02
5.470000 6.261846e-02
5.480000 6.274437e-02
5.490000 6.304677e-02
5.500000 6.395840e-02
5.510000 6.276792e-02
5.520000 6.183609e-02
5.530000 6.170559e-02
5.540000 6.066218e-02
5.550000 6.092573e-02
5.560000 6.094742e-02
5.570000 6.054093e-02
5.580000 6.268915e-02
5.590000 6.361060e-02
5.600000 6.314433e-02
5.610000 6.363758e-02
5.620000 6.185858e-02
5.630000 5.952563e-02
5.640000 5.953395e-02
5.650000 5.901632e-02
5.660000 5.964854e-02
5.670000 6.148227e-02
5.680000 6.211441e-02
5.690000 6.215565e-02
5.700000 6.200175e-02
5.710000 6.078875e-02
5.720000 6.047318e-02
5.730000 6.008230e-02
5.740000 5.980347e-02
5.750000 6.179914e-02
5.760000 6.272867e-02
5.770000 6.215491e-02
5.780000 6.241584e-02
5.790000 6.097699e-02
5.800000 5.965471e-02
5.810000 6.012355e-02
5.820000 5.969747e-02
5.830000 6.072676e-02
5.840000 6.268201e-02
5.850000 6.180207e-02
5.860000 6.127248e-02
5.870000 6.091959e-02
5.880000 5.933417e-02
5.890000 5.903095e-02
5.900000 5.854713e-02
5.910000 5.840218e-02
5.920000 6.034655e-02
5.930000 6.131933e-02
5.940000 6.142430e-02
5.950000 6.174236e-02
5.960000 6.013769e-02
5.970000 5.851623e-02
5.980000 5.846191e-02
5.990000 5.797217e-02
6.000000 5.898651e-02
6.010000 6.024713e-02
6.020000 5.896417e-02
6.030000 5.836751e-02
6.040000 5.796351e-02
6.050000 5.680592e-02
6.060000 5.796459e-02
6.070000 5.867181e-02
6.080000 5.874317e-02
6.090000 6.032326e-02
6.100000 6.014911e-02
6.110000 5.952646e-02
6.120000 5.979780e-02
6.130000 5.826373e-02
6.140000 5.753342e-02
6.150000 5.708042e-02
6.160000 5.609113e-02
6.170000 5.762462e-02
6.180000 6.015714e-02
6.190000 6.090620e-02
6.200000 6.127880e-02
6.210000 6.076130e-02
6.220000 5.908735e-02
6.230000 5.835324e-02
6.240000 5.796194e-02
6.250000 5.812218e-02
6.260000 5.987692e-02
6.270000 6.008299e-02
6.280000 5.956939e-02
6.290000 5.961137e-02
6.300000 5.830388e-02
6.310000 5.803512e-02
6.320000 5.842066e-02
6.330000 5.786494e-02
6.340000 5.964520e-02
6.350000 6.136278e-02
6.360000 5.989733e-02
6.370000 5.936166e-02
6.380000 5.848410e-02
6.390000 5.634826e-02
6.400000 5.605996e-02
6.410000 5.565844e-02
6.420000 5.602673e-02
6.430000 5.755051e-02
6.440000 5.785210e-02
6.450000 5.851448e-02
6.460000 5.864637e-02
6.470000 5.701416e-02
6.480000 5.546085e-02
6.490000 5.339253e-02
6.500000 5.248037e-02
6.510000 5.453309e-02
6.520000 5.718375e-02
6.530000 5.732597e-02
6.540000 5.742020e-02
6.550000 5.610407e-02
6.560000 5.332091e-02
6.570000 5.297161e-02
6.580000 5.330603e-02
6.590000 5.367945e-02
6.600000 5.515455e-02
6.610000 5.451612e-02
6.620000 5.342065e-02
6.630000 5.328035e-02
6.640000 5.225976e-02
6.650000 5.196051e-02
6.660000 5.214725e-02
6.670000 5.190435e-02
6.680000 5.372067e-02
6.690000 5.463201e-02
6.700000 5.402989e-02
6.710000 5.430935e-02
6.720000 5.306624e-02
6.730000 5.157074e-02
6.740000 5.145006e-02
6.750000 5.093468e-02
6.760000 5.151846e-02
6.770000 5.334488e-02
6.780000 5.325854e-02
6.790000 5.244140e-02
6.800000 5.220458e-02
6.810000 5.060874e-02
6.820000 5.002105e-02
6.830000 5.008549e-02
6.840000 4.997516e-02
6.850000 5.158066e-02
6.860000 5.231974e-02
6.870000 5.146913e-02
6.880000 5.138628e-02
6.890000 5.026908e-02
6.900000 4.872522e-02
6.910000 4.897802e-02
6.920000 4.905437e-02
6.930000 4.972502e-02
6.940000 5.106685e-02
6.950000 4.961593e-02
6.960000 4.869548e-02
6.970000 4.841809e-02
6.980000 4.736431e-02
6.990000 4.739796e-02
7.000000 4.740399e-02
7.010000 4.738282e-02
7.020000 4.896980e-02
7.030000 4.988472e-02
7.040000 4.958851e-02
7.050000 4.969322e-02
7.060000 4.801217e-02
7.070000 4.620080e-02
7.080000 4.654380e-02
7.090000 4.642007e-02
7.100000 4.733432e-02
7.110000 4.897069e-02
7.120000 4.824563e-02
7.130000 4.752259e-02
7.140000 4.726890e-02
7.150000 4.636690e-02
7.160000 4.695721e-02
7.170000 4.749864e-02
7.180000 4.760083e-02
7.190000 4.900353e-02
7.200000 4.884711e-02
7.210000 4.819653e-02
7.220000 4.840184e-02
7.230000 4.691929e-02
7.240000 4.606049e-02
7.250000 4.554608e-02
7.260000 4.463094e-02
7.270000 4.625663e-02
7.280000 4.927757e-02
7.290000 5.028602e-02
7.300000 5.041207e-02
7.310000 4.977870e-02
7.320000 4.704698e-02
7.330000 4.505722e-02
7.340000 4.460830e-02
7.350000 4.483236e-02
7.360000 4.714054e-02
7.370000 4.817511e-02
7.380000 4.784982e-02
7.390000 4.786807e-02
7.400000 4.645164e-02
7.410000 4.566286e-02
7.420000 4.559680e-02
7.430000 4.513042e-02
7.440000 4.667186e-02
7.450000 4.791685e-02
7.460000 4.649498e-02
7.470000 4.602745e-02
7.480000 4.520315e-02
7.490000 4.352436e-02
7.500000 4.388049e-02
7.510000 4.385724e-02
7.520000 4.419388e-02
7.530000 4.552863e-02
7.540000 4.572632e-02
7.550000 4.578207e-02
7.560000 4.576774e-02
7.570000 4.449261e-02
7.580000 4.274388e-02
7.590000 4.118404e-02
7.600000 4.073089e-02
7.610000 4.248541e-02
7.620000 4.502130e-02
7.630000 4.516412e-02
7.640000 4.520060e-02
7.650000 4.424638e-02
7.660000 4.231746e-02
7.670000 4.185976e-02
7.680000 4.195479e-02
7.690000 4.230363e-02
7.700000 4.359769e-02
7.710000 4.285443e-02
7.720000 4.139284e-02
7.730000 4.120612e-02
7.740000 4.006288e-02
7.750000 4.016337e-02
7.760000 4.109821e-02
7.770000 4.109703e-02
7.780000 4.250763e-02
7.790000 4.282239e-02
7.800000 4.184554e-02
7.810000 4.180834e-02
7.820000 4.112429e-02
7.830000 3.987626e-02
7.840000 3.916129e-02
7.850000 3.885288e-02
7.860000 3.929943e-02
7.870000 4.069912e-02
7.880000 4.043884e-02
7.890000 3.969557e-02
7.900000 3.945758e-02
7.910000 3.829633e-02
7.920000 3.802996e-02
7.930000 3.808119e-02
7.940000 3.807739e-02
7.950000 3.918943e-02
7.960000 3.975929e-02
7.970000 3.882080e-02
7.980000 3.858643e-02
7.990000 3.755045e-02
8.000000 3.605588e-02
8.010000 3.650816e-02
8.020000 3.680603e-02
8.030000 3.742232e-02
8.040000 3.857283e-02
8.050000 3.740378e-02
8.060000 3.662574e-02
8.070000 3.647327e-02
8.080000 3.569339e-02
8.090000 3.504370e-02
8.100000 3.484320e-02
8.110000 3.492020e-02
8.120000 3.633032e-02
8.130000 3.754617e-02
8.140000 3.761252e-02
8.150000 3.770225e-02
8.160000 3.604282e-02
8.170000 3.435109e-02
8.180000 3.412777e-02
8.190000 3.379821e-02
8.200000 3.487243e-02
8.210000 3.690943e-02
8.220000 3.652287e-02
8.230000 3.582824e-02
8.240000 3.551179e-02
8.250000 3.405831e-02
8.260000 3.386272e-02
8.270000 3.438199e-02
8.280000 3.453454e-02
8.290000 3.561280e-02
8.300000 3.559142e-02
8.310000 3.512781e-02
8.320000 3.515671e-02
8.330000 3.411603e-02
8.340000 3.340291e-02
8.350000 3.263185e-02
8.360000 3.201884e-02
8.370000 3.338205e-02
8.380000 3.571801e-02
8.390000 3.640974e-02
8.400000 3.638920e-02
8.410000 3.575133e-02
8.420000 3.340012e-02
8.430000 3.189750e-02
8.440000 3.180513e-02
8.450000 3.207160e-02
8.460000 3.406616e-02
8.470000 3.482613e-02
8.480000 3.421240e-02
8.490000 3.409504e-02
8.500000 3.288667e-02
8.510000 3.202739e-02
8.520000 3.218491e-02
8.530000 3.210029e-02
8.540000 3.328253e-02
8.550000 3.416378e-02
8.560000 3.291822e-02
8.570000 3.244817e-02
8.580000 3.198304e-02
8.590000 3.153605e-02
8.600000 3.237909e-02
8.610000 3.246155e-02
8.620000 3.273225e-02
8.630000 3.316004e-02
8.640000 3.261965e-02
8.650000 3.227855e-02
8.660000 3.217498e-02
8.670000 3.119224e-02
8.680000 2.994002e-02
8.690000 2.915824e-02
8.700000 2.903142e-02
8.710000 3.061775e-02
8.720000 3.290643e-02
8.730000 3.322208e-02
8.740000 3.319211e-02
8.750000 3.256759e-02
8.760000 3.078030e-02
8.770000 2.970314e-02
8.780000 2.977245e-02
8.790000 3.001020e-02
8.800000 3.111297e-02
8.810000 3.048127e-02
8.820000 2.919140e-02
8.830000 2.904643e-02
8.840000 2.837033e-02
8.850000 2.930712e-02
8.860000 3.022871e-02
8.870000 3.031333e-02
8.880000 3.125142e-02
8.890000 3.092182e-02
8.900000 2.995153e-02
8.910000 2.983193e-02
8.920000 2.932456e-02
8.930000 2.824036e-02
8.940000 2.775006e-02
8.950000 2.760900e-02
8.960000 2.808849e-02
8.970000 2.922020e-02
8.980000 2.912045e-02
8.990000 2.871275e-02
9.000000 2.858954e-02
9.010000 2.791328e-02
9.020000 2.715410e-02
9.030000 2.682543e-02
9.040000 2.687786e-02
9.050000 2.775222e-02
9.060000 2.846779e-02
9.070000 2.791431e-02
9.080000 2.778105e-02
9.090000 2.681929e-02
9.100000 2.571025e-02
9.110000 2.578424e-02
9.120000 2.580984e-02
9.130000 2.648171e-02
9.140000 2.744389e-02
9.150000 2.665055e-02
9.160000 2.606085e-02
9.170000 2.589504e-02
9.180000 2.475113e-02
9.190000 2.398150e-02
9.200000 2.398806e-02
9.210000 2.414209e-02
9.220000 2.518160e-02
9.230000 2.620209e-02
9.240000 2.653888e-02
9.250000 2.650812e-02
9.260000 2.539957e-02
9.270000 2.397994e-02
9.280000 2.312222e-02
9.290000 2.291845e-02
9.300000 2.385682e-02
9.310000 2.534994e-02
9.320000 2.487533e-02
9.330000 2.444217e-02
9.340000 2.414301e-02
9.350000 2.321051e-02
9.360000 2.356700e-02
9.370000 2.419641e-02
9.380000 2.427103e-02
9.390000 2.478222e-02
9.400000 2.441108e-02
9.410000 2.364060e-02
9.420000 2.354536e-02
9.430000 2.302335e-02
9.440000 2.279825e-02
9.450000 2.253090e-02
9.460000 2.240635e-02
9.470000 2.328018e-02
9.480000 2.444766e-02
9.490000 2.470672e-02
9.500000 2.463969e-02
9.510000 2.435891e-02
9.520000 2.310294e-02
9.530000 2.207607e-02
9.540000 2.203226e-02
9.550000 2.222237e-02
9.560000 2.355325e-02
9.570000 2.401315e-02
9.580000 2.356228e-02
9.590000 2.343222e-02
9.600000 2.237010e-02
9.610000 2.163783e-02
9.620000 2.190102e-02
9.630000 2.197728e-02
9.640000 2.303205e-02
9.650000 2.378150e-02
9.660000 2.276325e-02
9.670000 2.246704e-02
9.680000 2.221544e-02
9.690000 2.222111e-02
9.700000 2.285820e-02
9.710000 2.299579e-02
9.720000 2.305386e-02
9.730000 2.279932e-02
9.740000 2.216922e-02
9.750000 2.194185e-02
9.760000 2.185189e-02
9.770000 2.143243e-02
9.780000 2.104151e-02
9.790000 2.054745e-02
9.800000 2.063822e-02
9.810000 2.200320e-02
9.820000 2.374745e-02
9.830000 2.423115e-02
9.840000 2.422805e-02
9.850000 2.373263e-02
9.860000 2.201527e-02
9.870000 2.111563e-02
9.880000 2.121231e-02
9.890000 2.140824e-02
9.900000 2.251360e-02
9.910000 2.194351e-02
9.920000 2.108208e-02
9.930000 2.115398e-02
9.940000 2.099858e-02
9.950000 2.162397e-02
9.960000 2.200375e-02
9.970000 2.217298e-02
9.980000 2.287080e-02
9.990000 2.248698e-02
10.000000 2.179157e-02
