0.000000 1.053438e-02
0.010000 1.079324e-02
0.020000 1.145523e-02
0.030000 1.128279e-02
0.040000 1.105785e-02
0.050000 1.046570e-02
0.060000 9.775882e-03
0.070000 9.848929e-03
0.080000 1.107606e-02
0.090000 1.232070e-02
0.100000 1.293748e-02
0.110000 1.308300e-02
0.120000 1.227543e-02
0.130000 1.194089e-02
0.140000 1.112184e-02
0.150000 1.048412e-02
0.160000 1.091079e-02
0.170000 1.124196e-02
0.180000 1.198230e-02
0.190000 1.235618e-02
0.200000 1.218157e-02
0.210000 1.165537e-02
0.220000 1.109937e-02
0.230000 1.055868e-02
0.240000 1.075222e-02
0.250000 1.130526e-02
0.260000 1.145245e-02
0.270000 1.195584e-02
0.280000 1.201234e-02
0.290000 1.167040e-02
0.300000 1.128130e-02
0.310000 1.096564e-02
0.320000 1.086253e-02
0.330000 1.119349e-02
0.340000 1.126871e-02
0.350000 1.086847e-02
0.360000 1.090726e-02
0.370000 1.075613e-02
0.380000 1.096675e-02
0.390000 1.091075e-02
0.400000 1.032848e-02
0.410000 1.055135e-02
0.420000 1.084371e-02
0.430000 1.110834e-02
0.440000 1.159571e-02
0.450000 1.153325e-02
0.460000 1.087817e-02
0.470000 1.052469e-02
0.480000 9.930476e-03
0.490000 9.729866e-03
0.500000 9.892182e-03
0.510000 9.889953e-03
0.520000 1.024074e-02
0.530000 1.036723e-02
0.540000 1.035956e-02
0.550000 1.015564e-02
0.560000 9.894405e-03
0.570000 9.665531e-03
0.580000 9.908467e-03
0.590000 1.011924e-02
0.600000 9.972908e-03
0.610000 1.034170e-02
0.620000 1.025165e-02
0.630000 9.750946e-03
0.640000 9.267529e-03
0.650000 8.832983e-03
0.660000 8.762937e-03
0.670000 9.201367e-03
0.680000 9.578550e-03
0.690000 9.794478e-03
0.700000 1.002606e-02
0.710000 9.718974e-03
0.720000 9.613138e-03
0.730000 8.802972e-03
0.740000 8.004892e-03
0.750000 8.245439e-03
0.760000 8.669991e-03
0.770000 9.828401e-03
0.780000 1.065096e-02
0.790000 1.046872e-02
0.800000 9.135316e-03
0.810000 8.017051e-03
0.820000 7.660760e-03
0.830000 7.537795e-03
0.840000 8.110209e-03
0.850000 8.488142e-03
0.860000 9.125000e-03
0.870000 9.476930e-03
0.880000 9.386269e-03
0.890000 9.209133e-03
0.900000 8.683114e-03
0.910000 8.377857e-03
0.920000 8.618643e-03
0.930000 9.198916e-03
0.940000 9.552194e-03
0.950000 1.026853e-02
0.960000 1.024395e-02
0.970000 9.749284e-03
0.980000 9.355468e-03
0.990000 8.261014e-03
1.000000 8.007380e-03
1.010000 8.439851e-03
1.020000 9.565794e-03
1.030000 1.052780e-02
1.040000 1.071322e-02
1.050000 1.034921e-02
1.060000 9.610413e-03
1.070000 9.210714e-03
1.080000 8.888383e-03
1.090000 9.119902e-03
1.100000 9.357910e-03
1.110000 9.716832e-03
1.120000 1.033529e-02
1.130000 1.032728e-02
1.140000 1.010647e-02
1.150000 9.980109e-03
1.160000 9.823197e-03
1.170000 9.758325e-03
1.180000 1.025103e-02
1.190000 1.024668e-02
1.200000 1.016193e-02
1.210000 1.029207e-02
1.220000 1.027794e-02
1.230000 1.062411e-02
1.240000 1.034322e-02
1.250000 9.973370e-03
1.260000 1.015596e-02
1.270000 1.048577e-02
1.280000 1.096979e-02
1.290000 1.144011e-02
1.300000 1.133804e-02
1.310000 1.103255e-02
1.320000 1.056995e-02
1.330000 9.736310e-03
1.340000 9.678957e-03
1.350000 1.004316e-02
1.360000 1.055645e-02
1.370000 1.088699e-02
1.380000 1.091746e-02
1.390000 1.067139e-02
1.400000 1.048393e-02
1.410000 1.065344e-02
1.420000 1.050833e-02
1.430000 1.087368e-02
1.440000 1.085985e-02
1.450000 1.075886e-02
1.460000 1.109048e-02
1.470000 1.100227e-02
1.480000 1.081789e-02
1.490000 1.015758e-02
1.500000 9.462243e-03
1.510000 9.601318e-03
1.520000 1.033428e-02
1.530000 1.061434e-02
1.540000 1.114721e-02
1.550000 1.128159e-02
1.560000 1.081266e-02
1.570000 1.047637e-02
1.580000 9.178708e-03
1.590000 8.704137e-03
1.600000 9.031534e-03
1.610000 9.992737e-03
1.620000 1.113580e-02
1.630000 1.144616e-02
1.640000 1.106605e-02
1.650000 9.731766e-03
1.660000 8.564370e-03
1.670000 7.980477e-03
1.680000 8.176521e-03
1.690000 8.578703e-03
1.700000 8.747830e-03
1.710000 9.290508e-03
1.720000 9.335876e-03
1.730000 9.031430e-03
1.740000 8.783538e-03
1.750000 8.548758e-03
1.760000 8.426926e-03
1.770000 8.927431e-03
1.780000 9.133647e-03
1.790000 9.144226e-03
1.800000 9.472847e-03
1.810000 9.125529e-03
1.820000 8.563802e-03
1.830000 7.244323e-03
1.840000 6.278728e-03
1.850000 6.396095e-03
1.860000 6.840358e-03
1.870000 8.041710e-03
1.880000 8.917202e-03
1.890000 8.922656e-03
1.900000 8.234018e-03
1.910000 7.673753e-03
1.920000 7.368249e-03
1.930000 7.225707e-03
1.940000 7.419169e-03
1.950000 7.408372e-03
1.960000 7.443473e-03
1.970000 7.498830e-03
1.980000 7.395995e-03
1.990000 7.138592e-03
2.000000 7.094755e-03
2.010000 7.054816e-03
2.020000 7.113398e-03
2.030000 7.146001e-03
2.040000 7.187979e-03
2.050000 7.737696e-03
2.060000 7.848106e-03
2.070000 7.884080e-03
2.080000 7.946991e-03
2.090000 7.514954e-03
2.100000 7.366978e-03
2.110000 7.524160e-03
2.120000 7.797439e-03
2.130000 8.093786e-03
2.140000 8.271193e-03
2.150000 8.135788e-03
2.160000 7.862513e-03
2.170000 7.303082e-03
2.180000 6.935988e-03
2.190000 6.980598e-03
2.200000 7.419820e-03
2.210000 8.220342e-03
2.220000 8.640718e-03
2.230000 8.649119e-03
2.240000 8.345968e-03
2.250000 8.468532e-03
2.260000 8.580363e-03
2.270000 8.453181e-03
2.280000 8.624458e-03
2.290000 8.331275e-03
2.300000 8.325106e-03
2.310000 8.453302e-03
2.320000 8.435613e-03
2.330000 8.380146e-03
2.340000 8.130231e-03
2.350000 7.824867e-03
2.360000 8.028365e-03
2.370000 8.583476e-03
2.380000 9.402743e-03
2.390000 1.043147e-02
2.400000 1.051480e-02
2.410000 1.022488e-02
2.420000 9.175587e-03
2.430000 7.827416e-03
2.440000 7.630927e-03
2.450000 8.212723e-03
2.460000 9.540089e-03
2.470000 1.009038e-02
2.480000 1.020388e-02
2.490000 9.682086e-03
2.500000 9.057506e-03
2.510000 8.939721e-03
2.520000 8.490286e-03
2.530000 8.835333e-03
2.540000 9.306447e-03
2.550000 9.971549e-03
2.560000 1.060646e-02
2.570000 1.057690e-02
2.580000 1.019399e-02
2.590000 9.528147e-03
2.600000 8.890990e-03
2.610000 8.835350e-03
2.620000 9.398814e-03
2.630000 9.476743e-03
2.640000 1.000651e-02
2.650000 1.030459e-02
2.660000 1.018737e-02
2.670000 9.772804e-03
2.680000 8.206252e-03
2.690000 7.595810e-03
2.700000 7.989030e-03
2.710000 9.200013e-03
2.720000 1.037260e-02
2.730000 1.074051e-02
2.740000 1.042146e-02
2.750000 9.241058e-03
2.760000 8.198432e-03
2.770000 7.715299e-03
2.780000 7.731720e-03
2.790000 7.825553e-03
2.800000 7.695772e-03
2.810000 7.657558e-03
2.820000 7.654196e-03
2.830000 7.756535e-03
2.840000 8.050848e-03
2.850000 8.200335e-03
2.860000 8.113678e-03
2.870000 8.347832e-03
2.880000 8.021573e-03
2.890000 7.796883e-03
2.900000 8.033073e-03
2.910000 7.841828e-03
2.920000 7.440745e-03
2.930000 6.656382e-03
2.940000 6.131055e-03
2.950000 6.166313e-03
2.960000 6.302710e-03
2.970000 6.669609e-03
2.980000 7.078273e-03
2.990000 7.127206e-03
3.000000 7.165765e-03
3.010000 6.977122e-03
3.020000 6.367748e-03
3.030000 6.251199e-03
3.040000 6.287286e-03
3.050000 6.532000e-03
3.060000 6.683584e-03
3.070000 6.708307e-03
3.080000 6.436920e-03
3.090000 5.841126e-03
3.100000 5.709597e-03
3.110000 5.669612e-03
3.120000 5.702517e-03
3.130000 5.644721e-03
3.140000 5.569557e-03
3.150000 5.768262e-03
3.160000 5.802034e-03
3.170000 5.900556e-03
3.180000 5.907026e-03
3.190000 5.649665e-03
3.200000 5.546073e-03
3.210000 5.717253e-03
3.220000 5.763602e-03
3.230000 6.311822e-03
3.240000 6.828130e-03
3.250000 6.580028e-03
3.260000 5.835350e-03
3.270000 4.553525e-03
3.280000 3.981547e-03
3.290000 4.015085e-03
3.300000 4.762163e-03
3.310000 6.000035e-03
3.320000 6.452255e-03
3.330000 6.466620e-03
3.340000 6.040116e-03
3.350000 5.790371e-03
3.360000 5.705387e-03
3.370000 5.571218e-03
3.380000 5.695095e-03
3.390000 5.705397e-03
3.400000 6.045095e-03
3.410000 6.379883e-03
3.420000 6.240173e-03
3.430000 5.965132e-03
3.440000 5.768882e-03
3.450000 5.411825e-03
3.460000 5.471658e-03
3.470000 5.915191e-03
3.480000 6.735934e-03
3.490000 7.681471e-03
3.500000 7.828497e-03
3.510000 7.685904e-03
3.520000 6.727096e-03
3.530000 5.696798e-03
3.540000 5.537510e-03
3.550000 5.932023e-03
3.560000 7.088046e-03
3.570000 7.809691e-03
3.580000 8.087198e-03
3.590000 7.829548e-03
3.600000 7.447678e-03
3.610000 7.252695e-03
3.620000 6.889985e-03
3.630000 6.974973e-03
3.640000 7.310160e-03
3.650000 7.503173e-03
3.660000 7.526922e-03
3.670000 7.528701e-03
3.680000 7.656797e-03
3.690000 8.012140e-03
3.700000 7.986614e-03
3.710000 7.903903e-03
3.720000 7.966643e-03
3.730000 7.932211e-03
3.740000 8.335925e-03
3.750000 8.498909e-03
3.760000 8.544450e-03
3.770000 8.211765e-03
3.780000 7.225869e-03
3.790000 6.750855e-03
3.800000 7.006834e-03
3.810000 7.640479e-03
3.820000 8.201328e-03
3.830000 8.456967e-03
3.840000 8.418853e-03
3.850000 8.219437e-03
3.860000 7.704847e-03
3.870000 7.407938e-03
3.880000 7.401474e-03
3.890000 7.580379e-03
3.900000 7.734231e-03
3.910000 7.400142e-03
3.920000 7.318973e-03
3.930000 7.303601e-03
3.940000 7.457376e-03
3.950000 7.428024e-03
3.960000 7.245161e-03
3.970000 7.409845e-03
3.980000 7.162410e-03
3.990000 7.138301e-03
4.000000 7.282883e-03
4.010000 7.201094e-03
4.020000 6.946240e-03
4.030000 6.592056e-03
4.040000 6.246263e-03
4.050000 6.358219e-03
4.060000 6.544488e-03
4.070000 6.762706e-03
4.080000 7.305848e-03
4.090000 7.378663e-03
4.100000 7.330795e-03
4.110000 6.304585e-03
4.120000 4.966222e-03
4.130000 4.815656e-03
4.140000 5.127951e-03
4.150000 6.085064e-03
4.160000 6.660427e-03
4.170000 6.751478e-03
4.180000 6.306818e-03
4.190000 5.481507e-03
4.200000 5.197608e-03
4.210000 5.072878e-03
4.220000 5.154944e-03
4.230000 5.169335e-03
4.240000 5.071091e-03
4.250000 5.066854e-03
4.260000 5.064294e-03
4.270000 4.905758e-03
4.280000 4.463692e-03
4.290000 4.022292e-03
4.300000 4.006110e-03
4.310000 4.219302e-03
4.320000 4.273360e-03
4.330000 4.910347e-03
4.340000 5.300335e-03
4.350000 4.988040e-03
4.360000 4.313977e-03
4.370000 3.268892e-03
4.380000 2.908837e-03
4.390000 2.940835e-03
4.400000 3.413052e-03
4.410000 4.070824e-03
4.420000 4.196576e-03
4.430000 4.167890e-03
4.440000 3.824647e-03
4.450000 3.421265e-03
4.460000 3.335267e-03
4.470000 3.336470e-03
4.480000 3.323960e-03
4.490000 3.356653e-03
4.500000 3.588002e-03
4.510000 3.785947e-03
4.520000 3.697342e-03
4.530000 3.734426e-03
4.540000 3.891048e-03
4.550000 3.806066e-03
4.560000 3.817670e-03
4.570000 3.824456e-03
4.580000 3.988908e-03
4.590000 4.209574e-03
4.600000 4.228648e-03
4.610000 4.227944e-03
4.620000 3.913063e-03
4.630000 3.662703e-03
4.640000 3.640487e-03
4.650000 3.750524e-03
4.660000 4.265235e-03
4.670000 4.924582e-03
4.680000 5.180955e-03
4.690000 5.152244e-03
4.700000 4.978426e-03
4.710000 4.634382e-03
4.720000 4.548225e-03
4.730000 4.582696e-03
4.740000 4.855816e-03
4.750000 4.822431e-03
4.760000 4.603517e-03
4.770000 4.588853e-03
4.780000 4.682216e-03
4.790000 5.049922e-03
4.800000 5.147765e-03
4.810000 5.115078e-03
4.820000 5.172514e-03
4.830000 5.482781e-03
4.840000 5.990938e-03
4.850000 6.138324e-03
4.860000 6.085497e-03
4.870000 5.832566e-03
4.880000 5.317722e-03
4.890000 4.922491e-03
4.900000 5.065733e-03
4.910000 5.355862e-03
4.920000 5.938666e-03
4.930000 6.381306e-03
4.940000 6.411034e-03
4.950000 6.319252e-03
4.960000 5.615742e-03
4.970000 5.267420e-03
4.980000 5.277678e-03
4.990000 5.956125e-03
5.000000 6.915276e-03
5.010000 7.050582e-03
5.020000 7.065330e-03
5.030000 6.815341e-03
5.040000 6.598469e-03
5.050000 6.206078e-03
5.060000 5.907679e-03
5.070000 6.073590e-03
5.080000 6.130921e-03
5.090000 6.258404e-03
5.100000 6.326089e-03
5.110000 6.326611e-03
5.120000 6.390475e-03
5.130000 6.341854e-03
5.140000 5.945547e-03
5.150000 6.104255e-03
5.160000 6.482640e-03
5.170000 7.025195e-03
5.180000 7.681686e-03
5.190000 7.737475e-03
5.200000 7.486196e-03
5.210000 6.059344e-03
5.220000 4.696627e-03
5.230000 4.567485e-03
5.240000 4.890255e-03
5.250000 5.664933e-03
5.260000 6.026416e-03
5.270000 6.039317e-03
5.280000 5.932100e-03
5.290000 5.736741e-03
5.300000 5.657143e-03
5.310000 5.587788e-03
5.320000 5.638412e-03
5.330000 5.559017e-03
5.340000 5.201111e-03
5.350000 4.965184e-03
5.360000 4.967658e-03
5.370000 4.766365e-03
5.380000 4.435211e-03
5.390000 4.168532e-03
5.400000 4.197790e-03
5.410000 4.115279e-03
5.420000 3.935934e-03
5.430000 4.164901e-03
5.440000 4.229972e-03
5.450000 4.224300e-03
5.460000 4.160181e-03
5.470000 3.815887e-03
5.480000 3.705172e-03
5.490000 3.697698e-03
5.500000 3.627395e-03
5.510000 3.692654e-03
5.520000 3.738813e-03
5.530000 3.731837e-03
5.540000 3.436844e-03
5.550000 2.778160e-03
5.560000 2.577750e-03
5.570000 2.543348e-03
5.580000 2.575141e-03
5.590000 2.822312e-03
5.600000 2.905612e-03
5.610000 2.906941e-03
5.620000 2.836598e-03
5.630000 2.981722e-03
5.640000 3.134872e-03
5.650000 3.118889e-03
5.660000 3.073425e-03
5.670000 2.795980e-03
5.680000 2.653907e-03
5.690000 2.647595e-03
5.700000 2.615149e-03
5.710000 2.392500e-03
5.720000 2.114900e-03
5.730000 1.949116e-03
5.740000 1.970103e-03
5.750000 2.045784e-03
5.760000 2.425381e-03
5.770000 3.079610e-03
5.780000 3.233988e-03
5.790000 3.226694e-03
5.800000 2.791252e-03
5.810000 2.198077e-03
5.820000 2.139085e-03
5.830000 2.181086e-03
5.840000 2.538130e-03
5.850000 2.665818e-03
5.860000 2.652549e-03
5.870000 2.549696e-03
5.880000 2.259275e-03
5.890000 2.228335e-03
5.900000 2.223603e-03
5.910000 2.220705e-03
5.920000 2.369916e-03
5.930000 2.748625e-03
5.940000 3.142648e-03
5.950000 3.228802e-03
5.960000 3.179466e-03
5.970000 3.086993e-03
5.980000 2.845468e-03
5.990000 2.682268e-03
6.000000 2.714551e-03
6.010000 2.785255e-03
6.020000 3.324483e-03
6.030000 3.735031e-03
6.040000 3.747386e-03
6.050000 3.603457e-03
6.060000 3.120826e-03
6.070000 2.937168e-03
6.080000 2.948052e-03
6.090000 3.523285e-03
6.100000 4.355738e-03
6.110000 4.576609e-03
6.120000 4.582095e-03
6.130000 4.520044e-03
6.140000 4.452910e-03
6.150000 4.365445e-03
6.160000 4.317448e-03
6.170000 4.331650e-03
6.180000 4.286470e-03
6.190000 4.247571e-03
6.200000 4.233259e-03
6.210000 4.324730e-03
6.220000 4.732850e-03
6.230000 4.891952e-03
6.240000 4.644015e-03
6.250000 4.764054e-03
6.260000 5.111252e-03
6.270000 5.548758e-03
6.280000 5.791571e-03
6.290000 5.806492e-03
6.300000 5.711376e-03
6.310000 5.087433e-03
6.320000 4.534814e-03
6.330000 4.486291e-03
6.340000 4.518253e-03
6.350000 4.655679e-03
6.360000 4.805855e-03
6.370000 4.788960e-03
6.380000 5.087162e-03
6.390000 5.245183e-03
6.400000 5.079765e-03
6.410000 5.055172e-03
6.420000 5.128586e-03
6.430000 5.320877e-03
6.440000 5.029296e-03
6.450000 4.827653e-03
6.460000 4.811918e-03
6.470000 4.725506e-03
6.480000 4.653320e-03
6.490000 4.529305e-03
6.500000 4.526076e-03
6.510000 4.349903e-03
6.520000 4.210475e-03
6.530000 4.191353e-03
6.540000 4.199613e-03
6.550000 4.368777e-03
6.560000 4.584493e-03
6.570000 4.402570e-03
6.580000 4.345796e-03
6.590000 4.576839e-03
6.600000 4.492181e-03
6.610000 4.788764e-03
6.620000 4.973132e-03
6.630000 4.894530e-03
6.640000 4.352070e-03
6.650000 3.235626e-03
6.660000 2.959334e-03
6.670000 2.953335e-03
6.680000 3.341867e-03
6.690000 3.821799e-03
6.700000 3.806402e-03
6.710000 3.825487e-03
6.720000 3.837811e-03
6.730000 3.889216e-03
6.740000 3.776327e-03
6.750000 3.806286e-03
6.760000 3.761990e-03
6.770000 3.466621e-03
6.780000 3.348596e-03
6.790000 3.332123e-03
6.800000 3.038722e-03
6.810000 2.549115e-03
6.820000 2.264716e-03
6.830000 2.184270e-03
6.840000 2.352294e-03
6.850000 2.355111e-03
6.860000 2.562863e-03
6.870000 2.794319e-03
6.880000 2.785222e-03
6.890000 2.882122e-03
6.900000 2.387797e-03
6.910000 2.055380e-03
6.920000 2.012579e-03
6.930000 1.901458e-03
6.940000 2.033786e-03
6.950000 2.117271e-03
6.960000 2.102586e-03
6.970000 1.829978e-03
6.980000 1.483645e-03
6.990000 1.422278e-03
7.000000 1.437781e-03
7.010000 1.455933e-03
7.020000 1.556553e-03
7.030000 1.643630e-03
7.040000 1.668861e-03
7.050000 1.675040e-03
7.060000 1.763902e-03
7.070000 1.885411e-03
7.080000 1.892122e-03
7.090000 1.874133e-03
7.100000 1.674404e-03
7.110000 1.545687e-03
7.120000 1.723556e-03
7.130000 1.803051e-03
7.140000 1.792093e-03
7.150000 1.788915e-03
7.160000 1.689570e-03
7.170000 1.630789e-03
7.180000 1.672979e-03
7.190000 1.899572e-03
7.200000 2.260753e-03
7.210000 2.365618e-03
7.220000 2.412091e-03
7.230000 2.480373e-03
7.240000 2.331528e-03
7.250000 2.350446e-03
7.260000 2.356417e-03
7.270000 2.355438e-03
7.280000 2.417807e-03
7.290000 2.432774e-03
7.300000 2.458571e-03
7.310000 2.464830e-03
7.320000 2.643173e-03
7.330000 2.652307e-03
7.340000 2.542483e-03
7.350000 2.681792e-03
7.360000 2.950066e-03
7.370000 3.152898e-03
7.380000 3.169192e-03
7.390000 3.169404e-03
7.400000 3.136380e-03
7.410000 3.083001e-03
7.420000 2.963064e-03
7.430000 2.954033e-03
7.440000 2.819541e-03
7.450000 3.003040e-03
7.460000 3.450659e-03
7.470000 3.510555e-03
7.480000 3.708383e-03
7.490000 3.490266e-03
7.500000 3.111575e-03
7.510000 3.062693e-03
7.520000 3.367608e-03
7.530000 3.945970e-03
7.540000 3.955345e-03
7.550000 3.908464e-03
7.560000 3.829364e-03
7.570000 3.789396e-03
7.580000 3.863177e-03
7.590000 3.866021e-03
7.600000 3.853037e-03
7.610000 3.843657e-03
7.620000 3.925928e-03
7.630000 3.919116e-03
7.640000 3.942405e-03
7.650000 4.140507e-03
7.660000 4.310546e-03
7.670000 3.970641e-03
7.680000 4.036202e-03
7.690000 4.408205e-03
7.700000 4.494616e-03
7.710000 4.869929e-03
7.720000 4.956124e-03
7.730000 4.935891e-03
7.740000 4.578758e-03
7.750000 3.877511e-03
7.760000 3.762546e-03
7.770000 3.784187e-03
7.780000 4.135831e-03
7.790000 4.333148e-03
7.800000 4.222643e-03
7.810000 4.439212e-03
7.820000 4.681497e-03
7.830000 4.566152e-03
7.840000 4.412243e-03
7.850000 4.487992e-03
7.860000 4.445606e-03
7.870000 4.153288e-03
7.880000 3.994163e-03
7.890000 3.967892e-03
7.900000 3.797565e-03
7.910000 3.722177e-03
7.920000 3.701716e-03
7.930000 3.709859e-03
7.940000 3.653682e-03
7.950000 3.322834e-03
7.960000 3.144864e-03
7.970000 3.135070e-03
7.980000 3.319306e-03
7.990000 3.533274e-03
8.000000 3.332620e-03
8.010000 3.245260e-03
8.020000 3.260267e-03
8.030000 2.990178e-03
8.040000 2.999584e-03
8.050000 3.127301e-03
8.060000 3.039321e-03
8.070000 2.833443e-03
8.080000 2.411989e-03
8.090000 2.272128e-03
8.100000 2.237116e-03
8.110000 2.250238e-03
8.120000 2.380957e-03
8.130000 2.260614e-03
8.140000 2.260345e-03
8.150000 2.369730e-03
8.160000 2.584252e-03
8.170000 2.682745e-03
8.180000 2.677949e-03
8.190000 2.582226e-03
8.200000 2.268758e-03
8.210000 2.173837e-03
8.220000 2.219757e-03
8.230000 2.106791e-03
8.240000 1.919053e-03
8.250000 1.920529e-03
8.260000 1.859685e-03
8.270000 1.934331e-03
8.280000 2.035127e-03
8.290000 2.059495e-03
8.300000 2.256061e-03
8.310000 2.288073e-03
8.320000 2.473882e-03
8.330000 2.292143e-03
8.340000 1.861643e-03
8.350000 1.819299e-03
8.360000 1.709040e-03
8.370000 1.906199e-03
8.380000 2.169066e-03
8.390000 2.235251e-03
8.400000 2.093487e-03
8.410000 1.872999e-03
8.420000 1.866085e-03
8.430000 1.823652e-03
8.440000 1.859277e-03
8.450000 1.970207e-03
8.460000 1.971227e-03
8.470000 1.911083e-03
8.480000 1.908313e-03
8.490000 1.857468e-03
8.500000 1.869712e-03
8.510000 1.957206e-03
8.520000 1.960618e-03
8.530000 1.892510e-03
8.540000 1.784847e-03
8.550000 2.103698e-03
8.560000 2.400895e-03
8.570000 2.419008e-03
8.580000 2.527512e-03
8.590000 2.266416e-03
8.600000 2.048766e-03
8.610000 2.068191e-03
8.620000 2.302872e-03
8.630000 2.573324e-03
8.640000 2.562483e-03
8.650000 2.561431e-03
8.660000 2.607164e-03
8.670000 2.808903e-03
8.680000 3.098813e-03
8.690000 3.171574e-03
8.700000 3.133459e-03
8.710000 3.204393e-03
8.720000 3.279345e-03
8.730000 3.277138e-03
8.740000 3.352158e-03
8.750000 3.618004e-03
8.760000 3.687526e-03
8.770000 3.484309e-03
8.780000 3.642713e-03
8.790000 3.805846e-03
8.800000 3.755829e-03
8.810000 3.766061e-03
8.820000 3.782952e-03
8.830000 3.993669e-03
8.840000 4.221604e-03
8.850000 4.173622e-03
8.860000 4.157706e-03
8.870000 4.027206e-03
8.880000 4.005831e-03
8.890000 4.149139e-03
8.900000 4.146180e-03
8.910000 4.465407e-03
8.920000 4.517506e-03
8.930000 4.170755e-03
8.940000 4.089186e-03
8.950000 4.204911e-03
8.960000 4.362190e-03
8.970000 4.132658e-03
8.980000 4.005785e-03
8.990000 4.022744e-03
9.000000 4.143875e-03
9.010000 4.406364e-03
9.020000 4.528926e-03
9.030000 4.471008e-03
9.040000 4.295131e-03
9.050000 4.147271e-03
9.060000 3.977821e-03
9.070000 3.984340e-03
9.080000 4.023352e-03
9.090000 4.050496e-03
9.100000 3.859727e-03
9.110000 3.871986e-03
9.120000 4.241905e-03
9.130000 4.078173e-03
9.140000 4.281011e-03
9.150000 4.418668e-03
9.160000 4.326976e-03
9.170000 4.280770e-03
9.180000 3.818766e-03
9.190000 3.705628e-03
9.200000 3.657891e-03
9.210000 3.940446e-03
9.220000 4.164817e-03
9.230000 3.970780e-03
9.240000 4.068388e-03
9.250000 4.188220e-03
9.260000 4.159615e-03
9.270000 3.997528e-03
9.280000 4.040180e-03
9.290000 4.004563e-03
9.300000 3.860313e-03
9.310000 3.870265e-03
9.320000 3.860373e-03
9.330000 3.661385e-03
9.340000 3.552874e-03
9.350000 3.686354e-03
9.360000 3.670091e-03
9.370000 3.885526e-03
9.380000 3.675317e-03
9.390000 3.350565e-03
9.400000 3.346043e-03
9.410000 3.381052e-03
9.420000 3.553033e-03
9.430000 3.172404e-03
9.440000 2.898953e-03
9.450000 2.861477e-03
9.460000 2.714993e-03
9.470000 2.952610e-03
9.480000 3.175614e-03
9.490000 3.156535e-03
9.500000 3.013476e-03
9.510000 2.856350e-03
9.520000 2.849432e-03
9.530000 2.856807e-03
9.540000 2.782991e-03
9.550000 2.561215e-03
9.560000 2.239241e-03
9.570000 2.146595e-03
9.580000 2.205971e-03
9.590000 2.268767e-03
9.600000 2.439817e-03
9.610000 2.523657e-03
9.620000 2.481753e-03
9.630000 2.348774e-03
9.640000 2.322738e-03
9.650000 2.483779e-03
9.660000 2.486464e-03
9.670000 2.466212e-03
9.680000 2.627265e-03
9.690000 2.625866e-03
9.700000 2.592939e-03
9.710000 2.556224e-03
9.720000 2.411016e-03
9.730000 2.406399e-03
9.740000 2.406977e-03
9.750000 2.540794e-03
9.760000 2.757430e-03
9.770000 2.774293e-03
9.780000 2.832237e-03
9.790000 2.788315e-03
9.800000 2.893886e-03
9.810000 3.222600e-03
9.820000 3.375917e-03
9.830000 3.379658e-03
9.840000 3.404622e-03
9.850000 3.579700e-03
9.860000 3.565345e-03
9.870000 3.529999e-03
9.880000 3.611085e-03
9.890000 3.502277e-03
9.900000 3.197886e-03
9.910000 3.099896e-03
9.920000 3.149724e-03
9.930000 3.321991e-03
9.940000 3.644917e-03
9.950000 3.681089e-03
9.960000 3.695041e-03
9.970000 3.578537e-03
9.980000 3.843455e-03
9.990000 4.261988e-03
10.000000 4.310783e-03
