0.000000 2.636372e-02
0.010000 2.615204e-02
0.020000 2.603316e-02
0.030000 2.580448e-02
0.040000 2.521217e-02
0.050000 2.454510e-02
0.060000 2.351904e-02
0.070000 2.362001e-02
0.080000 2.325288e-02
0.090000 2.252416e-02
0.100000 2.318103e-02
0.110000 2.336118e-02
0.120000 2.210641e-02
0.130000 2.182729e-02
0.140000 2.208083e-02
0.150000 2.172871e-02
0.160000 2.247733e-02
0.170000 2.267455e-02
0.180000 2.285749e-02
0.190000 2.336583e-02
0.200000 2.310378e-02
0.210000 2.247040e-02
0.220000 2.182847e-02
0.230000 2.140903e-02
0.240000 2.146264e-02
0.250000 2.176965e-02
0.260000 2.216665e-02
0.270000 2.315108e-02
0.280000 2.342366e-02
0.290000 2.320627e-02
0.300000 2.374083e-02
0.310000 2.362186e-02
0.320000 2.327981e-02
0.330000 2.403719e-02
0.340000 2.489846e-02
0.350000 2.468843e-02
0.360000 2.490017e-02
0.370000 2.437762e-02
0.380000 2.379362e-02
0.390000 2.374501e-02
0.400000 2.253020e-02
0.410000 2.276309e-02
0.420000 2.309658e-02
0.430000 2.378520e-02
0.440000 2.529809e-02
0.450000 2.549307e-02
0.460000 2.472346e-02
0.470000 2.386338e-02
0.480000 2.320521e-02
0.490000 2.293947e-02
0.500000 2.344104e-02
0.510000 2.381325e-02
0.520000 2.393825e-02
0.530000 2.418931e-02
0.540000 2.403741e-02
0.550000 2.337158e-02
0.560000 2.231506e-02
0.570000 2.178826e-02
0.580000 2.211103e-02
0.590000 2.356825e-02
0.600000 2.429502e-02
0.610000 2.551123e-02
0.620000 2.573490e-02
0.630000 2.391158e-02
0.640000 2.385754e-02
0.650000 2.312218e-02
0.660000 2.213474e-02
0.670000 2.317870e-02
0.680000 2.443609e-02
0.690000 2.609882e-02
0.700000 2.675724e-02
0.710000 2.649629e-02
0.720000 2.591247e-02
0.730000 2.554416e-02
0.740000 2.515685e-02
0.750000 2.533123e-02
0.760000 2.595711e-02
0.770000 2.674979e-02
0.780000 2.791467e-02
0.790000 2.807773e-02
0.800000 2.857739e-02
0.810000 2.885187e-02
0.820000 2.860730e-02
0.830000 2.842763e-02
0.840000 2.955563e-02
0.850000 3.000881e-02
0.860000 2.872942e-02
0.870000 2.856241e-02
0.880000 2.805583e-02
0.890000 2.841319e-02
0.900000 2.897773e-02
0.910000 2.812765e-02
0.920000 2.879693e-02
0.930000 3.020000e-02
0.940000 3.073589e-02
0.950000 3.087743e-02
0.960000 3.070141e-02
0.970000 2.951797e-02
0.980000 2.828643e-02
0.990000 2.703834e-02
1.000000 2.688494e-02
1.010000 2.742749e-02
1.020000 2.641195e-02
1.030000 2.650568e-02
1.040000 2.679608e-02
1.050000 2.654136e-02
1.060000 2.660966e-02
1.070000 2.622342e-02
1.080000 2.569409e-02
1.090000 2.625713e-02
1.100000 2.666286e-02
1.110000 2.604094e-02
1.120000 2.596765e-02
1.130000 2.555563e-02
1.140000 2.409393e-02
1.150000 2.298492e-02
1.160000 2.254058e-02
1.170000 2.257222e-02
1.180000 2.341500e-02
1.190000 2.421142e-02
1.200000 2.465116e-02
1.210000 2.487301e-02
1.220000 2.396632e-02
1.230000 2.334936e-02
1.240000 2.297307e-02
1.250000 2.229206e-02
1.260000 2.311071e-02
1.270000 2.363062e-02
1.280000 2.391634e-02
1.290000 2.450505e-02
1.300000 2.416664e-02
1.310000 2.366821e-02
1.320000 2.372623e-02
1.330000 2.330491e-02
1.340000 2.332554e-02
1.350000 2.369986e-02
1.360000 2.369236e-02
1.370000 2.371288e-02
1.380000 2.374557e-02
1.390000 2.330200e-02
1.400000 2.265168e-02
1.410000 2.228044e-02
1.420000 2.189373e-02
1.430000 2.310640e-02
1.440000 2.418794e-02
1.450000 2.421388e-02
1.460000 2.474776e-02
1.470000 2.405305e-02
1.480000 2.259285e-02
1.490000 2.097031e-02
1.500000 1.961634e-02
1.510000 1.970580e-02
1.520000 2.007326e-02
1.530000 2.064003e-02
1.540000 2.133382e-02
1.550000 2.142904e-02
1.560000 2.075809e-02
1.570000 2.074306e-02
1.580000 2.061216e-02
1.590000 2.034379e-02
1.600000 2.069538e-02
1.610000 2.080072e-02
1.620000 2.070773e-02
1.630000 2.074861e-02
1.640000 2.022368e-02
1.650000 1.820184e-02
1.660000 1.746141e-02
1.670000 1.782569e-02
1.680000 1.799544e-02
1.690000 1.909800e-02
1.700000 1.994557e-02
1.710000 2.116965e-02
1.720000 2.154115e-02
1.730000 2.137216e-02
1.740000 2.192565e-02
1.750000 2.116173e-02
1.760000 2.063585e-02
1.770000 2.106950e-02
1.780000 2.163128e-02
1.790000 2.177170e-02
1.800000 2.205208e-02
1.810000 2.171615e-02
1.820000 2.182800e-02
1.830000 2.306641e-02
1.840000 2.315579e-02
1.850000 2.323492e-02
1.860000 2.374255e-02
1.870000 2.448279e-02
1.880000 2.464748e-02
1.890000 2.459032e-02
1.900000 2.485785e-02
1.910000 2.481437e-02
1.920000 2.511506e-02
1.930000 2.508636e-02
1.940000 2.563563e-02
1.950000 2.553350e-02
1.960000 2.491826e-02
1.970000 2.497989e-02
1.980000 2.485044e-02
1.990000 2.477954e-02
2.000000 2.409799e-02
2.010000 2.330960e-02
2.020000 2.386905e-02
2.030000 2.584050e-02
2.040000 2.660968e-02
2.050000 2.687580e-02
2.060000 2.663381e-02
2.070000 2.486271e-02
2.080000 2.382022e-02
2.090000 2.306655e-02
2.100000 2.277962e-02
2.110000 2.342455e-02
2.120000 2.367080e-02
2.130000 2.403584e-02
2.140000 2.415931e-02
2.150000 2.403960e-02
2.160000 2.364343e-02
2.170000 2.317795e-02
2.180000 2.294218e-02
2.190000 2.312999e-02
2.200000 2.362751e-02
2.210000 2.403784e-02
2.220000 2.447465e-02
2.230000 2.435762e-02
2.240000 2.366201e-02
2.250000 2.316101e-02
2.260000 2.275688e-02
2.270000 2.267945e-02
2.280000 2.376428e-02
2.290000 2.452864e-02
2.300000 2.464329e-02
2.310000 2.476072e-02
2.320000 2.416365e-02
2.330000 2.378121e-02
2.340000 2.388297e-02
2.350000 2.349664e-02
2.360000 2.416173e-02
2.370000 2.526701e-02
2.380000 2.547494e-02
2.390000 2.552981e-02
2.400000 2.543781e-02
2.410000 2.510688e-02
2.420000 2.451986e-02
2.430000 2.397622e-02
2.440000 2.399480e-02
2.450000 2.455209e-02
2.460000 2.464803e-02
2.470000 2.430636e-02
2.480000 2.425802e-02
2.490000 2.379990e-02
2.500000 2.338285e-02
2.510000 2.289618e-02
2.520000 2.227205e-02
2.530000 2.323440e-02
2.540000 2.355074e-02
2.550000 2.368730e-02
2.560000 2.417378e-02
2.570000 2.359061e-02
2.580000 2.191676e-02
2.590000 2.034909e-02
2.600000 1.988611e-02
2.610000 1.992946e-02
2.620000 2.041388e-02
2.630000 2.070552e-02
2.640000 2.063234e-02
2.650000 2.063425e-02
2.660000 2.074703e-02
2.670000 2.057607e-02
2.680000 1.999763e-02
2.690000 1.988752e-02
2.700000 1.978662e-02
2.710000 1.962833e-02
2.720000 1.953494e-02
2.730000 1.968739e-02
2.740000 1.913820e-02
2.750000 1.828952e-02
2.760000 1.930367e-02
2.770000 1.984029e-02
2.780000 1.996236e-02
2.790000 2.052276e-02
2.800000 2.061487e-02
2.810000 2.073258e-02
2.820000 2.075539e-02
2.830000 2.074282e-02
2.840000 2.035805e-02
2.850000 2.000948e-02
2.860000 1.992696e-02
2.870000 2.037544e-02
2.880000 2.096567e-02
2.890000 2.151118e-02
2.900000 2.213931e-02
2.910000 2.194109e-02
2.920000 2.218010e-02
2.930000 2.225225e-02
2.940000 2.176047e-02
2.950000 2.180436e-02
2.960000 2.212702e-02
2.970000 2.231147e-02
2.980000 2.171806e-02
2.990000 2.164291e-02
3.000000 2.169828e-02
3.010000 2.186202e-02
3.020000 2.202961e-02
3.030000 2.197394e-02
3.040000 2.231118e-02
3.050000 2.275386e-02
3.060000 2.329592e-02
3.070000 2.361018e-02
3.080000 2.309572e-02
3.090000 2.147746e-02
3.100000 2.007598e-02
3.110000 1.949069e-02
3.120000 1.985638e-02
3.130000 2.107877e-02
3.140000 2.182039e-02
3.150000 2.239097e-02
3.160000 2.236569e-02
3.170000 2.198221e-02
3.180000 2.181223e-02
3.190000 2.119394e-02
3.200000 2.103459e-02
3.210000 2.100769e-02
3.220000 2.105997e-02
3.230000 2.133691e-02
3.240000 2.148090e-02
3.250000 2.128949e-02
3.260000 2.131339e-02
3.270000 2.199286e-02
3.280000 2.226918e-02
3.290000 2.248272e-02
3.300000 2.332864e-02
3.310000 2.364203e-02
3.320000 2.351772e-02
3.330000 2.350996e-02
3.340000 2.334398e-02
3.350000 2.312934e-02
3.360000 2.301885e-02
3.370000 2.296276e-02
3.380000 2.341659e-02
3.390000 2.429939e-02
3.400000 2.514069e-02
3.410000 2.536302e-02
3.420000 2.537369e-02
3.430000 2.556054e-02
3.440000 2.500899e-02
3.450000 2.435023e-02
3.460000 2.480683e-02
3.470000 2.559482e-02
3.480000 2.556579e-02
3.490000 2.530129e-02
3.500000 2.528177e-02
3.510000 2.488199e-02
3.520000 2.449286e-02
3.530000 2.455186e-02
3.540000 2.461852e-02
3.550000 2.537935e-02
3.560000 2.547429e-02
3.570000 2.507766e-02
3.580000 2.502410e-02
3.590000 2.477672e-02
3.600000 2.425119e-02
3.610000 2.311661e-02
3.620000 2.254439e-02
3.630000 2.269455e-02
3.640000 2.254023e-02
3.650000 2.286094e-02
3.660000 2.328002e-02
3.670000 2.304140e-02
3.680000 2.259928e-02
3.690000 2.243999e-02
3.700000 2.220716e-02
3.710000 2.224101e-02
3.720000 2.237040e-02
3.730000 2.207140e-02
3.740000 2.177477e-02
3.750000 2.171908e-02
3.760000 2.158796e-02
3.770000 2.084628e-02
3.780000 2.092893e-02
3.790000 2.117566e-02
3.800000 2.112431e-02
3.810000 2.139341e-02
3.820000 2.149105e-02
3.830000 2.156790e-02
3.840000 2.153611e-02
3.850000 2.197467e-02
3.860000 2.256865e-02
3.870000 2.239292e-02
3.880000 2.245460e-02
3.890000 2.279162e-02
3.900000 2.287117e-02
3.910000 2.280145e-02
3.920000 2.279078e-02
3.930000 2.231923e-02
3.940000 2.195476e-02
3.950000 2.160874e-02
3.960000 2.128624e-02
3.970000 2.182460e-02
3.980000 2.216930e-02
3.990000 2.318582e-02
4.000000 2.376863e-02
4.010000 2.378004e-02
4.020000 2.379828e-02
4.030000 2.314239e-02
4.040000 2.274908e-02
4.050000 2.275569e-02
4.060000 2.278579e-02
4.070000 2.233214e-02
4.080000 2.169029e-02
4.090000 2.165985e-02
4.100000 2.173230e-02
4.110000 2.128801e-02
4.120000 2.077013e-02
4.130000 2.070132e-02
4.140000 2.083257e-02
4.150000 2.127636e-02
4.160000 2.197981e-02
4.170000 2.241932e-02
4.180000 2.184489e-02
4.190000 2.099286e-02
4.200000 2.085307e-02
4.210000 2.041215e-02
4.220000 2.062447e-02
4.230000 2.075921e-02
4.240000 2.057623e-02
4.250000 2.067383e-02
4.260000 2.069728e-02
4.270000 2.078648e-02
4.280000 2.054701e-02
4.290000 2.060169e-02
4.300000 2.075494e-02
4.310000 2.041102e-02
4.320000 2.085100e-02
4.330000 2.165500e-02
4.340000 2.187286e-02
4.350000 2.207579e-02
4.360000 2.275567e-02
4.370000 2.300821e-02
4.380000 2.276893e-02
4.390000 2.292537e-02
4.400000 2.296032e-02
4.410000 2.246550e-02
4.420000 2.222931e-02
4.430000 2.220456e-02
4.440000 2.221947e-02
4.450000 2.277889e-02
4.460000 2.291983e-02
4.470000 2.285164e-02
4.480000 2.346310e-02
4.490000 2.460778e-02
4.500000 2.575449e-02
4.510000 2.603712e-02
4.520000 2.612752e-02
4.530000 2.574806e-02
4.540000 2.415677e-02
4.550000 2.344092e-02
4.560000 2.352475e-02
4.570000 2.352537e-02
4.580000 2.337870e-02
4.590000 2.311666e-02
4.600000 2.321057e-02
4.610000 2.354493e-02
4.620000 2.405711e-02
4.630000 2.421838e-02
4.640000 2.422152e-02
4.650000 2.421821e-02
4.660000 2.375485e-02
4.670000 2.361738e-02
4.680000 2.365759e-02
4.690000 2.333889e-02
4.700000 2.256913e-02
4.710000 2.187725e-02
4.720000 2.167878e-02
4.730000 2.182557e-02
4.740000 2.199294e-02
4.750000 2.195088e-02
4.760000 2.209009e-02
4.770000 2.213978e-02
4.780000 2.271467e-02
4.790000 2.284682e-02
4.800000 2.247144e-02
4.810000 2.238429e-02
4.820000 2.174151e-02
4.830000 2.180739e-02
4.840000 2.245474e-02
4.850000 2.252556e-02
4.860000 2.257311e-02
4.870000 2.262737e-02
4.880000 2.273561e-02
4.890000 2.270583e-02
4.900000 2.284534e-02
4.910000 2.297503e-02
4.920000 2.293773e-02
4.930000 2.287873e-02
4.940000 2.302281e-02
4.950000 2.345842e-02
4.960000 2.356846e-02
4.970000 2.349558e-02
4.980000 2.361726e-02
4.990000 2.450020e-02
5.000000 2.482236e-02
5.010000 2.511233e-02
5.020000 2.522396e-02
5.030000 2.467141e-02
5.040000 2.418574e-02
5.050000 2.286656e-02
5.060000 2.222926e-02
5.070000 2.235064e-02
5.080000 2.236467e-02
5.090000 2.320504e-02
5.100000 2.343876e-02
5.110000 2.375171e-02
5.120000 2.445241e-02
5.130000 2.434429e-02
5.140000 2.403155e-02
5.150000 2.400434e-02
5.160000 2.347375e-02
5.170000 2.255477e-02
5.180000 2.219462e-02
5.190000 2.217004e-02
5.200000 2.177288e-02
5.210000 2.073878e-02
5.220000 2.034329e-02
5.230000 2.035131e-02
5.240000 2.055140e-02
5.250000 2.108872e-02
5.260000 2.172994e-02
5.270000 2.201545e-02
5.280000 2.200721e-02
5.290000 2.250346e-02
5.300000 2.235316e-02
5.310000 2.162143e-02
5.320000 2.153835e-02
5.330000 2.047569e-02
5.340000 1.981812e-02
5.350000 2.015300e-02
5.360000 2.019360e-02
5.370000 2.031774e-02
5.380000 2.077573e-02
5.390000 2.111094e-02
5.400000 2.116220e-02
5.410000 2.136621e-02
5.420000 2.193720e-02
5.430000 2.244529e-02
5.440000 2.242886e-02
5.450000 2.281149e-02
5.460000 2.320713e-02
5.470000 2.288428e-02
5.480000 2.261241e-02
5.490000 2.258751e-02
5.500000 2.233230e-02
5.510000 2.226361e-02
5.520000 2.245298e-02
5.530000 2.243687e-02
5.540000 2.238796e-02
5.550000 2.251290e-02
5.560000 2.191845e-02
5.570000 2.173435e-02
5.580000 2.227979e-02
5.590000 2.251315e-02
5.600000 2.306602e-02
5.610000 2.331973e-02
5.620000 2.357841e-02
5.630000 2.384787e-02
5.640000 2.297694e-02
5.650000 2.260101e-02
5.660000 2.235285e-02
5.670000 2.136704e-02
5.680000 2.074889e-02
5.690000 2.046574e-02
5.700000 2.055797e-02
5.710000 2.099886e-02
5.720000 2.120920e-02
5.730000 2.112919e-02
5.740000 2.109530e-02
5.750000 2.069054e-02
5.760000 2.081691e-02
5.770000 2.139772e-02
5.780000 2.151961e-02
5.790000 2.140962e-02
5.800000 2.117329e-02
5.810000 2.097926e-02
5.820000 2.070901e-02
5.830000 2.090007e-02
5.840000 2.021892e-02
5.850000 1.949953e-02
5.860000 1.997702e-02
5.870000 1.995443e-02
5.880000 2.047633e-02
5.890000 2.099719e-02
5.900000 2.067733e-02
5.910000 2.062432e-02
5.920000 2.069336e-02
5.930000 2.170451e-02
5.940000 2.264503e-02
5.950000 2.274496e-02
5.960000 2.294410e-02
5.970000 2.302689e-02
5.980000 2.241442e-02
5.990000 2.213786e-02
6.000000 2.206169e-02
6.010000 2.200259e-02
6.020000 2.241089e-02
6.030000 2.252198e-02
6.040000 2.265391e-02
6.050000 2.305428e-02
6.060000 2.319670e-02
6.070000 2.279279e-02
6.080000 2.290613e-02
6.090000 2.352662e-02
6.100000 2.336750e-02
6.110000 2.401964e-02
6.120000 2.425912e-02
6.130000 2.395531e-02
6.140000 2.369748e-02
6.150000 2.255076e-02
6.160000 2.209993e-02
6.170000 2.214192e-02
6.180000 2.201979e-02
6.190000 2.189607e-02
6.200000 2.171088e-02
6.210000 2.208870e-02
6.220000 2.316887e-02
6.230000 2.312543e-02
6.240000 2.263533e-02
6.250000 2.249037e-02
6.260000 2.143758e-02
6.270000 2.087581e-02
6.280000 2.143375e-02
6.290000 2.153365e-02
6.300000 2.128723e-02
6.310000 2.114294e-02
6.320000 2.091624e-02
6.330000 2.068806e-02
6.340000 2.110698e-02
6.350000 2.111681e-02
6.360000 2.097002e-02
6.370000 2.102546e-02
6.380000 2.111727e-02
6.390000 2.159509e-02
6.400000 2.159143e-02
6.410000 2.135354e-02
6.420000 2.126018e-02
6.430000 2.071069e-02
6.440000 2.073252e-02
6.450000 2.156048e-02
6.460000 2.169590e-02
6.470000 2.211124e-02
6.480000 2.262128e-02
6.490000 2.194763e-02
6.500000 2.166034e-02
6.510000 2.171864e-02
6.520000 2.156132e-02
6.530000 2.174559e-02
6.540000 2.167655e-02
6.550000 2.212595e-02
6.560000 2.281239e-02
6.570000 2.257778e-02
6.580000 2.228443e-02
6.590000 2.230684e-02
6.600000 2.223515e-02
6.610000 2.219411e-02
6.620000 2.244063e-02
6.630000 2.236970e-02
6.640000 2.189677e-02
6.650000 2.173854e-02
6.660000 2.095136e-02
6.670000 2.072349e-02
6.680000 2.097934e-02
6.690000 2.024155e-02
6.700000 2.032343e-02
6.710000 2.049140e-02
6.720000 2.103513e-02
6.730000 2.186732e-02
6.740000 2.128962e-02
6.750000 2.094950e-02
6.760000 2.047882e-02
6.770000 1.889540e-02
6.780000 1.821803e-02
6.790000 1.854924e-02
6.800000 1.853166e-02
6.810000 1.862664e-02
6.820000 1.856694e-02
6.830000 1.817664e-02
6.840000 1.813809e-02
6.850000 1.855066e-02
6.860000 1.924373e-02
6.870000 1.937238e-02
6.880000 1.934969e-02
6.890000 1.903895e-02
6.900000 1.863218e-02
6.910000 1.860711e-02
6.920000 1.839044e-02
6.930000 1.837740e-02
6.940000 1.776083e-02
6.950000 1.843921e-02
6.960000 1.976263e-02
6.970000 1.980082e-02
6.980000 2.013027e-02
6.990000 2.002916e-02
7.000000 1.894860e-02
7.010000 1.880744e-02
7.020000 1.917884e-02
7.030000 1.922754e-02
7.040000 1.953362e-02
7.050000 1.967819e-02
7.060000 2.002157e-02
7.070000 2.087905e-02
7.080000 2.089760e-02
7.090000 2.087291e-02
7.100000 2.072028e-02
7.110000 2.048267e-02
7.120000 2.037571e-02
7.130000 2.032721e-02
7.140000 2.031523e-02
7.150000 2.029052e-02
7.160000 2.004011e-02
7.170000 1.914250e-02
7.180000 1.912174e-02
7.190000 1.913093e-02
7.200000 1.908372e-02
7.210000 1.971731e-02
7.220000 1.987187e-02
7.230000 1.999201e-02
7.240000 2.052248e-02
7.250000 2.066761e-02
7.260000 2.050781e-02
7.270000 2.044097e-02
7.280000 1.913299e-02
7.290000 1.795485e-02
7.300000 1.797792e-02
7.310000 1.799451e-02
7.320000 1.844001e-02
7.330000 1.835617e-02
7.340000 1.794362e-02
7.350000 1.790702e-02
7.360000 1.781126e-02
7.370000 1.832251e-02
7.380000 1.905361e-02
7.390000 1.917542e-02
7.400000 1.925129e-02
7.410000 1.959875e-02
7.420000 1.937028e-02
7.430000 1.914753e-02
7.440000 1.912152e-02
7.450000 1.863591e-02
7.460000 1.856480e-02
7.470000 1.879987e-02
7.480000 1.876878e-02
7.490000 1.921216e-02
7.500000 1.968465e-02
7.510000 1.918525e-02
7.520000 1.930213e-02
7.530000 1.938199e-02
7.540000 1.936226e-02
7.550000 2.028889e-02
7.560000 2.047807e-02
7.570000 2.092466e-02
7.580000 2.157277e-02
7.590000 2.101464e-02
7.600000 2.073782e-02
7.610000 2.077602e-02
7.620000 2.051778e-02
7.630000 2.022263e-02
7.640000 2.001929e-02
7.650000 2.029192e-02
7.660000 2.047875e-02
7.670000 1.982122e-02
7.680000 1.934490e-02
7.690000 1.951317e-02
7.700000 1.975014e-02
7.710000 1.973916e-02
7.720000 2.023278e-02
7.730000 2.019371e-02
7.740000 1.991875e-02
7.750000 2.035213e-02
7.760000 1.947573e-02
7.770000 1.913247e-02
7.780000 1.928271e-02
7.790000 1.823385e-02
7.800000 1.790195e-02
7.810000 1.795384e-02
7.820000 1.801648e-02
7.830000 1.796521e-02
7.840000 1.741739e-02
7.850000 1.719725e-02
7.860000 1.704072e-02
7.870000 1.655820e-02
7.880000 1.706020e-02
7.890000 1.797801e-02
7.900000 1.803210e-02
7.910000 1.827682e-02
7.920000 1.791482e-02
7.930000 1.706317e-02
7.940000 1.695562e-02
7.950000 1.720478e-02
7.960000 1.674600e-02
7.970000 1.644830e-02
7.980000 1.658363e-02
7.990000 1.621440e-02
8.000000 1.629406e-02
8.010000 1.632559e-02
8.020000 1.595994e-02
8.030000 1.612077e-02
8.040000 1.648224e-02
8.050000 1.736077e-02
8.060000 1.798901e-02
8.070000 1.793295e-02
8.080000 1.778675e-02
8.090000 1.774366e-02
8.100000 1.710615e-02
8.110000 1.699437e-02
8.120000 1.662858e-02
8.130000 1.539947e-02
8.140000 1.510119e-02
8.150000 1.510013e-02
8.160000 1.576922e-02
8.170000 1.665072e-02
8.180000 1.679160e-02
8.190000 1.683217e-02
8.200000 1.668976e-02
8.210000 1.607125e-02
8.220000 1.550038e-02
8.230000 1.562898e-02
8.240000 1.553523e-02
8.250000 1.546566e-02
8.260000 1.512754e-02
8.270000 1.453964e-02
8.280000 1.450749e-02
8.290000 1.449125e-02
8.300000 1.415770e-02
8.310000 1.369434e-02
8.320000 1.362177e-02
8.330000 1.350093e-02
8.340000 1.390560e-02
8.350000 1.441183e-02
8.360000 1.435332e-02
8.370000 1.413804e-02
8.380000 1.319608e-02
8.390000 1.339579e-02
8.400000 1.412974e-02
8.410000 1.410181e-02
8.420000 1.412133e-02
8.430000 1.365722e-02
8.440000 1.307729e-02
8.450000 1.306074e-02
8.460000 1.327629e-02
8.470000 1.330995e-02
8.480000 1.350873e-02
8.490000 1.361406e-02
8.500000 1.366053e-02
8.510000 1.431580e-02
8.520000 1.493374e-02
8.530000 1.501513e-02
8.540000 1.522059e-02
8.550000 1.545305e-02
8.560000 1.539533e-02
8.570000 1.563216e-02
8.580000 1.548632e-02
8.590000 1.535086e-02
8.600000 1.506982e-02
8.610000 1.408625e-02
8.620000 1.407725e-02
8.630000 1.422277e-02
8.640000 1.477122e-02
8.650000 1.557948e-02
8.660000 1.568960e-02
8.670000 1.624632e-02
8.680000 1.708412e-02
8.690000 1.708971e-02
8.700000 1.692253e-02
8.710000 1.703024e-02
8.720000 1.648065e-02
8.730000 1.575221e-02
8.740000 1.564380e-02
8.750000 1.543044e-02
8.760000 1.472607e-02
8.770000 1.416543e-02
8.780000 1.374658e-02
8.790000 1.398972e-02
8.800000 1.476788e-02
8.810000 1.508685e-02
8.820000 1.556953e-02
8.830000 1.562328e-02
8.840000 1.587199e-02
8.850000 1.621477e-02
8.860000 1.541161e-02
8.870000 1.518146e-02
8.880000 1.489885e-02
8.890000 1.396290e-02
8.900000 1.360214e-02
8.910000 1.372427e-02
8.920000 1.350033e-02
8.930000 1.350568e-02
8.940000 1.356844e-02
8.950000 1.322601e-02
8.960000 1.336260e-02
8.970000 1.347089e-02
8.980000 1.373815e-02
8.990000 1.399330e-02
9.000000 1.403846e-02
9.010000 1.429182e-02
9.020000 1.449654e-02
9.030000 1.455756e-02
9.040000 1.453952e-02
9.050000 1.439856e-02
9.060000 1.353732e-02
9.070000 1.316837e-02
9.080000 1.321368e-02
9.090000 1.331615e-02
9.100000 1.343294e-02
9.110000 1.294241e-02
9.120000 1.264750e-02
9.130000 1.288042e-02
9.140000 1.329236e-02
9.150000 1.306777e-02
9.160000 1.295611e-02
9.170000 1.290210e-02
9.180000 1.335096e-02
9.190000 1.428962e-02
9.200000 1.399060e-02
9.210000 1.390768e-02
9.220000 1.300569e-02
9.230000 1.160720e-02
9.240000 1.101624e-02
9.250000 1.092001e-02
9.260000 1.106343e-02
9.270000 1.078213e-02
9.280000 1.054060e-02
9.290000 1.048272e-02
9.300000 1.057199e-02
9.310000 1.049277e-02
9.320000 1.057609e-02
9.330000 1.079981e-02
9.340000 1.080963e-02
9.350000 1.080993e-02
9.360000 1.034147e-02
9.370000 1.012892e-02
9.380000 1.012176e-02
9.390000 9.864753e-03
9.400000 8.927897e-03
9.410000 8.525099e-03
9.420000 8.546603e-03
9.430000 8.123799e-03
9.440000 8.240810e-03
9.450000 8.111702e-03
9.460000 7.856561e-03
9.470000 7.987921e-03
9.480000 8.446885e-03
9.490000 9.415402e-03
9.500000 9.815524e-03
9.510000 9.724059e-03
9.520000 9.247364e-03
9.530000 8.759109e-03
9.540000 8.736014e-03
9.550000 8.723684e-03
9.560000 8.486525e-03
9.570000 8.221199e-03
9.580000 8.149059e-03
9.590000 8.134116e-03
9.600000 8.349283e-03
9.610000 8.793125e-03
9.620000 9.029155e-03
9.630000 8.910824e-03
9.640000 9.292808e-03
9.650000 9.420059e-03
9.660000 9.423968e-03
9.670000 9.771124e-03
9.680000 9.621818e-03
9.690000 9.590623e-03
9.700000 9.431612e-03
9.710000 9.183641e-03
9.720000 9.158386e-03
9.730000 9.132273e-03
9.740000 9.126231e-03
9.750000 8.774199e-03
9.760000 8.708511e-03
9.770000 9.101544e-03
9.780000 9.448549e-03
9.790000 9.436397e-03
9.800000 9.382183e-03
9.810000 9.375590e-03
9.820000 9.242474e-03
9.830000 9.269626e-03
9.840000 9.373161e-03
9.850000 9.163296e-03
9.860000 8.878475e-03
9.870000 8.994500e-03
9.880000 8.881892e-03
9.890000 8.963623e-03
9.900000 8.896366e-03
9.910000 8.387338e-03
9.920000 8.200293e-03
9.930000 8.228861e-03
9.940000 8.667239e-03
9.950000 9.055164e-03
9.960000 9.202036e-03
9.970000 9.234197e-03
9.980000 9.246652e-03
9.990000 9.020831e-03
10.000000 8.786381e-03
