0.000000 2.024113e-02
0.010000 1.974710e-02
0.020000 1.910421e-02
0.030000 1.914680e-02
0.040000 1.924927e-02
0.050000 2.002513e-02
0.060000 2.011793e-02
0.070000 2.005103e-02
0.080000 1.882000e-02
0.090000 1.728884e-02
0.100000 1.734644e-02
0.110000 1.741110e-02
0.120000 1.683031e-02
0.130000 1.649114e-02
0.140000 1.704294e-02
0.150000 1.716106e-02
0.160000 1.753692e-02
0.170000 1.748472e-02
0.180000 1.702716e-02
0.190000 1.717730e-02
0.200000 1.715472e-02
0.210000 1.725661e-02
0.220000 1.648267e-02
0.230000 1.611441e-02
0.240000 1.596426e-02
0.250000 1.523413e-02
0.260000 1.492995e-02
0.270000 1.512542e-02
0.280000 1.526208e-02
0.290000 1.472119e-02
0.300000 1.488192e-02
0.310000 1.541661e-02
0.320000 1.544429e-02
0.330000 1.564585e-02
0.340000 1.630204e-02
0.350000 1.655012e-02
0.360000 1.653343e-02
0.370000 1.633038e-02
0.380000 1.545241e-02
0.390000 1.490882e-02
0.400000 1.441216e-02
0.410000 1.435317e-02
0.420000 1.396863e-02
0.430000 1.357082e-02
0.440000 1.458566e-02
0.450000 1.508069e-02
0.460000 1.464202e-02
0.470000 1.431947e-02
0.480000 1.446435e-02
0.490000 1.462949e-02
0.500000 1.473053e-02
0.510000 1.505042e-02
0.520000 1.502598e-02
0.530000 1.500719e-02
0.540000 1.502681e-02
0.550000 1.490243e-02
0.560000 1.412191e-02
0.570000 1.399892e-02
0.580000 1.410014e-02
0.590000 1.379574e-02
0.600000 1.369457e-02
0.610000 1.382744e-02
0.620000 1.437000e-02
0.630000 1.389349e-02
0.640000 1.443458e-02
0.650000 1.596773e-02
0.660000 1.596260e-02
0.670000 1.598182e-02
0.680000 1.601841e-02
0.690000 1.642579e-02
0.700000 1.650693e-02
0.710000 1.646762e-02
0.720000 1.634379e-02
0.730000 1.658155e-02
0.740000 1.724167e-02
0.750000 1.741475e-02
0.760000 1.696174e-02
0.770000 1.621619e-02
0.780000 1.685076e-02
0.790000 1.740301e-02
0.800000 1.766696e-02
0.810000 1.855066e-02
0.820000 1.943585e-02
0.830000 2.027809e-02
0.840000 2.038227e-02
0.850000 2.093714e-02
0.860000 2.033931e-02
0.870000 1.933793e-02
0.880000 1.927665e-02
0.890000 1.947333e-02
0.900000 2.050045e-02
0.910000 2.064553e-02
0.920000 2.052345e-02
0.930000 2.056604e-02
0.940000 2.084472e-02
0.950000 2.110693e-02
0.960000 2.121368e-02
0.970000 2.092682e-02
0.980000 2.061178e-02
0.990000 2.101865e-02
1.000000 2.059941e-02
1.010000 2.064339e-02
1.020000 2.023066e-02
1.030000 1.998346e-02
1.040000 2.053617e-02
1.050000 2.061588e-02
1.060000 2.095126e-02
1.070000 2.050430e-02
1.080000 2.008011e-02
1.090000 2.004067e-02
1.100000 2.011414e-02
1.110000 1.979572e-02
1.120000 1.931275e-02
1.130000 1.940797e-02
1.140000 1.907882e-02
1.150000 1.851410e-02
1.160000 1.831435e-02
1.170000 1.837547e-02
1.180000 1.843484e-02
1.190000 1.891450e-02
1.200000 1.909426e-02
1.210000 1.919538e-02
1.220000 1.922656e-02
1.230000 1.864924e-02
1.240000 1.843611e-02
1.250000 1.771744e-02
1.260000 1.728305e-02
1.270000 1.745810e-02
1.280000 1.737431e-02
1.290000 1.777051e-02
1.300000 1.808187e-02
1.310000 1.782318e-02
1.320000 1.722748e-02
1.330000 1.693547e-02
1.340000 1.697445e-02
1.350000 1.689365e-02
1.360000 1.630901e-02
1.370000 1.600599e-02
1.380000 1.603167e-02
1.390000 1.600595e-02
1.400000 1.615359e-02
1.410000 1.597338e-02
1.420000 1.607633e-02
1.430000 1.604642e-02
1.440000 1.635363e-02
1.450000 1.551379e-02
1.460000 1.418973e-02
1.470000 1.421125e-02
1.480000 1.385022e-02
1.490000 1.331113e-02
1.500000 1.302076e-02
1.510000 1.318443e-02
1.520000 1.307803e-02
1.530000 1.248650e-02
1.540000 1.242283e-02
1.550000 1.236205e-02
1.560000 1.233997e-02
1.570000 1.250206e-02
1.580000 1.313678e-02
1.590000 1.300802e-02
1.600000 1.279551e-02
1.610000 1.232109e-02
1.620000 1.094858e-02
1.630000 1.045104e-02
1.640000 1.048945e-02
1.650000 1.033336e-02
1.660000 9.553490e-03
1.670000 1.016061e-02
1.680000 1.186357e-02
1.690000 1.219482e-02
1.700000 1.209094e-02
1.710000 1.168837e-02
1.720000 1.162844e-02
1.730000 1.170673e-02
1.740000 1.202158e-02
1.750000 1.252622e-02
1.760000 1.235645e-02
1.770000 1.236247e-02
1.780000 1.232767e-02
1.790000 1.216721e-02
1.800000 1.205840e-02
1.810000 1.265047e-02
1.820000 1.274334e-02
1.830000 1.269550e-02
1.840000 1.357691e-02
1.850000 1.384431e-02
1.860000 1.388799e-02
1.870000 1.382343e-02
1.880000 1.450131e-02
1.890000 1.507516e-02
1.900000 1.486429e-02
1.910000 1.493846e-02
1.920000 1.476719e-02
1.930000 1.488766e-02
1.940000 1.482690e-02
1.950000 1.490026e-02
1.960000 1.503544e-02
1.970000 1.535976e-02
1.980000 1.592298e-02
1.990000 1.597519e-02
2.000000 1.545228e-02
2.010000 1.502389e-02
2.020000 1.527895e-02
2.030000 1.528292e-02
2.040000 1.576776e-02
2.050000 1.602497e-02
2.060000 1.633645e-02
2.070000 1.685002e-02
2.080000 1.675167e-02
2.090000 1.698575e-02
2.100000 1.635255e-02
2.110000 1.555842e-02
2.120000 1.557722e-02
2.130000 1.578194e-02
2.140000 1.626798e-02
2.150000 1.664202e-02
2.160000 1.667709e-02
2.170000 1.662573e-02
2.180000 1.694044e-02
2.190000 1.741556e-02
2.200000 1.760673e-02
2.210000 1.736468e-02
2.220000 1.723763e-02
2.230000 1.691273e-02
2.240000 1.648099e-02
2.250000 1.657212e-02
2.260000 1.660787e-02
2.270000 1.715874e-02
2.280000 1.725593e-02
2.290000 1.739390e-02
2.300000 1.744369e-02
2.310000 1.707436e-02
2.320000 1.721927e-02
2.330000 1.726598e-02
2.340000 1.758122e-02
2.350000 1.770121e-02
2.360000 1.760099e-02
2.370000 1.758610e-02
2.380000 1.733595e-02
2.390000 1.616991e-02
2.400000 1.506999e-02
2.410000 1.494623e-02
2.420000 1.515034e-02
2.430000 1.586132e-02
2.440000 1.577476e-02
2.450000 1.571095e-02
2.460000 1.556447e-02
2.470000 1.533046e-02
2.480000 1.493984e-02
2.490000 1.402331e-02
2.500000 1.401856e-02
2.510000 1.373335e-02
2.520000 1.356524e-02
2.530000 1.374980e-02
2.540000 1.375795e-02
2.550000 1.283212e-02
2.560000 1.121373e-02
2.570000 1.081174e-02
2.580000 1.091667e-02
2.590000 1.088525e-02
2.600000 1.074868e-02
2.610000 1.078026e-02
2.620000 1.083089e-02
2.630000 1.100696e-02
2.640000 1.119331e-02
2.650000 1.058080e-02
2.660000 1.052128e-02
2.670000 1.047440e-02
2.680000 1.000610e-02
2.690000 9.131139e-03
2.700000 8.687119e-03
2.710000 8.821426e-03
2.720000 8.294527e-03
2.730000 8.145462e-03
2.740000 8.358813e-03
2.750000 8.443489e-03
2.760000 8.395256e-03
2.770000 8.647169e-03
2.780000 9.273129e-03
2.790000 9.324418e-03
2.800000 9.330481e-03
2.810000 9.400625e-03
2.820000 9.415524e-03
2.830000 9.406632e-03
2.840000 9.425848e-03
2.850000 8.827629e-03
2.860000 8.179326e-03
2.870000 8.213483e-03
2.880000 8.222359e-03
2.890000 8.188887e-03
2.900000 8.114477e-03
2.910000 8.797506e-03
2.920000 9.462838e-03
2.930000 9.495854e-03
2.940000 9.647671e-03
2.950000 9.479944e-03
2.960000 9.267040e-03
2.970000 9.257667e-03
2.980000 9.442966e-03
2.990000 9.416550e-03
3.000000 9.315776e-03
3.010000 9.340270e-03
3.020000 9.202637e-03
3.030000 8.813797e-03
3.040000 8.866550e-03
3.050000 9.332861e-03
3.060000 9.161379e-03
3.070000 9.146864e-03
3.080000 9.127478e-03
3.090000 8.984391e-03
3.100000 8.972802e-03
3.110000 9.282555e-03
3.120000 1.041374e-02
3.130000 1.062194e-02
3.140000 1.053380e-02
3.150000 1.033654e-02
3.160000 1.000699e-02
3.170000 1.010594e-02
3.180000 1.016164e-02
3.190000 1.005104e-02
3.200000 1.013656e-02
3.210000 1.087157e-02
3.220000 1.129568e-02
3.230000 1.121570e-02
3.240000 1.082370e-02
3.250000 1.080803e-02
3.260000 1.095445e-02
3.270000 1.099922e-02
3.280000 1.191108e-02
3.290000 1.216908e-02
3.300000 1.259088e-02
3.310000 1.279350e-02
3.320000 1.279951e-02
3.330000 1.266881e-02
3.340000 1.183088e-02
3.350000 1.162379e-02
3.360000 1.173516e-02
3.370000 1.266051e-02
3.380000 1.325310e-02
3.390000 1.318368e-02
3.400000 1.317775e-02
3.410000 1.330190e-02
3.420000 1.333791e-02
3.430000 1.301560e-02
3.440000 1.295329e-02
3.450000 1.248357e-02
3.460000 1.232582e-02
3.470000 1.198743e-02
3.480000 1.188486e-02
3.490000 1.195067e-02
3.500000 1.188142e-02
3.510000 1.254412e-02
3.520000 1.269241e-02
3.530000 1.303225e-02
3.540000 1.251407e-02
3.550000 1.152278e-02
3.560000 1.145749e-02
3.570000 1.139655e-02
3.580000 1.117610e-02
3.590000 1.048552e-02
3.600000 1.023462e-02
3.610000 1.014551e-02
3.620000 9.955192e-03
3.630000 9.817865e-03
3.640000 9.669665e-03
3.650000 9.660267e-03
3.660000 9.806074e-03
3.670000 1.030625e-02
3.680000 1.026509e-02
3.690000 1.021750e-02
3.700000 9.735034e-03
3.710000 9.049452e-03
3.720000 8.678058e-03
3.730000 8.376675e-03
3.740000 8.386450e-03
3.750000 7.967809e-03
3.760000 8.100472e-03
3.770000 8.438546e-03
3.780000 8.426849e-03
3.790000 8.323687e-03
3.800000 8.168514e-03
3.810000 8.307264e-03
3.820000 8.339031e-03
3.830000 8.144691e-03
3.840000 7.878497e-03
3.850000 7.663857e-03
3.860000 7.545930e-03
3.870000 7.853221e-03
3.880000 7.885656e-03
3.890000 7.847102e-03
3.900000 7.983849e-03
3.910000 7.850716e-03
3.920000 7.404157e-03
3.930000 6.604371e-03
3.940000 6.354665e-03
3.950000 6.278623e-03
3.960000 6.156647e-03
3.970000 6.388686e-03
3.980000 6.554680e-03
3.990000 6.574526e-03
4.000000 6.386601e-03
4.010000 6.391569e-03
4.020000 6.287795e-03
4.030000 6.176934e-03
4.040000 6.215250e-03
4.050000 6.190673e-03
4.060000 5.989679e-03
4.070000 5.895191e-03
4.080000 5.608166e-03
4.090000 4.670091e-03
4.100000 4.336798e-03
4.110000 4.425921e-03
4.120000 4.437560e-03
4.130000 4.441815e-03
4.140000 4.772398e-03
4.150000 5.846238e-03
4.160000 6.213554e-03
4.170000 6.182027e-03
4.180000 5.818610e-03
4.190000 5.197407e-03
4.200000 5.065894e-03
4.210000 5.109580e-03
4.220000 5.191816e-03
4.230000 5.046539e-03
4.240000 5.153962e-03
4.250000 5.149919e-03
4.260000 5.213360e-03
4.270000 5.567042e-03
4.280000 6.066563e-03
4.290000 6.273048e-03
4.300000 6.261989e-03
4.310000 6.829006e-03
4.320000 6.705909e-03
4.330000 6.483046e-03
4.340000 6.440758e-03
4.350000 6.767086e-03
4.360000 7.384996e-03
4.370000 7.281599e-03
4.380000 7.312667e-03
4.390000 7.010924e-03
4.400000 7.040863e-03
4.410000 7.262511e-03
4.420000 7.288672e-03
4.430000 7.458368e-03
4.440000 7.797154e-03
4.450000 8.226745e-03
4.460000 8.277815e-03
4.470000 8.279310e-03
4.480000 7.785462e-03
4.490000 7.492642e-03
4.500000 7.471026e-03
4.510000 7.870616e-03
4.520000 8.364606e-03
4.530000 8.266574e-03
4.540000 8.488783e-03
4.550000 8.329112e-03
4.560000 8.331264e-03
4.570000 7.926209e-03
4.580000 7.187323e-03
4.590000 7.158491e-03
4.600000 7.203919e-03
4.610000 7.852060e-03
4.620000 8.224955e-03
4.630000 8.235448e-03
4.640000 8.193964e-03
4.650000 8.169033e-03
4.660000 8.328347e-03
4.670000 8.394053e-03
4.680000 8.156391e-03
4.690000 7.713805e-03
4.700000 7.551356e-03
4.710000 7.264886e-03
4.720000 7.512277e-03
4.730000 7.563064e-03
4.740000 7.683055e-03
4.750000 8.060163e-03
4.760000 8.104776e-03
4.770000 8.272780e-03
4.780000 7.955593e-03
4.790000 7.806348e-03
4.800000 7.820899e-03
4.810000 8.027875e-03
4.820000 8.272509e-03
4.830000 8.144739e-03
4.840000 8.117686e-03
4.850000 7.939261e-03
4.860000 7.506801e-03
4.870000 7.005282e-03
4.880000 6.846634e-03
4.890000 7.035196e-03
4.900000 7.802850e-03
4.910000 8.082746e-03
4.920000 8.000424e-03
4.930000 7.830685e-03
4.940000 7.268638e-03
4.950000 7.000522e-03
4.960000 6.564788e-03
4.970000 6.650910e-03
4.980000 6.659145e-03
4.990000 6.342410e-03
5.000000 6.629137e-03
5.010000 6.691579e-03
5.020000 6.342953e-03
5.030000 5.648019e-03
5.040000 5.314761e-03
5.050000 5.304707e-03
5.060000 5.413977e-03
5.070000 5.414224e-03
5.080000 5.073458e-03
5.090000 4.959520e-03
5.100000 5.085406e-03
5.110000 5.226216e-03
5.120000 4.899641e-03
5.130000 4.901599e-03
5.140000 4.779115e-03
5.150000 4.408709e-03
5.160000 4.142243e-03
5.170000 3.862538e-03
5.180000 3.859737e-03
5.190000 3.536068e-03
5.200000 3.648310e-03
5.210000 3.925172e-03
5.220000 3.841502e-03
5.230000 3.868293e-03
5.240000 3.788155e-03
5.250000 3.898654e-03
5.260000 3.906577e-03
5.270000 3.899919e-03
5.280000 3.785761e-03
5.290000 3.949618e-03
5.300000 4.272364e-03
5.310000 4.312805e-03
5.320000 3.959114e-03
5.330000 3.475465e-03
5.340000 3.523673e-03
5.350000 3.551642e-03
5.360000 3.755206e-03
5.370000 4.021560e-03
5.380000 4.340194e-03
5.390000 4.720712e-03
5.400000 4.727660e-03
5.410000 4.857106e-03
5.420000 4.471887e-03
5.430000 4.109350e-03
5.440000 4.096262e-03
5.450000 4.258416e-03
5.460000 4.614181e-03
5.470000 4.730385e-03
5.480000 4.758282e-03
5.490000 4.676884e-03
5.500000 4.743467e-03
5.510000 4.837866e-03
5.520000 4.950595e-03
5.530000 4.773490e-03
5.540000 4.719465e-03
5.550000 4.854454e-03
5.560000 4.552861e-03
5.570000 4.589762e-03
5.580000 4.618064e-03
5.590000 4.999124e-03
5.600000 5.224210e-03
5.610000 5.237446e-03
5.620000 5.161797e-03
5.630000 4.817060e-03
5.640000 5.024630e-03
5.650000 5.144599e-03
5.660000 5.111624e-03
5.670000 5.134920e-03
5.680000 5.356109e-03
5.690000 5.524516e-03
5.700000 5.501608e-03
5.710000 5.384345e-03
5.720000 5.128339e-03
5.730000 5.036669e-03
5.740000 5.170166e-03
5.750000 6.034705e-03
5.760000 6.284111e-03
5.770000 6.333259e-03
5.780000 6.314810e-03
5.790000 5.984071e-03
5.800000 6.159093e-03
5.810000 5.975852e-03
5.820000 5.835120e-03
5.830000 5.900058e-03
5.840000 6.381838e-03
5.850000 6.929028e-03
5.860000 6.923353e-03
5.870000 6.977893e-03
5.880000 6.979039e-03
5.890000 6.947257e-03
5.900000 6.796759e-03
5.910000 6.827110e-03
5.920000 6.569759e-03
5.930000 6.450751e-03
5.940000 6.433434e-03
5.950000 6.521495e-03
5.960000 6.828140e-03
5.970000 6.801158e-03
5.980000 7.222054e-03
5.990000 7.335808e-03
6.000000 7.652115e-03
6.010000 7.372169e-03
6.020000 6.349939e-03
6.030000 6.223791e-03
6.040000 6.060979e-03
6.050000 6.174573e-03
6.060000 6.115061e-03
6.070000 5.981948e-03
6.080000 5.918259e-03
6.090000 5.815708e-03
6.100000 5.801196e-03
6.110000 5.614986e-03
6.120000 5.632780e-03
6.130000 5.729346e-03
6.140000 6.171252e-03
6.150000 6.264733e-03
6.160000 6.224495e-03
6.170000 5.545018e-03
6.180000 4.604812e-03
6.190000 4.372807e-03
6.200000 4.322978e-03
6.210000 4.509096e-03
6.220000 4.366279e-03
6.230000 4.632924e-03
6.240000 4.929825e-03
6.250000 4.922924e-03
6.260000 4.995784e-03
6.270000 4.661018e-03
6.280000 4.550547e-03
6.290000 4.528240e-03
6.300000 4.541945e-03
6.310000 4.454574e-03
6.320000 4.407970e-03
6.330000 4.416560e-03
6.340000 4.531811e-03
6.350000 4.584025e-03
6.360000 4.466235e-03
6.370000 4.495090e-03
6.380000 4.239926e-03
6.390000 4.250644e-03
6.400000 4.232986e-03
6.410000 4.049009e-03
6.420000 4.022702e-03
6.430000 3.963869e-03
6.440000 4.334637e-03
6.450000 4.458801e-03
6.460000 4.471200e-03
6.470000 4.328671e-03
6.480000 4.205990e-03
6.490000 4.282195e-03
6.500000 4.288826e-03
6.510000 4.268050e-03
6.520000 4.048207e-03
6.530000 4.045024e-03
6.540000 4.072898e-03
6.550000 3.896472e-03
6.560000 3.313194e-03
6.570000 3.017544e-03
6.580000 3.094489e-03
6.590000 3.217738e-03
6.600000 3.760943e-03
6.610000 3.993589e-03
6.620000 4.286765e-03
6.630000 4.275179e-03
6.640000 4.120873e-03
6.650000 3.947301e-03
6.660000 3.494870e-03
6.670000 3.418610e-03
6.680000 3.302998e-03
6.690000 3.337754e-03
6.700000 3.416263e-03
6.710000 3.471859e-03
6.720000 3.367648e-03
6.730000 3.481930e-03
6.740000 3.971654e-03
6.750000 4.170825e-03
6.760000 4.150406e-03
6.770000 4.100587e-03
6.780000 4.520381e-03
6.790000 4.551445e-03
6.800000 4.485507e-03
6.810000 4.427310e-03
6.820000 4.337387e-03
6.830000 4.889455e-03
6.840000 5.063554e-03
6.850000 5.159218e-03
6.860000 4.900262e-03
6.870000 4.666596e-03
6.880000 4.799397e-03
6.890000 4.903049e-03
6.900000 5.461328e-03
6.910000 5.841140e-03
6.920000 6.006830e-03
6.930000 6.030174e-03
6.940000 6.201003e-03
6.950000 5.939318e-03
6.960000 5.538748e-03
6.970000 5.520807e-03
6.980000 5.887706e-03
6.990000 6.685476e-03
7.000000 6.807389e-03
7.010000 6.827535e-03
7.020000 6.366648e-03
7.030000 6.008677e-03
7.040000 5.743496e-03
7.050000 5.308158e-03
7.060000 5.561999e-03
7.070000 5.651447e-03
7.080000 6.306935e-03
7.090000 6.762269e-03
7.100000 6.775974e-03
7.110000 6.671873e-03
7.120000 6.276598e-03
7.130000 6.192241e-03
7.140000 6.204554e-03
7.150000 6.218307e-03
7.160000 5.932917e-03
7.170000 5.853214e-03
7.180000 5.859470e-03
7.190000 6.143548e-03
7.200000 6.070406e-03
7.210000 5.759896e-03
7.220000 5.813632e-03
7.230000 5.719192e-03
7.240000 6.021158e-03
7.250000 6.131035e-03
7.260000 6.082741e-03
7.270000 6.005804e-03
7.280000 6.047672e-03
7.290000 6.320039e-03
7.300000 6.222991e-03
7.310000 6.204977e-03
7.320000 6.035187e-03
7.330000 5.900593e-03
7.340000 5.779075e-03
7.350000 5.741545e-03
7.360000 5.796886e-03
7.370000 6.146831e-03
7.380000 6.440607e-03
7.390000 6.413616e-03
7.400000 6.266310e-03
7.410000 5.627312e-03
7.420000 5.488449e-03
7.430000 5.514132e-03
7.440000 5.801559e-03
7.450000 6.183727e-03
7.460000 5.977201e-03
7.470000 6.214321e-03
7.480000 6.143767e-03
7.490000 5.943253e-03
7.500000 5.547771e-03
7.510000 5.082969e-03
7.520000 5.045084e-03
7.530000 5.233264e-03
7.540000 5.428805e-03
7.550000 5.185992e-03
7.560000 5.129305e-03
7.570000 5.096503e-03
7.580000 5.188386e-03
7.590000 5.147956e-03
7.600000 5.133524e-03
7.610000 4.831459e-03
7.620000 4.349992e-03
7.630000 4.468557e-03
7.640000 4.372866e-03
7.650000 4.358845e-03
7.660000 4.055741e-03
7.670000 4.066961e-03
7.680000 4.396207e-03
7.690000 4.419778e-03
7.700000 4.530364e-03
7.710000 4.064355e-03
7.720000 3.828066e-03
7.730000 3.850682e-03
7.740000 3.819941e-03
7.750000 3.700142e-03
7.760000 3.882981e-03
7.770000 4.233560e-03
7.780000 4.188013e-03
7.790000 4.054262e-03
7.800000 3.733231e-03
7.810000 3.693998e-03
7.820000 3.726217e-03
7.830000 4.121836e-03
7.840000 4.605186e-03
7.850000 4.590825e-03
7.860000 4.654289e-03
7.870000 4.349307e-03
7.880000 4.267002e-03
7.890000 4.006492e-03
7.900000 3.722441e-03
7.910000 3.728839e-03
7.920000 3.969543e-03
7.930000 4.876014e-03
7.940000 5.301817e-03
7.950000 5.280147e-03
7.960000 5.055492e-03
7.970000 5.040259e-03
7.980000 5.120135e-03
7.990000 5.102954e-03
8.000000 4.991768e-03
8.010000 4.758293e-03
8.020000 4.950824e-03
8.030000 4.934960e-03
8.040000 5.190832e-03
8.050000 5.121033e-03
8.060000 4.979516e-03
8.070000 5.109415e-03
8.080000 5.180360e-03
8.090000 5.500768e-03
8.100000 5.445652e-03
8.110000 5.541026e-03
8.120000 5.490122e-03
8.130000 5.377828e-03
8.140000 5.472684e-03
8.150000 5.475854e-03
8.160000 5.485459e-03
8.170000 5.439946e-03
8.180000 5.483506e-03
8.190000 5.270752e-03
8.200000 5.158922e-03
8.210000 5.279568e-03
8.220000 5.836389e-03
8.230000 6.074571e-03
8.240000 5.989913e-03
8.250000 5.784409e-03
8.260000 5.235192e-03
8.270000 5.499067e-03
8.280000 5.789762e-03
8.290000 5.818700e-03
8.300000 5.891021e-03
8.310000 6.071107e-03
8.320000 6.507278e-03
8.330000 6.572962e-03
8.340000 6.650339e-03
8.350000 6.491947e-03
8.360000 6.270740e-03
8.370000 6.191230e-03
8.380000 6.362752e-03
8.390000 6.307421e-03
8.400000 6.135467e-03
8.410000 6.198518e-03
8.420000 6.335761e-03
8.430000 6.881808e-03
8.440000 7.079837e-03
8.450000 7.307134e-03
8.460000 7.253585e-03
8.470000 7.318203e-03
8.480000 7.371807e-03
8.490000 6.643187e-03
8.500000 6.536564e-03
8.510000 6.254866e-03
8.520000 6.375674e-03
8.530000 6.598314e-03
8.540000 6.514153e-03
8.550000 6.590130e-03
8.560000 6.409849e-03
8.570000 6.456383e-03
8.580000 6.407593e-03
8.590000 6.542611e-03
8.600000 6.548223e-03
8.610000 6.732124e-03
8.620000 6.943098e-03
8.630000 6.885803e-03
8.640000 6.196886e-03
8.650000 5.125962e-03
8.660000 4.860312e-03
8.670000 4.886996e-03
8.680000 5.296187e-03
8.690000 5.524293e-03
8.700000 5.707619e-03
8.710000 5.846314e-03
8.720000 5.709527e-03
8.730000 5.743406e-03
8.740000 5.203716e-03
8.750000 4.930866e-03
8.760000 4.916709e-03
8.770000 4.977969e-03
8.780000 5.207888e-03
8.790000 5.341063e-03
8.800000 5.237641e-03
8.810000 4.962274e-03
8.820000 4.954347e-03
8.830000 4.942245e-03
8.840000 4.923369e-03
8.850000 4.651412e-03
8.860000 4.661295e-03
8.870000 4.841590e-03
8.880000 4.740289e-03
8.890000 4.898044e-03
8.900000 4.758356e-03
8.910000 4.929924e-03
8.920000 5.073151e-03
8.930000 5.123730e-03
8.940000 4.978804e-03
8.950000 4.741192e-03
8.960000 4.915304e-03
8.970000 4.916958e-03
8.980000 4.917616e-03
8.990000 4.685884e-03
9.000000 4.621993e-03
9.010000 4.644481e-03
9.020000 4.621441e-03
9.030000 4.438738e-03
9.040000 4.101441e-03
9.050000 4.079237e-03
9.060000 4.178520e-03
9.070000 4.824819e-03
9.080000 5.033202e-03
9.090000 4.994966e-03
9.100000 4.774724e-03
9.110000 4.355400e-03
9.120000 4.371288e-03
9.130000 4.228009e-03
9.140000 4.217532e-03
9.150000 3.998201e-03
9.160000 3.886580e-03
9.170000 4.098243e-03
9.180000 4.145432e-03
9.190000 3.960375e-03
9.200000 3.809830e-03
9.210000 4.026279e-03
9.220000 4.075079e-03
9.230000 4.138087e-03
9.240000 4.071489e-03
9.250000 4.159420e-03
9.260000 4.249491e-03
9.270000 4.344926e-03
9.280000 4.438557e-03
9.290000 4.221448e-03
9.300000 4.577562e-03
9.310000 4.678655e-03
9.320000 4.585821e-03
9.330000 4.355855e-03
9.340000 3.943735e-03
9.350000 3.938304e-03
9.360000 3.980439e-03
9.370000 4.597870e-03
9.380000 4.989581e-03
9.390000 4.966947e-03
9.400000 4.959197e-03
9.410000 5.061486e-03
9.420000 5.033961e-03
9.430000 4.783315e-03
9.440000 4.767006e-03
9.450000 4.791857e-03
9.460000 5.446929e-03
9.470000 5.888029e-03
9.480000 5.898661e-03
9.490000 5.401315e-03
9.500000 4.720433e-03
9.510000 4.545564e-03
9.520000 4.393346e-03
9.530000 4.800618e-03
9.540000 4.961377e-03
9.550000 5.227645e-03
9.560000 5.547719e-03
9.570000 5.553906e-03
9.580000 5.628371e-03
9.590000 5.179755e-03
9.600000 4.993422e-03
9.610000 4.999453e-03
9.620000 5.235848e-03
9.630000 5.366756e-03
9.640000 5.316669e-03
9.650000 5.309899e-03
9.660000 5.185329e-03
9.670000 4.956282e-03
9.680000 4.596482e-03
9.690000 4.536705e-03
9.700000 4.402679e-03
9.710000 4.553188e-03
9.720000 4.836058e-03
9.730000 4.837281e-03
9.740000 4.790174e-03
9.750000 4.750188e-03
9.760000 4.959810e-03
9.770000 4.947696e-03
9.780000 4.975826e-03
9.790000 4.860427e-03
9.800000 4.680482e-03
9.810000 4.722532e-03
9.820000 4.725705e-03
9.830000 4.607055e-03
9.840000 4.455303e-03
9.850000 4.549847e-03
9.860000 4.583066e-03
9.870000 4.556793e-03
9.880000 4.285402e-03
9.890000 4.169897e-03
9.900000 4.220481e-03
9.910000 4.420957e-03
9.920000 4.959294e-03
9.930000 4.952076e-03
9.940000 5.039248e-03
9.950000 4.944711e-03
9.960000 4.768862e-03
9.970000 4.518796e-03
9.980000 4.096426e-03
9.990000 4.056402e-03
10.000000 4.078489e-03
