0.000000 8.695344e-03
0.010000 8.596663e-03
0.020000 8.486557e-03
0.030000 8.513396e-03
0.040000 8.584337e-03
0.050000 8.728697e-03
0.060000 8.867083e-03
0.070000 8.756472e-03
0.080000 7.912643e-03
0.090000 7.184706e-03
0.100000 7.173694e-03
0.110000 7.211539e-03
0.120000 7.303711e-03
0.130000 7.711596e-03
0.140000 8.204022e-03
0.150000 8.331150e-03
0.160000 8.403078e-03
0.170000 8.475412e-03
0.180000 8.290512e-03
0.190000 8.206187e-03
0.200000 8.200664e-03
0.210000 8.272647e-03
0.220000 8.754358e-03
0.230000 9.425389e-03
0.240000 9.491229e-03
0.250000 9.078978e-03
0.260000 8.597453e-03
0.270000 8.218959e-03
0.280000 8.112600e-03
0.290000 8.414545e-03
0.300000 8.996920e-03
0.310000 9.090872e-03
0.320000 8.981856e-03
0.330000 9.028618e-03
0.340000 9.054374e-03
0.350000 9.058867e-03
0.360000 8.983608e-03
0.370000 9.067082e-03
0.380000 9.424933e-03
0.390000 9.815102e-03
0.400000 9.915209e-03
0.410000 9.896923e-03
0.420000 9.496944e-03
0.430000 8.536302e-03
0.440000 7.840029e-03
0.450000 7.758397e-03
0.460000 7.480634e-03
0.470000 7.002301e-03
0.480000 6.960432e-03
0.490000 6.979477e-03
0.500000 7.060747e-03
0.510000 7.111893e-03
0.520000 7.146901e-03
0.530000 7.204253e-03
0.540000 7.251435e-03
0.550000 7.225826e-03
0.560000 6.680789e-03
0.570000 6.480277e-03
0.580000 6.353858e-03
0.590000 5.460668e-03
0.600000 4.443456e-03
0.610000 4.080100e-03
0.620000 4.097543e-03
0.630000 3.990041e-03
0.640000 4.236788e-03
0.650000 4.762544e-03
0.660000 4.985850e-03
0.670000 4.975965e-03
0.680000 5.133738e-03
0.690000 5.196659e-03
0.700000 5.038655e-03
0.710000 4.997095e-03
0.720000 4.684845e-03
0.730000 4.648345e-03
0.740000 5.002446e-03
0.750000 5.110607e-03
0.760000 4.836632e-03
0.770000 4.566508e-03
0.780000 4.785052e-03
0.790000 4.938723e-03
0.800000 5.015068e-03
0.810000 5.362855e-03
0.820000 5.663105e-03
0.830000 5.744430e-03
0.840000 5.763651e-03
0.850000 5.823767e-03
0.860000 5.716229e-03
0.870000 5.619386e-03
0.880000 5.619326e-03
0.890000 5.856708e-03
0.900000 6.164723e-03
0.910000 6.476332e-03
0.920000 6.645204e-03
0.930000 6.291518e-03
0.940000 5.595288e-03
0.950000 4.803195e-03
0.960000 4.489332e-03
0.970000 4.524301e-03
0.980000 4.665995e-03
0.990000 5.042630e-03
1.000000 5.267389e-03
1.010000 5.271931e-03
1.020000 5.312044e-03
1.030000 5.323867e-03
1.040000 5.205175e-03
1.050000 5.180227e-03
1.060000 5.063022e-03
1.070000 4.872855e-03
1.080000 4.905520e-03
1.090000 4.981456e-03
1.100000 4.701964e-03
1.110000 4.118490e-03
1.120000 4.034543e-03
1.130000 4.235493e-03
1.140000 4.257806e-03
1.150000 4.516122e-03
1.160000 4.932740e-03
1.170000 5.172111e-03
1.180000 5.198137e-03
1.190000 5.358335e-03
1.200000 5.474465e-03
1.210000 5.375706e-03
1.220000 5.353660e-03
1.230000 5.296477e-03
1.240000 5.378250e-03
1.250000 5.916016e-03
1.260000 6.335432e-03
1.270000 6.261389e-03
1.280000 6.194798e-03
1.290000 5.971404e-03
1.300000 5.676718e-03
1.310000 5.714704e-03
1.320000 6.132466e-03
1.330000 6.402380e-03
1.340000 6.173243e-03
1.350000 6.153466e-03
1.360000 6.293406e-03
1.370000 6.468707e-03
1.380000 6.593161e-03
1.390000 6.596102e-03
1.400000 6.693873e-03
1.410000 6.899857e-03
1.420000 7.046186e-03
1.430000 7.022053e-03
1.440000 7.053282e-03
1.450000 6.662783e-03
1.460000 5.881645e-03
1.470000 5.519825e-03
1.480000 5.596653e-03
1.490000 5.332050e-03
1.500000 5.007979e-03
1.510000 5.022498e-03
1.520000 5.027976e-03
1.530000 5.106299e-03
1.540000 5.049769e-03
1.550000 5.006490e-03
1.560000 5.009185e-03
1.570000 5.067776e-03
1.580000 4.986364e-03
1.590000 4.631324e-03
1.600000 4.573356e-03
1.610000 4.187915e-03
1.620000 3.449188e-03
1.630000 2.943176e-03
1.640000 2.810883e-03
1.650000 2.805313e-03
1.660000 2.800295e-03
1.670000 3.069256e-03
1.680000 3.288711e-03
1.690000 3.267249e-03
1.700000 3.187876e-03
1.710000 3.148900e-03
1.720000 3.065408e-03
1.730000 3.053807e-03
1.740000 3.078158e-03
1.750000 3.012956e-03
1.760000 3.177129e-03
1.770000 3.279241e-03
1.780000 3.147733e-03
1.790000 2.847413e-03
1.800000 2.533915e-03
1.810000 2.438239e-03
1.820000 2.491343e-03
1.830000 2.696746e-03
1.840000 2.833948e-03
1.850000 2.866048e-03
1.860000 2.858112e-03
1.870000 2.823843e-03
1.880000 2.768957e-03
1.890000 2.727377e-03
1.900000 2.728030e-03
1.910000 2.844946e-03
1.920000 3.033670e-03
1.930000 2.994155e-03
1.940000 2.970664e-03
1.950000 2.787848e-03
1.960000 2.342646e-03
1.970000 1.870045e-03
1.980000 1.692725e-03
1.990000 1.789553e-03
2.000000 1.695658e-03
2.010000 1.697475e-03
2.020000 1.795173e-03
2.030000 1.736903e-03
2.040000 1.640761e-03
2.050000 1.623797e-03
2.060000 1.613617e-03
2.070000 1.618126e-03
2.080000 1.604259e-03
2.090000 1.411823e-03
2.100000 1.285724e-03
2.110000 1.275865e-03
2.120000 1.166159e-03
2.130000 8.683720e-04
2.140000 7.018762e-04
2.150000 7.369305e-04
2.160000 6.888297e-04
2.170000 6.920043e-04
2.180000 8.185741e-04
2.190000 8.949146e-04
2.200000 9.058104e-04
2.210000 9.473053e-04
2.220000 1.125225e-03
2.230000 1.204592e-03
2.240000 1.202929e-03
2.250000 1.158870e-03
2.260000 1.073604e-03
2.270000 1.134833e-03
2.280000 1.279390e-03
2.290000 1.268587e-03
2.300000 1.193728e-03
2.310000 1.217546e-03
2.320000 1.135870e-03
2.330000 1.099460e-03
2.340000 1.284841e-03
2.350000 1.575086e-03
2.360000 1.682576e-03
2.370000 1.666617e-03
2.380000 1.759271e-03
2.390000 1.784628e-03
2.400000 1.845861e-03
2.410000 1.882422e-03
2.420000 1.902328e-03
2.430000 1.960945e-03
2.440000 1.985851e-03
2.450000 1.990616e-03
2.460000 2.022406e-03
2.470000 2.077024e-03
2.480000 1.909417e-03
2.490000 1.727914e-03
2.500000 1.805510e-03
2.510000 1.961526e-03
2.520000 1.957896e-03
2.530000 1.941330e-03
2.540000 1.920444e-03
2.550000 1.857321e-03
2.560000 1.836126e-03
2.570000 1.771494e-03
2.580000 1.763486e-03
2.590000 1.790451e-03
2.600000 1.855580e-03
2.610000 1.870787e-03
2.620000 1.857917e-03
2.630000 1.749929e-03
2.640000 1.403465e-03
2.650000 1.151709e-03
2.660000 1.086472e-03
2.670000 1.176782e-03
2.680000 1.365509e-03
2.690000 1.571418e-03
2.700000 1.678581e-03
2.710000 1.662723e-03
2.720000 1.644973e-03
2.730000 1.606223e-03
2.740000 1.592101e-03
2.750000 1.599427e-03
2.760000 1.659021e-03
2.770000 1.671358e-03
2.780000 1.704557e-03
2.790000 1.728053e-03
2.800000 1.669986e-03
2.810000 1.703166e-03
2.820000 1.655499e-03
2.830000 1.582149e-03
2.840000 1.765749e-03
2.850000 2.178263e-03
2.860000 2.412722e-03
2.870000 2.410269e-03
2.880000 2.425433e-03
2.890000 2.379510e-03
2.900000 2.290397e-03
2.910000 2.223155e-03
2.920000 2.218444e-03
2.930000 2.158172e-03
2.940000 2.273696e-03
2.950000 2.351678e-03
2.960000 2.400184e-03
2.970000 2.653024e-03
2.980000 2.593778e-03
2.990000 2.455787e-03
3.000000 2.493206e-03
3.010000 2.920390e-03
3.020000 3.044682e-03
3.030000 2.772413e-03
3.040000 2.748598e-03
3.050000 2.606324e-03
3.060000 2.485057e-03
3.070000 2.424947e-03
3.080000 2.411797e-03
3.090000 2.411206e-03
3.100000 2.416006e-03
3.110000 2.367250e-03
3.120000 2.314877e-03
3.130000 2.401246e-03
3.140000 2.387360e-03
3.150000 2.205441e-03
3.160000 2.089697e-03
3.170000 2.194729e-03
3.180000 1.976433e-03
3.190000 1.762465e-03
3.200000 1.794118e-03
3.210000 1.754743e-03
3.220000 1.713332e-03
3.230000 1.608669e-03
3.240000 1.600973e-03
3.250000 1.582375e-03
3.260000 1.524799e-03
3.270000 1.467547e-03
3.280000 1.329523e-03
3.290000 1.308543e-03
3.300000 1.242776e-03
3.310000 1.083795e-03
3.320000 9.602287e-04
3.330000 9.377884e-04
3.340000 9.701829e-04
3.350000 1.163512e-03
3.360000 1.461339e-03
3.370000 1.601457e-03
3.380000 1.545102e-03
3.390000 1.413021e-03
3.400000 1.395132e-03
3.410000 1.347836e-03
3.420000 1.344934e-03
3.430000 1.358546e-03
3.440000 1.321000e-03
3.450000 1.404552e-03
3.460000 1.436642e-03
3.470000 1.442334e-03
3.480000 1.474879e-03
3.490000 1.468871e-03
3.500000 1.446725e-03
3.510000 1.514003e-03
3.520000 1.687036e-03
3.530000 1.807494e-03
3.540000 1.845314e-03
3.550000 1.829030e-03
3.560000 1.743822e-03
3.570000 1.609906e-03
3.580000 1.560142e-03
3.590000 1.560590e-03
3.600000 1.592670e-03
3.610000 1.612139e-03
3.620000 1.583804e-03
3.630000 1.579464e-03
3.640000 1.553362e-03
3.650000 1.463044e-03
3.660000 1.269987e-03
3.670000 1.210619e-03
3.680000 1.256711e-03
3.690000 1.305017e-03
3.700000 1.463109e-03
3.710000 1.590539e-03
3.720000 1.501235e-03
3.730000 1.341009e-03
3.740000 1.361500e-03
3.750000 1.396549e-03
3.760000 1.394051e-03
3.770000 1.343595e-03
3.780000 1.243978e-03
3.790000 1.207152e-03
3.800000 1.195364e-03
3.810000 1.177072e-03
3.820000 1.089310e-03
3.830000 1.179431e-03
3.840000 1.336624e-03
3.850000 1.334920e-03
3.860000 1.428596e-03
3.870000 1.735125e-03
3.880000 2.054493e-03
3.890000 2.113538e-03
3.900000 2.230025e-03
3.910000 2.401786e-03
3.920000 2.366199e-03
3.930000 2.337870e-03
3.940000 2.373660e-03
3.950000 2.366999e-03
3.960000 2.293423e-03
3.970000 2.335641e-03
3.980000 2.335864e-03
3.990000 2.680742e-03
4.000000 3.142216e-03
4.010000 3.190888e-03
4.020000 3.201926e-03
4.030000 3.401753e-03
4.040000 3.905562e-03
4.050000 4.005290e-03
4.060000 4.001241e-03
4.070000 4.122903e-03
4.080000 4.054011e-03
4.090000 4.093929e-03
4.100000 4.105313e-03
4.110000 4.136539e-03
4.120000 4.020545e-03
4.130000 3.878572e-03
4.140000 3.841345e-03
4.150000 3.946988e-03
4.160000 4.127103e-03
4.170000 4.158110e-03
4.180000 4.104438e-03
4.190000 4.247250e-03
4.200000 4.530040e-03
4.210000 4.534138e-03
4.220000 4.612382e-03
4.230000 4.534093e-03
4.240000 4.353437e-03
4.250000 4.276153e-03
4.260000 4.040871e-03
4.270000 4.009768e-03
4.280000 3.993357e-03
4.290000 3.990484e-03
4.300000 3.945079e-03
4.310000 3.908168e-03
4.320000 3.897462e-03
4.330000 3.799457e-03
4.340000 3.820644e-03
4.350000 3.841856e-03
4.360000 3.853465e-03
4.370000 4.053488e-03
4.380000 4.584233e-03
4.390000 4.898613e-03
4.400000 4.883702e-03
4.410000 4.720667e-03
4.420000 4.483760e-03
4.430000 4.398634e-03
4.440000 4.406188e-03
4.450000 4.720172e-03
4.460000 4.714993e-03
4.470000 4.602638e-03
4.480000 4.629908e-03
4.490000 4.538654e-03
4.500000 4.735456e-03
4.510000 4.911970e-03
4.520000 4.869343e-03
4.530000 5.008870e-03
4.540000 5.322668e-03
4.550000 5.477319e-03
4.560000 5.465790e-03
4.570000 5.468362e-03
4.580000 5.420972e-03
4.590000 5.217553e-03
4.600000 5.020345e-03
4.610000 5.000142e-03
4.620000 4.826817e-03
4.630000 4.648215e-03
4.640000 4.455632e-03
4.650000 4.433311e-03
4.660000 4.634290e-03
4.670000 4.739979e-03
4.680000 4.818522e-03
4.690000 4.815655e-03
4.700000 4.936473e-03
4.710000 4.753866e-03
4.720000 4.459754e-03
4.730000 4.468712e-03
4.740000 4.248022e-03
4.750000 3.765347e-03
4.760000 3.493635e-03
4.770000 3.488333e-03
4.780000 3.499013e-03
4.790000 3.530625e-03
4.800000 3.318809e-03
4.810000 3.120794e-03
4.820000 3.111575e-03
4.830000 3.134312e-03
4.840000 3.139685e-03
4.850000 3.094987e-03
4.860000 3.107435e-03
4.870000 2.812873e-03
4.880000 2.500964e-03
4.890000 2.533849e-03
4.900000 2.623014e-03
4.910000 2.567307e-03
4.920000 2.487331e-03
4.930000 2.724055e-03
4.940000 2.898628e-03
4.950000 2.906736e-03
4.960000 2.908137e-03
4.970000 2.782561e-03
4.980000 2.690847e-03
4.990000 2.679460e-03
5.000000 2.628011e-03
5.010000 2.624935e-03
5.020000 2.897112e-03
5.030000 3.037895e-03
5.040000 3.064776e-03
5.050000 3.177074e-03
5.060000 3.390385e-03
5.070000 3.648092e-03
5.080000 3.666680e-03
5.090000 3.703018e-03
5.100000 3.614057e-03
5.110000 3.471909e-03
5.120000 3.459531e-03
5.130000 3.466620e-03
5.140000 3.456561e-03
5.150000 3.334355e-03
5.160000 3.283162e-03
5.170000 3.360552e-03
5.180000 3.551653e-03
5.190000 3.687771e-03
5.200000 3.735205e-03
5.210000 3.719445e-03
5.220000 3.767880e-03
5.230000 3.821258e-03
5.240000 3.866350e-03
5.250000 3.815732e-03
5.260000 3.461902e-03
5.270000 3.333355e-03
5.280000 3.304441e-03
5.290000 3.255334e-03
5.300000 3.387950e-03
5.310000 3.432880e-03
5.320000 3.496556e-03
5.330000 3.505641e-03
5.340000 3.520254e-03
5.350000 3.447692e-03
5.360000 3.465944e-03
5.370000 3.583638e-03
5.380000 3.540191e-03
5.390000 3.451125e-03
5.400000 3.607025e-03
5.410000 3.973424e-03
5.420000 4.035273e-03
5.430000 4.140502e-03
5.440000 4.249492e-03
5.450000 4.226686e-03
5.460000 4.244439e-03
5.470000 4.341850e-03
5.480000 4.545667e-03
5.490000 4.276995e-03
5.500000 4.116915e-03
5.510000 4.107396e-03
5.520000 4.326402e-03
5.530000 4.951517e-03
5.540000 5.215265e-03
5.550000 5.234358e-03
5.560000 5.367112e-03
5.570000 5.555429e-03
5.580000 5.568768e-03
5.590000 5.571009e-03
5.600000 5.661991e-03
5.610000 5.676811e-03
5.620000 5.521152e-03
5.630000 5.462646e-03
5.640000 5.480088e-03
5.650000 5.124775e-03
5.660000 4.894123e-03
5.670000 4.820741e-03
5.680000 5.228579e-03
5.690000 5.803657e-03
5.700000 6.043783e-03
5.710000 6.174512e-03
5.720000 6.092082e-03
5.730000 5.993742e-03
5.740000 5.542265e-03
5.750000 5.215637e-03
5.760000 5.186982e-03
5.770000 4.939997e-03
5.780000 4.707240e-03
5.790000 4.595924e-03
5.800000 4.590230e-03
5.810000 4.590447e-03
5.820000 4.549986e-03
5.830000 4.328862e-03
5.840000 4.284794e-03
5.850000 4.329058e-03
5.860000 4.332093e-03
5.870000 4.423331e-03
5.880000 4.445170e-03
5.890000 4.316946e-03
5.900000 3.846674e-03
5.910000 3.580711e-03
5.920000 3.616584e-03
5.930000 3.587015e-03
5.940000 3.507425e-03
5.950000 3.443759e-03
5.960000 3.463307e-03
5.970000 3.467592e-03
5.980000 3.479143e-03
5.990000 3.338444e-03
6.000000 3.135328e-03
6.010000 3.111675e-03
6.020000 3.187667e-03
6.030000 3.294241e-03
6.040000 3.461108e-03
6.050000 3.555297e-03
6.060000 3.478949e-03
6.070000 3.513022e-03
6.080000 3.551032e-03
6.090000 3.563559e-03
6.100000 3.518364e-03
6.110000 3.359586e-03
6.120000 3.159556e-03
6.130000 2.954501e-03
6.140000 2.961082e-03
6.150000 2.980684e-03
6.160000 2.919063e-03
6.170000 2.851444e-03
6.180000 2.845151e-03
6.190000 2.945910e-03
6.200000 3.172552e-03
6.210000 3.365001e-03
6.220000 3.396039e-03
6.230000 3.300036e-03
6.240000 2.996916e-03
6.250000 2.767310e-03
6.260000 2.704058e-03
6.270000 2.701940e-03
6.280000 2.461034e-03
6.290000 2.155985e-03
6.300000 2.150487e-03
6.310000 2.149239e-03
6.320000 2.205241e-03
6.330000 2.145805e-03
6.340000 2.024333e-03
6.350000 2.018070e-03
6.360000 2.096230e-03
6.370000 2.299598e-03
6.380000 2.392386e-03
6.390000 2.417316e-03
6.400000 2.217204e-03
6.410000 1.905465e-03
6.420000 1.762895e-03
6.430000 1.775076e-03
6.440000 1.726004e-03
6.450000 1.648732e-03
6.460000 1.785410e-03
6.470000 1.847757e-03
6.480000 1.843042e-03
6.490000 1.771929e-03
6.500000 1.736454e-03
6.510000 1.739612e-03
6.520000 1.693980e-03
6.530000 1.856706e-03
6.540000 2.063528e-03
6.550000 2.454212e-03
6.560000 2.731706e-03
6.570000 2.655692e-03
6.580000 2.492964e-03
6.590000 2.319630e-03
6.600000 2.260270e-03
6.610000 2.271786e-03
6.620000 2.444316e-03
6.630000 2.577369e-03
6.640000 2.560978e-03
6.650000 2.555964e-03
6.660000 2.650200e-03
6.670000 2.655674e-03
6.680000 2.524490e-03
6.690000 2.498253e-03
6.700000 2.652711e-03
6.710000 3.212940e-03
6.720000 3.623735e-03
6.730000 3.689482e-03
6.740000 3.578367e-03
6.750000 3.302359e-03
6.760000 3.090071e-03
6.770000 2.921798e-03
6.780000 2.968190e-03
6.790000 2.942583e-03
6.800000 2.818187e-03
6.810000 2.771463e-03
6.820000 2.778491e-03
6.830000 2.781715e-03
6.840000 2.718718e-03
6.850000 2.673936e-03
6.860000 2.675943e-03
6.870000 2.936879e-03
6.880000 3.184906e-03
6.890000 3.310321e-03
6.900000 3.356407e-03
6.910000 3.201215e-03
6.920000 2.868663e-03
6.930000 2.532148e-03
6.940000 2.453334e-03
6.950000 2.432844e-03
6.960000 2.430393e-03
6.970000 2.484218e-03
6.980000 2.485538e-03
6.990000 2.505370e-03
7.000000 2.594289e-03
7.010000 2.578474e-03
7.020000 2.463820e-03
7.030000 2.473584e-03
7.040000 2.651428e-03
7.050000 2.981848e-03
7.060000 3.213998e-03
7.070000 3.250201e-03
7.080000 3.006359e-03
7.090000 2.696216e-03
7.100000 2.611114e-03
7.110000 2.572369e-03
7.120000 2.646032e-03
7.130000 2.748136e-03
7.140000 2.745972e-03
7.150000 2.675965e-03
7.160000 2.756421e-03
7.170000 2.851837e-03
7.180000 2.697135e-03
7.190000 2.584382e-03
7.200000 2.634415e-03
7.210000 2.893577e-03
7.220000 3.196734e-03
7.230000 3.412762e-03
7.240000 3.418073e-03
7.250000 3.241601e-03
7.260000 2.933036e-03
7.270000 2.561418e-03
7.280000 2.487045e-03
7.290000 2.604759e-03
7.300000 2.718172e-03
7.310000 2.626980e-03
7.320000 2.565617e-03
7.330000 2.532013e-03
7.340000 2.349223e-03
7.350000 2.220226e-03
7.360000 2.134905e-03
7.370000 2.263369e-03
7.380000 2.449603e-03
7.390000 2.740675e-03
7.400000 2.971704e-03
7.410000 2.910887e-03
7.420000 2.546862e-03
7.430000 1.911159e-03
7.440000 1.585401e-03
7.450000 1.577250e-03
7.460000 1.626029e-03
7.470000 1.625512e-03
7.480000 1.613074e-03
7.490000 1.616906e-03
7.500000 1.603979e-03
7.510000 1.577861e-03
7.520000 1.487177e-03
7.530000 1.458538e-03
7.540000 1.492616e-03
7.550000 1.686894e-03
7.560000 1.938038e-03
7.570000 2.075797e-03
7.580000 1.979859e-03
7.590000 1.619234e-03
7.600000 1.335196e-03
7.610000 1.176472e-03
7.620000 1.153706e-03
7.630000 1.242572e-03
7.640000 1.401240e-03
7.650000 1.543987e-03
7.660000 1.557923e-03
7.670000 1.591075e-03
7.680000 1.565728e-03
7.690000 1.503387e-03
7.700000 1.480156e-03
7.710000 1.516418e-03
7.720000 1.631431e-03
7.730000 1.898999e-03
7.740000 2.151900e-03
7.750000 2.135369e-03
7.760000 1.974643e-03
7.770000 1.714894e-03
7.780000 1.518083e-03
7.790000 1.494765e-03
7.800000 1.644374e-03
7.810000 1.734259e-03
7.820000 1.649730e-03
7.830000 1.628788e-03
7.840000 1.659935e-03
7.850000 1.694845e-03
7.860000 1.656142e-03
7.870000 1.640435e-03
7.880000 1.638338e-03
7.890000 1.786364e-03
7.900000 2.114814e-03
7.910000 2.282798e-03
7.920000 2.232526e-03
7.930000 1.969024e-03
7.940000 1.614371e-03
7.950000 1.372006e-03
7.960000 1.376467e-03
7.970000 1.483238e-03
7.980000 1.540882e-03
7.990000 1.598627e-03
8.000000 1.607192e-03
8.010000 1.577634e-03
8.020000 1.556396e-03
8.030000 1.572186e-03
8.040000 1.569671e-03
8.050000 1.646826e-03
8.060000 1.841083e-03
8.070000 2.105052e-03
8.080000 2.304849e-03
8.090000 2.243316e-03
8.100000 2.000543e-03
8.110000 1.625862e-03
8.120000 1.406270e-03
8.130000 1.400149e-03
8.140000 1.522531e-03
8.150000 1.744994e-03
8.160000 1.842138e-03
8.170000 1.847708e-03
8.180000 1.905751e-03
8.190000 2.046443e-03
8.200000 2.049274e-03
8.210000 2.003835e-03
8.220000 2.098751e-03
8.230000 2.377964e-03
8.240000 2.813710e-03
8.250000 3.020637e-03
8.260000 2.927827e-03
8.270000 2.562037e-03
8.280000 2.140448e-03
8.290000 1.896920e-03
8.300000 1.945789e-03
8.310000 2.277678e-03
8.320000 2.505768e-03
8.330000 2.558720e-03
8.340000 2.567189e-03
8.350000 2.624710e-03
8.360000 2.576244e-03
8.370000 2.464127e-03
8.380000 2.451920e-03
8.390000 2.656536e-03
8.400000 3.017408e-03
8.410000 3.307855e-03
8.420000 3.434519e-03
8.430000 3.215541e-03
8.440000 2.778603e-03
8.450000 2.197756e-03
8.460000 1.871348e-03
8.470000 2.019370e-03
8.480000 2.235925e-03
8.490000 2.437066e-03
8.500000 2.519385e-03
8.510000 2.513711e-03
8.520000 2.485697e-03
8.530000 2.420758e-03
8.540000 2.368170e-03
8.550000 2.376758e-03
8.560000 2.488230e-03
8.570000 2.719897e-03
8.580000 2.955542e-03
8.590000 3.003232e-03
8.600000 2.760701e-03
8.610000 2.192138e-03
8.620000 1.765398e-03
8.630000 1.657282e-03
8.640000 1.779299e-03
8.650000 2.052959e-03
8.660000 2.238759e-03
8.670000 2.322009e-03
8.680000 2.304149e-03
8.690000 2.389574e-03
8.700000 2.470124e-03
8.710000 2.400323e-03
8.720000 2.413937e-03
8.730000 2.527588e-03
8.740000 2.730181e-03
8.750000 2.927293e-03
8.760000 2.968731e-03
8.770000 2.662942e-03
8.780000 2.215563e-03
8.790000 1.865076e-03
8.800000 1.727204e-03
8.810000 1.874322e-03
8.820000 2.219924e-03
8.830000 2.548717e-03
8.840000 2.599268e-03
8.850000 2.663592e-03
8.860000 2.733738e-03
8.870000 2.702002e-03
8.880000 2.685192e-03
8.890000 2.707981e-03
8.900000 2.767921e-03
8.910000 2.784761e-03
8.920000 2.903577e-03
8.930000 2.914115e-03
8.940000 2.646539e-03
8.950000 2.245843e-03
8.960000 1.892106e-03
8.970000 1.798405e-03
8.980000 2.008893e-03
8.990000 2.384449e-03
9.000000 2.581767e-03
9.010000 2.609185e-03
9.020000 2.577609e-03
9.030000 2.506742e-03
9.040000 2.410224e-03
9.050000 2.348349e-03
9.060000 2.354649e-03
9.070000 2.398777e-03
9.080000 2.617241e-03
9.090000 2.833022e-03
9.100000 2.828263e-03
9.110000 2.487396e-03
9.120000 2.004738e-03
9.130000 1.694539e-03
9.140000 1.619286e-03
9.150000 1.792595e-03
9.160000 2.079350e-03
9.170000 2.320471e-03
9.180000 2.387806e-03
9.190000 2.380356e-03
9.200000 2.389900e-03
9.210000 2.417464e-03
9.220000 2.438528e-03
9.230000 2.465791e-03
9.240000 2.621850e-03
9.250000 2.830478e-03
9.260000 3.079804e-03
9.270000 3.105804e-03
9.280000 2.787204e-03
9.290000 2.344846e-03
9.300000 1.940963e-03
9.310000 1.820241e-03
9.320000 2.052103e-03
9.330000 2.594884e-03
9.340000 3.023992e-03
9.350000 3.101562e-03
9.360000 3.105784e-03
9.370000 3.092987e-03
9.380000 3.007288e-03
9.390000 2.947850e-03
9.400000 2.963729e-03
9.410000 3.100407e-03
9.420000 3.436879e-03
9.430000 3.700213e-03
9.440000 3.696899e-03
9.450000 3.276298e-03
9.460000 2.716882e-03
9.470000 2.334606e-03
9.480000 2.214034e-03
9.490000 2.634212e-03
9.500000 3.145016e-03
9.510000 3.440993e-03
9.520000 3.524944e-03
9.530000 3.464114e-03
9.540000 3.366449e-03
9.550000 3.211504e-03
9.560000 3.157178e-03
9.570000 3.165657e-03
9.580000 3.253061e-03
9.590000 3.479148e-03
9.600000 3.716241e-03
9.610000 3.703992e-03
9.620000 3.424529e-03
9.630000 2.940311e-03
9.640000 2.486772e-03
9.650000 2.417686e-03
9.660000 2.605234e-03
9.670000 3.032681e-03
9.680000 3.373475e-03
9.690000 3.419290e-03
9.700000 3.373448e-03
9.710000 3.291486e-03
9.720000 3.393197e-03
9.730000 3.442652e-03
9.740000 3.483731e-03
9.750000 3.610861e-03
9.760000 3.817393e-03
9.770000 4.062731e-03
9.780000 4.047477e-03
9.790000 3.651344e-03
9.800000 3.001989e-03
9.810000 2.551839e-03
9.820000 2.477221e-03
9.830000 2.804858e-03
9.840000 3.371787e-03
9.850000 3.817556e-03
9.860000 3.938754e-03
9.870000 3.951822e-03
9.880000 4.105897e-03
9.890000 4.098393e-03
9.900000 4.044131e-03
9.910000 4.048489e-03
9.920000 4.121520e-03
9.930000 4.309382e-03
9.940000 4.434821e-03
9.950000 4.393902e-03
9.960000 3.973935e-03
9.970000 3.389042e-03
9.980000 3.006927e-03
9.990000 2.958235e-03
10.000000 3.302423e-03
