0.000000 5.077954e-02
0.010000 5.025433e-02
0.020000 4.967018e-02
0.030000 4.988407e-02
0.040000 5.006121e-02
0.050000 4.974496e-02
0.060000 4.905752e-02
0.070000 4.889164e-02
0.080000 4.741413e-02
0.090000 4.663429e-02
0.100000 4.685411e-02
0.110000 4.686740e-02
0.120000 4.664817e-02
0.130000 4.613621e-02
0.140000 4.701247e-02
0.150000 4.738676e-02
0.160000 4.778057e-02
0.170000 4.793951e-02
0.180000 4.740448e-02
0.190000 4.716392e-02
0.200000 4.743330e-02
0.210000 4.745213e-02
0.220000 4.605181e-02
0.230000 4.550214e-02
0.240000 4.545061e-02
0.250000 4.607601e-02
0.260000 4.711586e-02
0.270000 4.764375e-02
0.280000 4.763252e-02
0.290000 4.651761e-02
0.300000 4.610348e-02
0.310000 4.583937e-02
0.320000 4.563488e-02
0.330000 4.569511e-02
0.340000 4.703591e-02
0.350000 4.817943e-02
0.360000 4.773324e-02
0.370000 4.797350e-02
0.380000 4.673299e-02
0.390000 4.571920e-02
0.400000 4.558330e-02
0.410000 4.589109e-02
0.420000 4.606675e-02
0.430000 4.575591e-02
0.440000 4.659746e-02
0.450000 4.663222e-02
0.460000 4.573632e-02
0.470000 4.392328e-02
0.480000 4.318439e-02
0.490000 4.337164e-02
0.500000 4.373359e-02
0.510000 4.546141e-02
0.520000 4.540601e-02
0.530000 4.510110e-02
0.540000 4.492115e-02
0.550000 4.479705e-02
0.560000 4.490855e-02
0.570000 4.444519e-02
0.580000 4.442860e-02
0.590000 4.410098e-02
0.600000 4.432265e-02
0.610000 4.474383e-02
0.620000 4.465654e-02
0.630000 4.318027e-02
0.640000 4.285131e-02
0.650000 4.410841e-02
0.660000 4.429378e-02
0.670000 4.480311e-02
0.680000 4.568263e-02
0.690000 4.646294e-02
0.700000 4.624375e-02
0.710000 4.702369e-02
0.720000 4.763097e-02
0.730000 4.737364e-02
0.740000 4.764669e-02
0.750000 4.763080e-02
0.760000 4.784990e-02
0.770000 4.765806e-02
0.780000 4.762473e-02
0.790000 4.760103e-02
0.800000 4.750743e-02
0.810000 4.820750e-02
0.820000 4.860951e-02
0.830000 4.856021e-02
0.840000 4.945365e-02
0.850000 5.026770e-02
0.860000 4.975295e-02
0.870000 4.939113e-02
0.880000 4.976531e-02
0.890000 5.052646e-02
0.900000 5.061472e-02
0.910000 5.025776e-02
0.920000 5.011931e-02
0.930000 4.973596e-02
0.940000 4.959003e-02
0.950000 4.885809e-02
0.960000 4.887604e-02
0.970000 4.814930e-02
0.980000 4.723043e-02
0.990000 4.734884e-02
1.000000 4.736088e-02
1.010000 4.773235e-02
1.020000 4.762967e-02
1.030000 4.829519e-02
1.040000 4.860753e-02
1.050000 4.837854e-02
1.060000 4.755781e-02
1.070000 4.637429e-02
1.080000 4.593093e-02
1.090000 4.654274e-02
1.100000 4.748026e-02
1.110000 4.692238e-02
1.120000 4.692885e-02
1.130000 4.666890e-02
1.140000 4.597411e-02
1.150000 4.556965e-02
1.160000 4.509827e-02
1.170000 4.503599e-02
1.180000 4.478955e-02
1.190000 4.616460e-02
1.200000 4.712835e-02
1.210000 4.717211e-02
1.220000 4.673130e-02
1.230000 4.595771e-02
1.240000 4.581375e-02
1.250000 4.516716e-02
1.260000 4.569756e-02
1.270000 4.598247e-02
1.280000 4.748038e-02
1.290000 4.847690e-02
1.300000 4.851078e-02
1.310000 4.746959e-02
1.320000 4.449581e-02
1.330000 4.358230e-02
1.340000 4.365887e-02
1.350000 4.493787e-02
1.360000 4.599695e-02
1.370000 4.627154e-02
1.380000 4.648173e-02
1.390000 4.585612e-02
1.400000 4.560897e-02
1.410000 4.498065e-02
1.420000 4.457623e-02
1.430000 4.467813e-02
1.440000 4.541286e-02
1.450000 4.553512e-02
1.460000 4.481736e-02
1.470000 4.489460e-02
1.480000 4.445227e-02
1.490000 4.412097e-02
1.500000 4.394114e-02
1.510000 4.383580e-02
1.520000 4.260155e-02
1.530000 4.182902e-02
1.540000 4.229427e-02
1.550000 4.234673e-02
1.560000 4.217629e-02
1.570000 4.142769e-02
1.580000 4.205196e-02
1.590000 4.258175e-02
1.600000 4.310642e-02
1.610000 4.407221e-02
1.620000 4.320515e-02
1.630000 4.253532e-02
1.640000 4.263125e-02
1.650000 4.270050e-02
1.660000 4.251353e-02
1.670000 4.264689e-02
1.680000 4.258347e-02
1.690000 4.211871e-02
1.700000 4.208972e-02
1.710000 4.245183e-02
1.720000 4.254762e-02
1.730000 4.286571e-02
1.740000 4.410455e-02
1.750000 4.477570e-02
1.760000 4.484895e-02
1.770000 4.485852e-02
1.780000 4.541719e-02
1.790000 4.498066e-02
1.800000 4.392488e-02
1.810000 4.420301e-02
1.820000 4.409064e-02
1.830000 4.445518e-02
1.840000 4.473608e-02
1.850000 4.485995e-02
1.860000 4.537798e-02
1.870000 4.628688e-02
1.880000 4.714733e-02
1.890000 4.722146e-02
1.900000 4.644975e-02
1.910000 4.455923e-02
1.920000 4.346514e-02
1.930000 4.323579e-02
1.940000 4.422895e-02
1.950000 4.502446e-02
1.960000 4.459196e-02
1.970000 4.450162e-02
1.980000 4.457790e-02
1.990000 4.508489e-02
2.000000 4.489226e-02
2.010000 4.452135e-02
2.020000 4.452670e-02
2.030000 4.498003e-02
2.040000 4.494005e-02
2.050000 4.452124e-02
2.060000 4.437609e-02
2.070000 4.231924e-02
2.080000 4.078296e-02
2.090000 4.019448e-02
2.100000 3.977880e-02
2.110000 4.047873e-02
2.120000 4.221712e-02
2.130000 4.464390e-02
2.140000 4.518334e-02
2.150000 4.497170e-02
2.160000 4.314454e-02
2.170000 4.113817e-02
2.180000 4.063425e-02
2.190000 4.091600e-02
2.200000 4.154913e-02
2.210000 4.131788e-02
2.220000 4.198097e-02
2.230000 4.203860e-02
2.240000 4.173202e-02
2.250000 4.178471e-02
2.260000 4.128830e-02
2.270000 4.117090e-02
2.280000 4.157084e-02
2.290000 4.241729e-02
2.300000 4.237002e-02
2.310000 4.217754e-02
2.320000 4.216678e-02
2.330000 4.233947e-02
2.340000 4.240013e-02
2.350000 4.184981e-02
2.360000 4.185185e-02
2.370000 4.183610e-02
2.380000 4.266489e-02
2.390000 4.265124e-02
2.400000 4.261928e-02
2.410000 4.165854e-02
2.420000 3.988727e-02
2.430000 3.948627e-02
2.440000 3.944969e-02
2.450000 3.992505e-02
2.460000 3.960043e-02
2.470000 3.938972e-02
2.480000 3.948818e-02
2.490000 3.963524e-02
2.500000 4.000493e-02
2.510000 4.002672e-02
2.520000 4.003058e-02
2.530000 4.004308e-02
2.540000 3.951676e-02
2.550000 3.798702e-02
2.560000 3.701827e-02
2.570000 3.708668e-02
2.580000 3.745680e-02
2.590000 3.748149e-02
2.600000 3.772296e-02
2.610000 3.781351e-02
2.620000 3.690393e-02
2.630000 3.707580e-02
2.640000 3.716899e-02
2.650000 3.703095e-02
2.660000 3.699670e-02
2.670000 3.721096e-02
2.680000 3.773200e-02
2.690000 3.732340e-02
2.700000 3.763162e-02
2.710000 3.799542e-02
2.720000 3.876952e-02
2.730000 3.914563e-02
2.740000 3.909830e-02
2.750000 3.816684e-02
2.760000 3.689876e-02
2.770000 3.716035e-02
2.780000 3.726470e-02
2.790000 3.796927e-02
2.800000 3.850339e-02
2.810000 3.898752e-02
2.820000 3.909925e-02
2.830000 3.958603e-02
2.840000 4.007737e-02
2.850000 3.943522e-02
2.860000 3.938672e-02
2.870000 3.956617e-02
2.880000 4.074055e-02
2.890000 4.067146e-02
2.900000 4.016515e-02
2.910000 3.998178e-02
2.920000 3.910687e-02
2.930000 3.856072e-02
2.940000 3.755680e-02
2.950000 3.749717e-02
2.960000 3.807463e-02
2.970000 3.988715e-02
2.980000 4.129515e-02
2.990000 4.142327e-02
3.000000 4.015274e-02
3.010000 3.723314e-02
3.020000 3.635353e-02
3.030000 3.631123e-02
3.040000 3.720282e-02
3.050000 3.822646e-02
3.060000 3.795896e-02
3.070000 3.799455e-02
3.080000 3.807498e-02
3.090000 3.841787e-02
3.100000 3.791678e-02
3.110000 3.757304e-02
3.120000 3.753952e-02
3.130000 3.750513e-02
3.140000 3.740979e-02
3.150000 3.745924e-02
3.160000 3.756477e-02
3.170000 3.696705e-02
3.180000 3.683847e-02
3.190000 3.644616e-02
3.200000 3.600245e-02
3.210000 3.649848e-02
3.220000 3.781463e-02
3.230000 3.855577e-02
3.240000 3.823384e-02
3.250000 3.814578e-02
3.260000 3.714479e-02
3.270000 3.679392e-02
3.280000 3.684533e-02
3.290000 3.698083e-02
3.300000 3.735546e-02
3.310000 3.705137e-02
3.320000 3.715778e-02
3.330000 3.720764e-02
3.340000 3.742883e-02
3.350000 3.716835e-02
3.360000 3.660275e-02
3.370000 3.646418e-02
3.380000 3.654983e-02
3.390000 3.607033e-02
3.400000 3.505025e-02
3.410000 3.449132e-02
3.420000 3.499486e-02
3.430000 3.586589e-02
3.440000 3.620691e-02
3.450000 3.647977e-02
3.460000 3.644522e-02
3.470000 3.644897e-02
3.480000 3.548488e-02
3.490000 3.453317e-02
3.500000 3.438591e-02
3.510000 3.322656e-02
3.520000 3.224461e-02
3.530000 3.142557e-02
3.540000 3.116835e-02
3.550000 3.133853e-02
3.560000 3.215534e-02
3.570000 3.333338e-02
3.580000 3.356149e-02
3.590000 3.348717e-02
3.600000 3.290836e-02
3.610000 3.261283e-02
3.620000 3.246250e-02
3.630000 3.246344e-02
3.640000 3.136092e-02
3.650000 3.016587e-02
3.660000 3.019480e-02
3.670000 3.024945e-02
3.680000 3.052937e-02
3.690000 3.014617e-02
3.700000 3.040485e-02
3.710000 3.064578e-02
3.720000 3.122956e-02
3.730000 3.234454e-02
3.740000 3.254945e-02
3.750000 3.275220e-02
3.760000 3.227275e-02
3.770000 3.186457e-02
3.780000 3.096656e-02
3.790000 2.988948e-02
3.800000 2.996890e-02
3.810000 3.097091e-02
3.820000 3.339732e-02
3.830000 3.426131e-02
3.840000 3.416767e-02
3.850000 3.264976e-02
3.860000 3.114881e-02
3.870000 3.109319e-02
3.880000 3.100231e-02
3.890000 3.177132e-02
3.900000 3.186945e-02
3.910000 3.223296e-02
3.920000 3.236079e-02
3.930000 3.283757e-02
3.940000 3.307431e-02
3.950000 3.269993e-02
3.960000 3.300388e-02
3.970000 3.302216e-02
3.980000 3.349792e-02
3.990000 3.310994e-02
4.000000 3.256612e-02
4.010000 3.255143e-02
4.020000 3.250732e-02
4.030000 3.208831e-02
4.040000 3.125955e-02
4.050000 3.115326e-02
4.060000 3.120344e-02
4.070000 3.244452e-02
4.080000 3.301315e-02
4.090000 3.295919e-02
4.100000 3.237337e-02
4.110000 3.158274e-02
4.120000 3.207672e-02
4.130000 3.202875e-02
4.140000 3.249198e-02
4.150000 3.253471e-02
4.160000 3.184337e-02
4.170000 3.155363e-02
4.180000 3.173517e-02
4.190000 3.224008e-02
4.200000 3.241702e-02
4.210000 3.282756e-02
4.220000 3.285839e-02
4.230000 3.269179e-02
4.240000 3.248003e-02
4.250000 3.199180e-02
4.260000 3.180308e-02
4.270000 3.240048e-02
4.280000 3.279927e-02
4.290000 3.287380e-02
4.300000 3.298773e-02
4.310000 3.327940e-02
4.320000 3.401044e-02
4.330000 3.361640e-02
4.340000 3.319564e-02
4.350000 3.310300e-02
4.360000 3.280591e-02
4.370000 3.264221e-02
4.380000 3.188498e-02
4.390000 3.202249e-02
4.400000 3.278282e-02
4.410000 3.335837e-02
4.420000 3.344078e-02
4.430000 3.341334e-02
4.440000 3.284384e-02
4.450000 3.167810e-02
4.460000 3.125184e-02
4.470000 3.113742e-02
4.480000 3.113107e-02
4.490000 3.068603e-02
4.500000 3.024504e-02
4.510000 2.984868e-02
4.520000 3.036436e-02
4.530000 3.057165e-02
4.540000 2.999568e-02
4.550000 3.009316e-02
4.560000 3.023688e-02
4.570000 3.050755e-02
4.580000 2.956657e-02
4.590000 2.955422e-02
4.600000 2.945901e-02
4.610000 2.795011e-02
4.620000 2.661602e-02
4.630000 2.529453e-02
4.640000 2.493762e-02
4.650000 2.565306e-02
4.660000 2.755679e-02
4.670000 2.879487e-02
4.680000 2.900285e-02
4.690000 2.849223e-02
4.700000 2.739925e-02
4.710000 2.712304e-02
4.720000 2.690136e-02
4.730000 2.684229e-02
4.740000 2.593443e-02
4.750000 2.562396e-02
4.760000 2.613771e-02
4.770000 2.622948e-02
4.780000 2.664179e-02
4.790000 2.603826e-02
4.800000 2.603419e-02
4.810000 2.618243e-02
4.820000 2.662657e-02
4.830000 2.709535e-02
4.840000 2.709722e-02
4.850000 2.721307e-02
4.860000 2.705488e-02
4.870000 2.693804e-02
4.880000 2.647713e-02
4.890000 2.612129e-02
4.900000 2.615522e-02
4.910000 2.694240e-02
4.920000 2.781702e-02
4.930000 2.763373e-02
4.940000 2.754105e-02
4.950000 2.685152e-02
4.960000 2.653620e-02
4.970000 2.630124e-02
4.980000 2.616583e-02
4.990000 2.605970e-02
5.000000 2.556670e-02
5.010000 2.576027e-02
5.020000 2.572196e-02
5.030000 2.630516e-02
5.040000 2.706865e-02
5.050000 2.773468e-02
5.060000 2.827634e-02
5.070000 2.804235e-02
5.080000 2.721498e-02
5.090000 2.606375e-02
5.100000 2.521433e-02
5.110000 2.531043e-02
5.120000 2.575513e-02
5.130000 2.569590e-02
5.140000 2.611412e-02
5.150000 2.624729e-02
5.160000 2.673978e-02
5.170000 2.775687e-02
5.180000 2.793944e-02
5.190000 2.798005e-02
5.200000 2.772556e-02
5.210000 2.782185e-02
5.220000 2.770127e-02
5.230000 2.732265e-02
5.240000 2.743200e-02
5.250000 2.779349e-02
5.260000 2.824150e-02
5.270000 2.809551e-02
5.280000 2.821565e-02
5.290000 2.849261e-02
5.300000 2.903851e-02
5.310000 2.935728e-02
5.320000 2.935662e-02
5.330000 2.931099e-02
5.340000 2.926744e-02
5.350000 2.899308e-02
5.360000 2.879024e-02
5.370000 2.927970e-02
5.380000 2.890043e-02
5.390000 2.892698e-02
5.400000 2.920934e-02
5.410000 2.967653e-02
5.420000 3.070587e-02
5.430000 3.077661e-02
5.440000 3.077646e-02
5.450000 3.061225e-02
5.460000 2.992671e-02
5.470000 2.854913e-02
5.480000 2.709694e-02
5.490000 2.720183e-02
5.500000 2.824319e-02
5.510000 2.938575e-02
5.520000 2.978687e-02
5.530000 2.978873e-02
5.540000 2.864717e-02
5.550000 2.791506e-02
5.560000 2.805320e-02
5.570000 2.789659e-02
5.580000 2.801673e-02
5.590000 2.770404e-02
5.600000 2.753762e-02
5.610000 2.721727e-02
5.620000 2.762040e-02
5.630000 2.728890e-02
5.640000 2.616267e-02
5.650000 2.617703e-02
5.660000 2.624306e-02
5.670000 2.663468e-02
5.680000 2.678138e-02
5.690000 2.712889e-02
5.700000 2.715497e-02
5.710000 2.640131e-02
5.720000 2.551716e-02
5.730000 2.472040e-02
5.740000 2.447599e-02
5.750000 2.508308e-02
5.760000 2.590863e-02
5.770000 2.580295e-02
5.780000 2.574309e-02
5.790000 2.545570e-02
5.800000 2.538866e-02
5.810000 2.574483e-02
5.820000 2.546952e-02
5.830000 2.545784e-02
5.840000 2.475546e-02
5.850000 2.433676e-02
5.860000 2.435734e-02
5.870000 2.442481e-02
5.880000 2.491316e-02
5.890000 2.452655e-02
5.900000 2.459872e-02
5.910000 2.472915e-02
5.920000 2.437139e-02
5.930000 2.391354e-02
5.940000 2.334047e-02
5.950000 2.299433e-02
5.960000 2.331721e-02
5.970000 2.354079e-02
5.980000 2.385842e-02
5.990000 2.409799e-02
6.000000 2.424310e-02
6.010000 2.444343e-02
6.020000 2.372579e-02
6.030000 2.344984e-02
6.040000 2.334592e-02
6.050000 2.285184e-02
6.060000 2.252326e-02
6.070000 2.211959e-02
6.080000 2.206360e-02
6.090000 2.194474e-02
6.100000 2.212129e-02
6.110000 2.239104e-02
6.120000 2.235596e-02
6.130000 2.269237e-02
6.140000 2.355279e-02
6.150000 2.416064e-02
6.160000 2.429119e-02
6.170000 2.386761e-02
6.180000 2.272845e-02
6.190000 2.250721e-02
6.200000 2.226607e-02
6.210000 2.235363e-02
6.220000 2.238860e-02
6.230000 2.190661e-02
6.240000 2.247846e-02
6.250000 2.260948e-02
6.260000 2.349528e-02
6.270000 2.435509e-02
6.280000 2.511851e-02
6.290000 2.551754e-02
6.300000 2.516393e-02
6.310000 2.479208e-02
6.320000 2.392124e-02
6.330000 2.356087e-02
6.340000 2.372258e-02
6.350000 2.485713e-02
6.360000 2.573500e-02
6.370000 2.562560e-02
6.380000 2.560515e-02
6.390000 2.566277e-02
6.400000 2.613318e-02
6.410000 2.583688e-02
6.420000 2.573960e-02
6.430000 2.539092e-02
6.440000 2.552458e-02
6.450000 2.603116e-02
6.460000 2.594815e-02
6.470000 2.627518e-02
6.480000 2.573713e-02
6.490000 2.591673e-02
6.500000 2.631679e-02
6.510000 2.666626e-02
6.520000 2.750644e-02
6.530000 2.732482e-02
6.540000 2.700183e-02
6.550000 2.698852e-02
6.560000 2.650691e-02
6.570000 2.532565e-02
6.580000 2.457064e-02
6.590000 2.458140e-02
6.600000 2.536648e-02
6.610000 2.644296e-02
6.620000 2.679105e-02
6.630000 2.688424e-02
6.640000 2.649598e-02
6.650000 2.695437e-02
6.660000 2.714581e-02
6.670000 2.687081e-02
6.680000 2.675172e-02
6.690000 2.601400e-02
6.700000 2.558316e-02
6.710000 2.504174e-02
6.720000 2.547574e-02
6.730000 2.586480e-02
6.740000 2.589462e-02
6.750000 2.628621e-02
6.760000 2.630609e-02
6.770000 2.654484e-02
6.780000 2.667592e-02
6.790000 2.630348e-02
6.800000 2.623318e-02
6.810000 2.616371e-02
6.820000 2.571739e-02
6.830000 2.571135e-02
6.840000 2.573066e-02
6.850000 2.613934e-02
6.860000 2.636742e-02
6.870000 2.570754e-02
6.880000 2.549395e-02
6.890000 2.551098e-02
6.900000 2.591809e-02
6.910000 2.591033e-02
6.920000 2.531166e-02
6.930000 2.543771e-02
6.940000 2.517973e-02
6.950000 2.462840e-02
6.960000 2.442221e-02
6.970000 2.443294e-02
6.980000 2.449254e-02
6.990000 2.446171e-02
7.000000 2.447630e-02
7.010000 2.451997e-02
7.020000 2.385458e-02
7.030000 2.346464e-02
7.040000 2.308758e-02
7.050000 2.265682e-02
7.060000 2.302922e-02
7.070000 2.251834e-02
7.080000 2.209966e-02
7.090000 2.209702e-02
7.100000 2.231826e-02
7.110000 2.248519e-02
7.120000 2.238533e-02
7.130000 2.288080e-02
7.140000 2.274111e-02
7.150000 2.174335e-02
7.160000 2.096331e-02
7.170000 2.070281e-02
7.180000 2.066463e-02
7.190000 2.104428e-02
7.200000 2.116056e-02
7.210000 2.116741e-02
7.220000 2.131035e-02
7.230000 2.138946e-02
7.240000 2.242464e-02
7.250000 2.253901e-02
7.260000 2.221509e-02
7.270000 2.186562e-02
7.280000 2.122576e-02
7.290000 2.195411e-02
7.300000 2.220158e-02
7.310000 2.223882e-02
7.320000 2.174663e-02
7.330000 2.066892e-02
7.340000 2.089743e-02
7.350000 2.097158e-02
7.360000 2.140633e-02
7.370000 2.194080e-02
7.380000 2.263698e-02
7.390000 2.286648e-02
7.400000 2.282959e-02
7.410000 2.266577e-02
7.420000 2.231846e-02
7.430000 2.217599e-02
7.440000 2.238889e-02
7.450000 2.297586e-02
7.460000 2.281732e-02
7.470000 2.270116e-02
7.480000 2.266498e-02
7.490000 2.281152e-02
7.500000 2.297623e-02
7.510000 2.257859e-02
7.520000 2.250696e-02
7.530000 2.183197e-02
7.540000 2.197904e-02
7.550000 2.252188e-02
7.560000 2.237285e-02
7.570000 2.298128e-02
7.580000 2.343056e-02
7.590000 2.395602e-02
7.600000 2.427526e-02
7.610000 2.420958e-02
7.620000 2.395565e-02
7.630000 2.349308e-02
7.640000 2.302352e-02
7.650000 2.307481e-02
7.660000 2.290321e-02
7.670000 2.275559e-02
7.680000 2.311102e-02
7.690000 2.319054e-02
7.700000 2.403173e-02
7.710000 2.474649e-02
7.720000 2.502187e-02
7.730000 2.512192e-02
7.740000 2.541962e-02
7.750000 2.607819e-02
7.760000 2.595160e-02
7.770000 2.586156e-02
7.780000 2.566983e-02
7.790000 2.520311e-02
7.800000 2.469496e-02
7.810000 2.403421e-02
7.820000 2.438345e-02
7.830000 2.539760e-02
7.840000 2.611880e-02
7.850000 2.616028e-02
7.860000 2.611799e-02
7.870000 2.599782e-02
7.880000 2.622638e-02
7.890000 2.608063e-02
7.900000 2.599357e-02
7.910000 2.588159e-02
7.920000 2.489177e-02
7.930000 2.488473e-02
7.940000 2.499978e-02
7.950000 2.549683e-02
7.960000 2.606923e-02
7.970000 2.564220e-02
7.980000 2.546086e-02
7.990000 2.540474e-02
8.000000 2.519331e-02
8.010000 2.460699e-02
8.020000 2.397897e-02
8.030000 2.413767e-02
8.040000 2.425624e-02
8.050000 2.404324e-02
8.060000 2.436268e-02
8.070000 2.438039e-02
8.080000 2.423253e-02
8.090000 2.457010e-02
8.100000 2.407205e-02
8.110000 2.393268e-02
8.120000 2.352896e-02
8.130000 2.353835e-02
8.140000 2.382067e-02
8.150000 2.352819e-02
8.160000 2.372441e-02
8.170000 2.277393e-02
8.180000 2.185172e-02
8.190000 2.180406e-02
8.200000 2.200404e-02
8.210000 2.281409e-02
8.220000 2.336087e-02
8.230000 2.370257e-02
8.240000 2.363334e-02
8.250000 2.275662e-02
8.260000 2.223068e-02
8.270000 2.208835e-02
8.280000 2.197855e-02
8.290000 2.231629e-02
8.300000 2.195896e-02
8.310000 2.159245e-02
8.320000 2.170080e-02
8.330000 2.191773e-02
8.340000 2.302193e-02
8.350000 2.269606e-02
8.360000 2.205360e-02
8.370000 2.187523e-02
8.380000 2.130368e-02
8.390000 2.158144e-02
8.400000 2.178069e-02
8.410000 2.180304e-02
8.420000 2.143247e-02
8.430000 2.064502e-02
8.440000 2.073809e-02
8.450000 2.080541e-02
8.460000 2.066760e-02
8.470000 2.078361e-02
8.480000 2.072739e-02
8.490000 2.052799e-02
8.500000 2.076426e-02
8.510000 2.087913e-02
8.520000 2.089820e-02
8.530000 2.075226e-02
8.540000 2.087453e-02
8.550000 2.056030e-02
8.560000 2.007653e-02
8.570000 2.029554e-02
8.580000 2.024504e-02
8.590000 2.022137e-02
8.600000 2.044346e-02
8.610000 2.068504e-02
8.620000 2.073178e-02
8.630000 2.043496e-02
8.640000 2.021379e-02
8.650000 2.012125e-02
8.660000 1.997513e-02
8.670000 2.069172e-02
8.680000 2.185782e-02
8.690000 2.182083e-02
8.700000 2.178201e-02
8.710000 2.140722e-02
8.720000 2.119428e-02
8.730000 2.183395e-02
8.740000 2.181983e-02
8.750000 2.178942e-02
8.760000 2.118056e-02
8.770000 2.108017e-02
8.780000 2.142684e-02
8.790000 2.144595e-02
8.800000 2.203392e-02
8.810000 2.226871e-02
8.820000 2.255971e-02
8.830000 2.261902e-02
8.840000 2.305885e-02
8.850000 2.331222e-02
8.860000 2.329440e-02
8.870000 2.335836e-02
8.880000 2.334377e-02
8.890000 2.308398e-02
8.900000 2.276895e-02
8.910000 2.272912e-02
8.920000 2.279887e-02
8.930000 2.355260e-02
8.940000 2.346003e-02
8.950000 2.267276e-02
8.960000 2.256522e-02
8.970000 2.226817e-02
8.980000 2.318482e-02
8.990000 2.366345e-02
9.000000 2.355837e-02
9.010000 2.333025e-02
9.020000 2.221457e-02
9.030000 2.240921e-02
9.040000 2.257035e-02
9.050000 2.302297e-02
9.060000 2.341454e-02
9.070000 2.313110e-02
9.080000 2.312850e-02
9.090000 2.302962e-02
9.100000 2.266026e-02
9.110000 2.228814e-02
9.120000 2.197038e-02
9.130000 2.206499e-02
9.140000 2.257352e-02
9.150000 2.271522e-02
9.160000 2.319224e-02
9.170000 2.333375e-02
9.180000 2.358153e-02
9.190000 2.402398e-02
9.200000 2.328702e-02
9.210000 2.308217e-02
9.220000 2.279494e-02
9.230000 2.293483e-02
9.240000 2.327738e-02
9.250000 2.296955e-02
9.260000 2.326195e-02
9.270000 2.321043e-02
9.280000 2.297954e-02
9.290000 2.286117e-02
9.300000 2.302086e-02
9.310000 2.355301e-02
9.320000 2.360968e-02
9.330000 2.348411e-02
9.340000 2.345170e-02
9.350000 2.306731e-02
9.360000 2.275486e-02
9.370000 2.276702e-02
9.380000 2.271502e-02
9.390000 2.300511e-02
9.400000 2.263429e-02
9.410000 2.189339e-02
9.420000 2.173118e-02
9.430000 2.207692e-02
9.440000 2.281855e-02
9.450000 2.247624e-02
9.460000 2.198028e-02
9.470000 2.197741e-02
9.480000 2.121979e-02
9.490000 2.062923e-02
9.500000 2.079326e-02
9.510000 2.077046e-02
9.520000 2.074211e-02
9.530000 2.059190e-02
9.540000 2.032598e-02
9.550000 2.031669e-02
9.560000 2.009179e-02
9.570000 2.042983e-02
9.580000 2.045629e-02
9.590000 2.023631e-02
9.600000 2.034279e-02
9.610000 1.985783e-02
9.620000 1.944089e-02
9.630000 1.928125e-02
9.640000 1.929142e-02
9.650000 1.910491e-02
9.660000 1.907723e-02
9.670000 1.939885e-02
9.680000 1.931614e-02
9.690000 1.907804e-02
9.700000 1.971656e-02
9.710000 2.028652e-02
9.720000 2.028514e-02
9.730000 2.034264e-02
9.740000 1.963600e-02
9.750000 1.951985e-02
9.760000 1.963114e-02
9.770000 2.024141e-02
9.780000 2.108011e-02
9.790000 1.981138e-02
9.800000 1.939619e-02
9.810000 1.911909e-02
9.820000 1.955400e-02
9.830000 2.081632e-02
9.840000 2.113198e-02
9.850000 2.098619e-02
9.860000 2.002561e-02
9.870000 1.968683e-02
9.880000 1.967656e-02
9.890000 1.965072e-02
9.900000 1.991528e-02
9.910000 1.972879e-02
9.920000 1.958721e-02
9.930000 1.951216e-02
9.940000 1.975131e-02
9.950000 1.971654e-02
9.960000 1.962664e-02
9.970000 1.953455e-02
9.980000 1.954542e-02
9.990000 1.912727e-02
10.000000 1.920210e-02
