0.000000 4.090541e-03
0.010000 4.109692e-03
0.020000 4.186193e-03
0.030000 4.158291e-03
0.040000 4.219837e-03
0.050000 4.409995e-03
0.060000 4.535155e-03
0.070000 4.513864e-03
0.080000 4.207615e-03
0.090000 3.868030e-03
0.100000 3.756838e-03
0.110000 3.749626e-03
0.120000 3.955376e-03
0.130000 4.458442e-03
0.140000 4.669640e-03
0.150000 4.636688e-03
0.160000 4.720798e-03
0.170000 4.807773e-03
0.180000 4.828123e-03
0.190000 4.856536e-03
0.200000 4.811247e-03
0.210000 4.885710e-03
0.220000 5.379739e-03
0.230000 5.648813e-03
0.240000 5.673651e-03
0.250000 5.791974e-03
0.260000 5.835818e-03
0.270000 5.786625e-03
0.280000 5.766251e-03
0.290000 6.241423e-03
0.300000 6.642611e-03
0.310000 6.526550e-03
0.320000 6.458627e-03
0.330000 6.526750e-03
0.340000 6.301955e-03
0.350000 6.036161e-03
0.360000 6.035603e-03
0.370000 6.117560e-03
0.380000 6.741067e-03
0.390000 7.134362e-03
0.400000 7.042705e-03
0.410000 7.062603e-03
0.420000 6.837689e-03
0.430000 6.169593e-03
0.440000 5.562401e-03
0.450000 5.681413e-03
0.460000 5.661981e-03
0.470000 5.486519e-03
0.480000 5.455571e-03
0.490000 5.465493e-03
0.500000 5.370725e-03
0.510000 5.079133e-03
0.520000 5.154979e-03
0.530000 5.210149e-03
0.540000 5.259358e-03
0.550000 5.189751e-03
0.560000 4.765060e-03
0.570000 4.626431e-03
0.580000 4.695271e-03
0.590000 4.351080e-03
0.600000 3.686914e-03
0.610000 3.549179e-03
0.620000 3.327749e-03
0.630000 2.988425e-03
0.640000 3.071717e-03
0.650000 3.161276e-03
0.660000 3.131859e-03
0.670000 2.928673e-03
0.680000 3.023861e-03
0.690000 3.266863e-03
0.700000 3.288338e-03
0.710000 3.232251e-03
0.720000 2.952404e-03
0.730000 2.785291e-03
0.740000 2.770153e-03
0.750000 2.736594e-03
0.760000 2.483680e-03
0.770000 2.231153e-03
0.780000 2.243593e-03
0.790000 2.237739e-03
0.800000 2.347278e-03
0.810000 2.737655e-03
0.820000 3.039271e-03
0.830000 3.073038e-03
0.840000 3.087345e-03
0.850000 3.001335e-03
0.860000 2.935391e-03
0.870000 2.958550e-03
0.880000 2.973561e-03
0.890000 3.140419e-03
0.900000 3.165602e-03
0.910000 3.105440e-03
0.920000 3.036869e-03
0.930000 2.728765e-03
0.940000 2.456240e-03
0.950000 2.333652e-03
0.960000 2.337427e-03
0.970000 2.370721e-03
0.980000 2.522934e-03
0.990000 2.786765e-03
1.000000 2.849698e-03
1.010000 2.770382e-03
1.020000 2.749192e-03
1.030000 2.836713e-03
1.040000 2.893052e-03
1.050000 2.859636e-03
1.060000 2.743999e-03
1.070000 2.559404e-03
1.080000 2.461495e-03
1.090000 2.444606e-03
1.100000 2.248110e-03
1.110000 2.026423e-03
1.120000 2.063560e-03
1.130000 2.096097e-03
1.140000 2.140679e-03
1.150000 2.772434e-03
1.160000 3.520744e-03
1.170000 3.704451e-03
1.180000 3.674011e-03
1.190000 3.588105e-03
1.200000 3.580038e-03
1.210000 3.563951e-03
1.220000 3.606821e-03
1.230000 3.721314e-03
1.240000 3.748961e-03
1.250000 3.885562e-03
1.260000 3.905755e-03
1.270000 3.907189e-03
1.280000 4.204270e-03
1.290000 4.551123e-03
1.300000 4.606467e-03
1.310000 4.950090e-03
1.320000 5.868631e-03
1.330000 6.255249e-03
1.340000 6.177029e-03
1.350000 6.306366e-03
1.360000 6.266058e-03
1.370000 5.846766e-03
1.380000 5.632815e-03
1.390000 5.633515e-03
1.400000 5.709900e-03
1.410000 5.998836e-03
1.420000 5.946238e-03
1.430000 5.998181e-03
1.440000 6.027376e-03
1.450000 5.884915e-03
1.460000 5.779443e-03
1.470000 5.834539e-03
1.480000 6.484422e-03
1.490000 6.662189e-03
1.500000 6.482651e-03
1.510000 6.461800e-03
1.520000 6.261916e-03
1.530000 5.749852e-03
1.540000 5.396112e-03
1.550000 5.402976e-03
1.560000 5.258422e-03
1.570000 5.217679e-03
1.580000 5.061850e-03
1.590000 4.849986e-03
1.600000 4.978939e-03
1.610000 5.111693e-03
1.620000 5.086390e-03
1.630000 5.002529e-03
1.640000 4.968285e-03
1.650000 4.697597e-03
1.660000 4.562448e-03
1.670000 4.597700e-03
1.680000 4.595559e-03
1.690000 4.406556e-03
1.700000 3.998117e-03
1.710000 3.984687e-03
1.720000 4.036895e-03
1.730000 4.089027e-03
1.740000 4.170690e-03
1.750000 4.001302e-03
1.760000 3.910167e-03
1.770000 3.969889e-03
1.780000 4.018933e-03
1.790000 3.924707e-03
1.800000 3.898283e-03
1.810000 3.920390e-03
1.820000 4.146823e-03
1.830000 4.395688e-03
1.840000 4.444822e-03
1.850000 4.420829e-03
1.860000 4.145379e-03
1.870000 3.737989e-03
1.880000 3.512891e-03
1.890000 3.489188e-03
1.900000 3.427674e-03
1.910000 3.373852e-03
1.920000 3.351910e-03
1.930000 3.299044e-03
1.940000 3.410918e-03
1.950000 3.368918e-03
1.960000 3.134737e-03
1.970000 3.029640e-03
1.980000 3.089285e-03
1.990000 3.060231e-03
2.000000 2.873077e-03
2.010000 2.829146e-03
2.020000 2.727427e-03
2.030000 2.198917e-03
2.040000 1.665523e-03
2.050000 1.605321e-03
2.060000 1.639015e-03
2.070000 1.603444e-03
2.080000 1.673334e-03
2.090000 1.636711e-03
2.100000 1.594415e-03
2.110000 1.626083e-03
2.120000 1.674630e-03
2.130000 1.660518e-03
2.140000 1.654528e-03
2.150000 1.585495e-03
2.160000 1.301691e-03
2.170000 1.222647e-03
2.180000 1.508525e-03
2.190000 1.673276e-03
2.200000 1.572966e-03
2.210000 1.458680e-03
2.220000 1.466843e-03
2.230000 1.508647e-03
2.240000 1.540546e-03
2.250000 1.895312e-03
2.260000 2.188897e-03
2.270000 2.150024e-03
2.280000 2.130120e-03
2.290000 1.954514e-03
2.300000 1.897426e-03
2.310000 2.087448e-03
2.320000 2.155561e-03
2.330000 2.197177e-03
2.340000 2.504812e-03
2.350000 2.959644e-03
2.360000 3.139360e-03
2.370000 3.167370e-03
2.380000 3.295584e-03
2.390000 3.247101e-03
2.400000 3.077922e-03
2.410000 3.118440e-03
2.420000 3.288823e-03
2.430000 3.310406e-03
2.440000 3.246582e-03
2.450000 3.251367e-03
2.460000 3.349848e-03
2.470000 3.417049e-03
2.480000 3.505165e-03
2.490000 3.533772e-03
2.500000 3.680651e-03
2.510000 3.999878e-03
2.520000 4.007216e-03
2.530000 3.975852e-03
2.540000 3.848760e-03
2.550000 3.532304e-03
2.560000 3.275739e-03
2.570000 3.177015e-03
2.580000 3.190728e-03
2.590000 3.217389e-03
2.600000 3.244587e-03
2.610000 3.197786e-03
2.620000 3.221183e-03
2.630000 3.284924e-03
2.640000 3.348521e-03
2.650000 3.475847e-03
2.660000 3.492445e-03
2.670000 3.466991e-03
2.680000 3.433010e-03
2.690000 3.423800e-03
2.700000 3.428690e-03
2.710000 3.452242e-03
2.720000 3.506825e-03
2.730000 3.507594e-03
2.740000 3.495900e-03
2.750000 3.551645e-03
2.760000 3.705635e-03
2.770000 3.685053e-03
2.780000 3.574740e-03
2.790000 3.601561e-03
2.800000 3.647488e-03
2.810000 3.644691e-03
2.820000 3.654612e-03
2.830000 3.664429e-03
2.840000 3.908216e-03
2.850000 4.399055e-03
2.860000 4.455026e-03
2.870000 4.425993e-03
2.880000 4.284606e-03
2.890000 3.776657e-03
2.900000 3.353375e-03
2.910000 3.247275e-03
2.920000 3.398160e-03
2.930000 3.250425e-03
2.940000 2.990508e-03
2.950000 2.946311e-03
2.960000 2.970887e-03
2.970000 3.049380e-03
2.980000 3.097470e-03
2.990000 3.095441e-03
3.000000 3.136266e-03
3.010000 3.218471e-03
3.020000 3.024016e-03
3.030000 2.802602e-03
3.040000 2.825496e-03
3.050000 2.540630e-03
3.060000 1.886679e-03
3.070000 1.592218e-03
3.080000 1.561154e-03
3.090000 1.365276e-03
3.100000 1.309708e-03
3.110000 1.363691e-03
3.120000 1.367716e-03
3.130000 1.265911e-03
3.140000 1.162328e-03
3.150000 1.244709e-03
3.160000 1.283618e-03
3.170000 1.291312e-03
3.180000 1.125101e-03
3.190000 8.129767e-04
3.200000 7.450776e-04
3.210000 7.055882e-04
3.220000 5.388291e-04
3.230000 3.887490e-04
3.240000 3.656856e-04
3.250000 3.821942e-04
3.260000 3.733792e-04
3.270000 4.680173e-04
3.280000 6.741143e-04
3.290000 7.631957e-04
3.300000 7.648367e-04
3.310000 7.410078e-04
3.320000 6.775573e-04
3.330000 6.711078e-04
3.340000 6.772227e-04
3.350000 6.723224e-04
3.360000 6.841035e-04
3.370000 7.122773e-04
3.380000 7.513154e-04
3.390000 7.161535e-04
3.400000 6.934196e-04
3.410000 7.172084e-04
3.420000 7.036326e-04
3.430000 7.116017e-04
3.440000 7.883999e-04
3.450000 8.877512e-04
3.460000 9.361966e-04
3.470000 9.387042e-04
3.480000 9.226919e-04
3.490000 9.476342e-04
3.500000 1.012128e-03
3.510000 1.032307e-03
3.520000 1.004572e-03
3.530000 9.144889e-04
3.540000 8.318141e-04
3.550000 8.169807e-04
3.560000 8.053226e-04
3.570000 7.534872e-04
3.580000 7.400467e-04
3.590000 7.616243e-04
3.600000 7.647860e-04
3.610000 7.932703e-04
3.620000 9.374260e-04
3.630000 1.064911e-03
3.640000 1.084886e-03
3.650000 1.087504e-03
3.660000 1.079436e-03
3.670000 1.098070e-03
3.680000 1.110746e-03
3.690000 1.117560e-03
3.700000 1.131007e-03
3.710000 1.175626e-03
3.720000 1.256939e-03
3.730000 1.263027e-03
3.740000 1.351142e-03
3.750000 1.596580e-03
3.760000 1.703183e-03
3.770000 1.701412e-03
3.780000 1.845560e-03
3.790000 1.989666e-03
3.800000 1.944148e-03
3.810000 1.908979e-03
3.820000 1.969910e-03
3.830000 1.944096e-03
3.840000 1.855718e-03
3.850000 1.832612e-03
3.860000 1.854219e-03
3.870000 2.047913e-03
3.880000 2.267095e-03
3.890000 2.249310e-03
3.900000 2.280067e-03
3.910000 2.180099e-03
3.920000 1.926680e-03
3.930000 1.744804e-03
3.940000 1.907755e-03
3.950000 2.181346e-03
3.960000 1.988717e-03
3.970000 1.890260e-03
3.980000 1.837713e-03
3.990000 1.696442e-03
4.000000 1.613874e-03
4.010000 1.567960e-03
4.020000 1.561347e-03
4.030000 1.529714e-03
4.040000 1.502960e-03
4.050000 1.396470e-03
4.060000 1.387913e-03
4.070000 1.477251e-03
4.080000 1.331939e-03
4.090000 1.144785e-03
4.100000 1.134830e-03
4.110000 1.103050e-03
4.120000 9.065823e-04
4.130000 8.178727e-04
4.140000 8.170993e-04
4.150000 7.259211e-04
4.160000 5.602803e-04
4.170000 4.895915e-04
4.180000 5.065320e-04
4.190000 5.109561e-04
4.200000 5.415202e-04
4.210000 4.569704e-04
4.220000 3.773925e-04
4.230000 3.757898e-04
4.240000 3.309318e-04
4.250000 2.713616e-04
4.260000 2.348612e-04
4.270000 2.329588e-04
4.280000 1.995341e-04
4.290000 1.821389e-04
4.300000 2.128322e-04
4.310000 2.274322e-04
4.320000 2.002070e-04
4.330000 1.601825e-04
4.340000 1.522893e-04
4.350000 1.504405e-04
4.360000 1.506960e-04
4.370000 1.372637e-04
4.380000 1.007270e-04
4.390000 8.814463e-05
4.400000 8.804516e-05
4.410000 9.251514e-05
4.420000 7.871905e-05
4.430000 6.255012e-05
4.440000 6.100525e-05
4.450000 5.438216e-05
4.460000 4.083952e-05
4.470000 3.232053e-05
4.480000 3.635736e-05
4.490000 3.746751e-05
4.500000 3.263145e-05
4.510000 2.556580e-05
4.520000 2.667589e-05
4.530000 3.428600e-05
4.540000 3.573516e-05
4.550000 3.461271e-05
4.560000 2.464797e-05
4.570000 1.925676e-05
4.580000 2.473654e-05
4.590000 2.773831e-05
4.600000 2.830100e-05
4.610000 3.815022e-05
4.620000 8.339420e-05
4.630000 1.431784e-04
4.640000 1.496144e-04
4.650000 2.325986e-04
4.660000 3.646066e-04
4.670000 3.851754e-04
4.680000 3.829846e-04
4.690000 3.843640e-04
4.700000 3.810499e-04
4.710000 3.493467e-04
4.720000 3.360175e-04
4.730000 3.620308e-04
4.740000 4.409881e-04
4.750000 5.618210e-04
4.760000 5.934376e-04
4.770000 6.279281e-04
4.780000 7.328604e-04
4.790000 7.719484e-04
4.800000 7.473550e-04
4.810000 8.210655e-04
4.820000 9.974581e-04
4.830000 9.953458e-04
4.840000 9.373575e-04
4.850000 9.372524e-04
4.860000 8.297370e-04
4.870000 7.111714e-04
4.880000 6.721439e-04
4.890000 6.854406e-04
4.900000 7.548200e-04
4.910000 8.161814e-04
4.920000 7.998312e-04
4.930000 8.128751e-04
4.940000 8.269676e-04
4.950000 7.548320e-04
4.960000 6.548267e-04
4.970000 7.033009e-04
4.980000 7.662478e-04
4.990000 6.704150e-04
5.000000 6.527715e-04
5.010000 6.307980e-04
5.020000 5.414742e-04
5.030000 4.326265e-04
5.040000 3.700539e-04
5.050000 3.676993e-04
5.060000 3.409501e-04
5.070000 3.607301e-04
5.080000 3.541421e-04
5.090000 3.214376e-04
5.100000 3.473491e-04
5.110000 3.121725e-04
5.120000 2.744777e-04
5.130000 2.662405e-04
5.140000 2.504444e-04
5.150000 1.766572e-04
5.160000 1.338716e-04
5.170000 1.493036e-04
5.180000 1.496837e-04
5.190000 1.306264e-04
5.200000 1.067732e-04
5.210000 1.037365e-04
5.220000 1.074252e-04
5.230000 1.084003e-04
5.240000 9.869326e-05
5.250000 7.185002e-05
5.260000 6.330826e-05
5.270000 6.700734e-05
5.280000 6.794436e-05
5.290000 5.369411e-05
5.300000 4.997432e-05
5.310000 4.709527e-05
5.320000 4.452864e-05
5.330000 5.400356e-05
5.340000 6.685653e-05
5.350000 7.757840e-05
5.360000 7.128461e-05
5.370000 5.294716e-05
5.380000 3.469806e-05
5.390000 2.901736e-05
5.400000 4.064737e-05
5.410000 4.503421e-05
5.420000 4.856910e-05
5.430000 3.371660e-05
5.440000 1.452670e-05
5.450000 1.458490e-05
5.460000 1.412227e-05
5.470000 1.790964e-05
5.480000 4.387041e-05
5.490000 8.158849e-05
5.500000 1.071880e-04
5.510000 1.145423e-04
5.520000 2.112926e-04
5.530000 3.600474e-04
5.540000 4.117917e-04
5.550000 4.176415e-04
5.560000 4.594525e-04
5.570000 4.646470e-04
5.580000 4.303363e-04
5.590000 4.298754e-04
5.600000 4.587570e-04
5.610000 4.927709e-04
5.620000 5.162055e-04
5.630000 5.219429e-04
5.640000 5.588610e-04
5.650000 8.024267e-04
5.660000 1.012215e-03
5.670000 9.935534e-04
5.680000 1.188800e-03
5.690000 1.423335e-03
5.700000 1.494683e-03
5.710000 1.504208e-03
5.720000 1.535270e-03
5.730000 1.551721e-03
5.740000 1.388123e-03
5.750000 1.293035e-03
5.760000 1.352213e-03
5.770000 1.454585e-03
5.780000 1.563585e-03
5.790000 1.610318e-03
5.800000 1.622817e-03
5.810000 1.747034e-03
5.820000 1.855398e-03
5.830000 1.783634e-03
5.840000 1.855429e-03
5.850000 2.054565e-03
5.860000 2.005676e-03
5.870000 1.936293e-03
5.880000 1.912107e-03
5.890000 1.771682e-03
5.900000 1.647567e-03
5.910000 1.559669e-03
5.920000 1.549110e-03
5.930000 1.627174e-03
5.940000 1.672671e-03
5.950000 1.695951e-03
5.960000 1.695762e-03
5.970000 1.735298e-03
5.980000 1.744109e-03
5.990000 1.623343e-03
6.000000 1.567909e-03
6.010000 1.582708e-03
6.020000 1.516555e-03
6.030000 1.496904e-03
6.040000 1.548628e-03
6.050000 1.502301e-03
6.060000 1.394269e-03
6.070000 1.405341e-03
6.080000 1.468246e-03
6.090000 1.478407e-03
6.100000 1.563807e-03
6.110000 1.528288e-03
6.120000 1.376038e-03
6.130000 1.356107e-03
6.140000 1.350269e-03
6.150000 1.371143e-03
6.160000 1.382046e-03
6.170000 1.373174e-03
6.180000 1.355345e-03
6.190000 1.302250e-03
6.200000 1.307832e-03
6.210000 1.325571e-03
6.220000 1.302199e-03
6.230000 1.220924e-03
6.240000 1.200098e-03
6.250000 1.196314e-03
6.260000 1.203883e-03
6.270000 1.221077e-03
6.280000 1.123183e-03
6.290000 1.067504e-03
6.300000 1.065325e-03
6.310000 1.076220e-03
6.320000 1.065257e-03
6.330000 1.033265e-03
6.340000 1.025760e-03
6.350000 1.009838e-03
6.360000 9.227625e-04
6.370000 8.657528e-04
6.380000 9.086115e-04
6.390000 8.558936e-04
6.400000 7.116024e-04
6.410000 6.245621e-04
6.420000 6.382598e-04
6.430000 6.531034e-04
6.440000 6.799420e-04
6.450000 7.494974e-04
6.460000 7.230745e-04
6.470000 7.108395e-04
6.480000 6.696743e-04
6.490000 6.367518e-04
6.500000 6.925495e-04
6.510000 7.230076e-04
6.520000 7.092107e-04
6.530000 5.850892e-04
6.540000 6.006158e-04
6.550000 8.494245e-04
6.560000 9.865733e-04
6.570000 9.898603e-04
6.580000 1.102291e-03
6.590000 1.286807e-03
6.600000 1.281371e-03
6.610000 1.301243e-03
6.620000 1.430770e-03
6.630000 1.495757e-03
6.640000 1.545853e-03
6.650000 1.550842e-03
6.660000 1.533615e-03
6.670000 1.643347e-03
6.680000 1.944266e-03
6.690000 2.050822e-03
6.700000 2.140918e-03
6.710000 2.449500e-03
6.720000 2.706626e-03
6.730000 2.829973e-03
6.740000 2.860821e-03
6.750000 3.127543e-03
6.760000 3.134554e-03
6.770000 2.847912e-03
6.780000 2.903929e-03
6.790000 3.017807e-03
6.800000 3.109880e-03
6.810000 3.212062e-03
6.820000 3.214302e-03
6.830000 3.247313e-03
6.840000 3.531850e-03
6.850000 3.621605e-03
6.860000 3.584860e-03
6.870000 3.714316e-03
6.880000 3.742475e-03
6.890000 3.803837e-03
6.900000 3.829927e-03
6.910000 3.874257e-03
6.920000 3.911452e-03
6.930000 3.812656e-03
6.940000 3.737679e-03
6.950000 3.810677e-03
6.960000 3.922900e-03
6.970000 3.985406e-03
6.980000 4.070671e-03
6.990000 4.078289e-03
7.000000 4.245043e-03
7.010000 4.364328e-03
7.020000 4.227937e-03
7.030000 4.219555e-03
7.040000 4.250069e-03
7.050000 4.245761e-03
7.060000 4.305610e-03
7.070000 4.335209e-03
7.080000 4.262418e-03
7.090000 4.308635e-03
7.100000 4.362555e-03
7.110000 4.301952e-03
7.120000 4.409721e-03
7.130000 4.481026e-03
7.140000 4.412493e-03
7.150000 4.383685e-03
7.160000 4.414655e-03
7.170000 4.574560e-03
7.180000 4.669119e-03
7.190000 4.583912e-03
7.200000 4.614488e-03
7.210000 4.672089e-03
7.220000 4.568042e-03
7.230000 4.528675e-03
7.240000 4.526333e-03
7.250000 4.463757e-03
7.260000 4.376418e-03
7.270000 4.233653e-03
7.280000 4.172254e-03
7.290000 4.268094e-03
7.300000 4.154975e-03
7.310000 4.085659e-03
7.320000 4.157270e-03
7.330000 4.111597e-03
7.340000 4.167882e-03
7.350000 4.042023e-03
7.360000 3.850106e-03
7.370000 3.891385e-03
7.380000 3.809748e-03
7.390000 3.539342e-03
7.400000 3.433714e-03
7.410000 3.386912e-03
7.420000 3.047806e-03
7.430000 2.703431e-03
7.440000 2.599309e-03
7.450000 2.601819e-03
7.460000 2.514477e-03
7.470000 2.525778e-03
7.480000 2.742641e-03
7.490000 2.836386e-03
7.500000 2.817053e-03
7.510000 2.798066e-03
7.520000 2.830086e-03
7.530000 2.783631e-03
7.540000 2.784093e-03
7.550000 2.521251e-03
7.560000 2.080556e-03
7.570000 2.137870e-03
7.580000 2.213064e-03
7.590000 2.105499e-03
7.600000 2.153362e-03
7.610000 2.376184e-03
7.620000 2.521343e-03
7.630000 2.555730e-03
7.640000 2.857423e-03
7.650000 3.131502e-03
7.660000 3.236156e-03
7.670000 3.239356e-03
7.680000 3.269462e-03
7.690000 3.240444e-03
7.700000 3.154785e-03
7.710000 3.160254e-03
7.720000 2.984367e-03
7.730000 2.965431e-03
7.740000 3.143210e-03
7.750000 3.237836e-03
7.760000 3.229096e-03
7.770000 3.506209e-03
7.780000 4.008371e-03
7.790000 4.040917e-03
7.800000 4.102146e-03
7.810000 4.257463e-03
7.820000 4.384051e-03
7.830000 4.569012e-03
7.840000 4.585970e-03
7.850000 4.535064e-03
7.860000 4.514587e-03
7.870000 4.512058e-03
7.880000 4.489677e-03
7.890000 4.547290e-03
7.900000 4.480241e-03
7.910000 4.604007e-03
7.920000 4.781203e-03
7.930000 4.835704e-03
7.940000 5.255974e-03
7.950000 5.434502e-03
7.960000 5.416047e-03
7.970000 5.402553e-03
7.980000 5.503513e-03
7.990000 5.794842e-03
8.000000 5.935722e-03
8.010000 5.948228e-03
8.020000 6.061311e-03
8.030000 6.327513e-03
8.040000 6.294393e-03
8.050000 6.238260e-03
8.060000 6.207952e-03
8.070000 6.140090e-03
8.080000 6.254579e-03
8.090000 6.299149e-03
8.100000 6.341644e-03
8.110000 6.650105e-03
8.120000 7.059413e-03
8.130000 7.063247e-03
8.140000 7.183692e-03
8.150000 7.479809e-03
8.160000 7.605403e-03
8.170000 7.754449e-03
8.180000 7.774726e-03
8.190000 7.930033e-03
8.200000 7.914223e-03
8.210000 7.621262e-03
8.220000 7.573789e-03
8.230000 7.715189e-03
8.240000 7.774464e-03
8.250000 7.804051e-03
8.260000 7.824243e-03
8.270000 7.964693e-03
8.280000 8.322968e-03
8.290000 8.213555e-03
8.300000 7.989825e-03
8.310000 8.079846e-03
8.320000 7.898137e-03
8.330000 7.681757e-03
8.340000 7.745486e-03
8.350000 7.660056e-03
8.360000 7.515555e-03
8.370000 7.477482e-03
8.380000 7.201155e-03
8.390000 7.210802e-03
8.400000 7.350558e-03
8.410000 7.283090e-03
8.420000 7.232795e-03
8.430000 7.222792e-03
8.440000 7.220564e-03
8.450000 6.775673e-03
8.460000 6.247301e-03
8.470000 6.153509e-03
8.480000 6.017216e-03
8.490000 5.626682e-03
8.500000 5.671131e-03
8.510000 5.969128e-03
8.520000 5.890307e-03
8.530000 5.940454e-03
8.540000 6.045176e-03
8.550000 5.927283e-03
8.560000 5.935364e-03
8.570000 5.960518e-03
8.580000 5.554572e-03
8.590000 5.194434e-03
8.600000 5.163597e-03
8.610000 4.962488e-03
8.620000 4.770694e-03
8.630000 4.752413e-03
8.640000 4.808362e-03
8.650000 4.615676e-03
8.660000 4.473846e-03
8.670000 4.852229e-03
8.680000 5.163056e-03
8.690000 5.154430e-03
8.700000 5.161514e-03
8.710000 5.177787e-03
8.720000 4.932371e-03
8.730000 4.892467e-03
8.740000 4.827074e-03
8.750000 4.536251e-03
8.760000 4.543411e-03
8.770000 4.589307e-03
8.780000 4.519421e-03
8.790000 4.506912e-03
8.800000 4.747039e-03
8.810000 4.952926e-03
8.820000 4.908993e-03
8.830000 4.842884e-03
8.840000 4.921460e-03
8.850000 5.160511e-03
8.860000 5.184778e-03
8.870000 5.244478e-03
8.880000 5.268181e-03
8.890000 5.106336e-03
8.900000 5.067304e-03
8.910000 5.102251e-03
8.920000 5.069986e-03
8.930000 5.058714e-03
8.940000 5.155154e-03
8.950000 5.065912e-03
8.960000 5.259710e-03
8.970000 5.531565e-03
8.980000 5.601940e-03
8.990000 5.523170e-03
9.000000 5.308760e-03
9.010000 5.696814e-03
9.020000 6.102366e-03
9.030000 6.137420e-03
9.040000 6.281190e-03
9.050000 6.592086e-03
9.060000 6.665979e-03
9.070000 6.584316e-03
9.080000 6.595174e-03
9.090000 6.299546e-03
9.100000 6.280373e-03
9.110000 6.347194e-03
9.120000 6.457654e-03
9.130000 6.846689e-03
9.140000 7.437474e-03
9.150000 7.961939e-03
9.160000 7.983019e-03
9.170000 8.214004e-03
9.180000 8.449551e-03
9.190000 8.494051e-03
9.200000 8.513288e-03
9.210000 8.771996e-03
9.220000 9.089526e-03
9.230000 8.616032e-03
9.240000 8.424753e-03
9.250000 8.472306e-03
9.260000 8.529097e-03
9.270000 8.759731e-03
9.280000 8.845062e-03
9.290000 8.909006e-03
9.300000 9.454977e-03
9.310000 1.000338e-02
9.320000 9.897346e-03
9.330000 9.973408e-03
9.340000 9.808673e-03
9.350000 9.569010e-03
9.360000 9.607385e-03
9.370000 9.630075e-03
9.380000 9.673599e-03
9.390000 9.273909e-03
9.400000 8.921953e-03
9.410000 8.889118e-03
9.420000 9.020027e-03
9.430000 9.101640e-03
9.440000 9.187016e-03
9.450000 9.221922e-03
9.460000 9.443553e-03
9.470000 9.896049e-03
9.480000 9.606401e-03
9.490000 9.326778e-03
9.500000 9.292421e-03
9.510000 8.867844e-03
9.520000 8.582944e-03
9.530000 8.703826e-03
9.540000 8.600174e-03
9.550000 8.248605e-03
9.560000 8.061619e-03
9.570000 7.847859e-03
9.580000 7.820763e-03
9.590000 7.940330e-03
9.600000 8.086491e-03
9.610000 8.141225e-03
9.620000 8.109779e-03
9.630000 8.265448e-03
9.640000 8.191368e-03
9.650000 7.876466e-03
9.660000 7.794883e-03
9.670000 7.622700e-03
9.680000 7.012062e-03
9.690000 6.790083e-03
9.700000 6.980938e-03
9.710000 6.929640e-03
9.720000 6.813027e-03
9.730000 6.756064e-03
9.740000 6.615904e-03
9.750000 6.607520e-03
9.760000 6.754785e-03
9.770000 6.758484e-03
9.780000 6.828221e-03
9.790000 6.873425e-03
9.800000 6.872355e-03
9.810000 6.763752e-03
9.820000 6.466048e-03
9.830000 6.417665e-03
9.840000 6.267258e-03
9.850000 5.867898e-03
9.860000 5.604469e-03
9.870000 5.677030e-03
9.880000 5.622672e-03
9.890000 5.532593e-03
9.900000 5.693140e-03
9.910000 5.676039e-03
9.920000 5.655929e-03
9.930000 5.548865e-03
9.940000 5.633453e-03
9.950000 5.868803e-03
9.960000 5.871022e-03
9.970000 5.900523e-03
9.980000 5.802135e-03
9.990000 5.750558e-03
10.000000 5.765392e-03
