0.000000000000000000e+00 2.299502659999999588e-02
9.999999999999998473e-03 2.286166959999999873e-02
1.999999999999999695e-02 2.285033040000000043e-02
3.000000000000000583e-02 2.274699890000000252e-02
3.999999999999999389e-02 2.269630210000000287e-02
4.999999999999999584e-02 2.281383160000000077e-02
6.000000000000001166e-02 2.243034309999999976e-02
7.000000000000002054e-02 2.242980019999999547e-02
7.999999999999998779e-02 2.206413909999999784e-02
8.999999999999998279e-02 2.162066330000000230e-02
9.999999999999999167e-02 2.185803360000000001e-02
1.100000000000000144e-01 2.192569690000000307e-02
1.200000000000000233e-01 2.169761980000000159e-02
1.299999999999999767e-01 2.168392820000000082e-02
1.400000000000000411e-01 2.183978750000000260e-02
1.499999999999999667e-01 2.176945809999999981e-02
1.599999999999999756e-01 2.211557020000000026e-02
1.699999999999999845e-01 2.223046520000000054e-02
1.799999999999999656e-01 2.207065119999999589e-02
1.899999999999999745e-01 2.211483129999999853e-02
1.999999999999999833e-01 2.207077669999999922e-02
2.100000000000000200e-01 2.200202659999999852e-02
2.200000000000000289e-01 2.177854850000000148e-02
2.300000000000000377e-01 2.156465599999999802e-02
2.400000000000000466e-01 2.165831080000000033e-02
2.500000000000000000e-01 2.186143330000000357e-02
2.599999999999999534e-01 2.189503240000000364e-02
2.700000000000000178e-01 2.212209869999999870e-02
2.800000000000000822e-01 2.214145810000000061e-02
2.899999999999999800e-01 2.169405469999999975e-02
2.999999999999999334e-01 2.175661689999999759e-02
3.099999999999999978e-01 2.162425349999999580e-02
3.199999999999999512e-01 2.143353290000000327e-02
3.300000000000000155e-01 2.181255109999999733e-02
3.399999999999999689e-01 2.212483779999999817e-02
3.500000000000000333e-01 2.229527290000000300e-02
3.599999999999999312e-01 2.238219609999999790e-02
3.700000000000000511e-01 2.231355130000000145e-02
3.799999999999999489e-01 2.219302239999999815e-02
3.900000000000000688e-01 2.191813019999999668e-02
3.999999999999999667e-01 2.146336839999999843e-02
4.100000000000000311e-01 2.159274649999999920e-02
4.200000000000000400e-01 2.147226590000000240e-02
4.300000000000000488e-01 2.118138959999999946e-02
4.400000000000000577e-01 2.144398519999999794e-02
4.500000000000000666e-01 2.148428139999999931e-02
4.600000000000000755e-01 2.107036740000000491e-02
4.699999999999998623e-01 2.065696730000000231e-02
4.800000000000000933e-01 2.050805239999999724e-02
4.900000000000001021e-01 2.051084530000000378e-02
5.000000000000000000e-01 2.074783950000000030e-02
5.099999999999998979e-01 2.109223880000000301e-02
5.199999999999999067e-01 2.115329029999999874e-02
5.300000000000001377e-01 2.118620759999999964e-02
5.400000000000000355e-01 2.106197759999999669e-02
5.499999999999999334e-01 2.082128949999999951e-02
5.600000000000001643e-01 2.042672219999999705e-02
5.700000000000000622e-01 2.007888370000000117e-02
5.799999999999999600e-01 2.030171819999999905e-02
5.899999999999999689e-01 2.038506850000000245e-02
5.999999999999998668e-01 2.009281830000000241e-02
6.100000000000000977e-01 2.038151579999999963e-02
6.199999999999999956e-01 2.037257099999999904e-02
6.300000000000000044e-01 1.963358309999999746e-02
6.399999999999999023e-01 1.969314909999999794e-02
6.500000000000001332e-01 1.985237130000000114e-02
6.600000000000000311e-01 1.975003800000000101e-02
6.700000000000000400e-01 1.994543789999999803e-02
6.799999999999999378e-01 2.028005000000000085e-02
6.899999999999998357e-01 2.086143990000000059e-02
7.000000000000000666e-01 2.096995210000000137e-02
7.099999999999999645e-01 2.104485160000000091e-02
7.199999999999998623e-01 2.105074829999999814e-02
7.300000000000000933e-01 2.086769189999999885e-02
7.400000000000001021e-01 2.080440469999999403e-02
7.500000000000000000e-01 2.090994889999999926e-02
7.599999999999998979e-01 2.084300210000000070e-02
7.699999999999999067e-01 2.067299839999999986e-02
7.800000000000001377e-01 2.096750330000000245e-02
7.900000000000000355e-01 2.098769710000000094e-02
7.999999999999999334e-01 2.084880750000000366e-02
8.100000000000002753e-01 2.113507159999999940e-02
8.200000000000000622e-01 2.142374970000000128e-02
8.299999999999998490e-01 2.147654839999999649e-02
8.400000000000000799e-01 2.196092059999999943e-02
8.499999999999998668e-01 2.235627429999999943e-02
8.600000000000000977e-01 2.219707429999999773e-02
8.699999999999998845e-01 2.212775089999999972e-02
8.800000000000001155e-01 2.197837210000000430e-02
8.900000000000000133e-01 2.220015089999999996e-02
9.000000000000001332e-01 2.229580899999999977e-02
9.099999999999999201e-01 2.194483220000000012e-02
9.200000000000001510e-01 2.210658959999999701e-02
9.299999999999999378e-01 2.212821259999999887e-02
9.399999999999997247e-01 2.208873010000000220e-02
9.499999999999999556e-01 2.212419569999999822e-02
9.600000000000001865e-01 2.206241350000000268e-02
9.699999999999999734e-01 2.179860520000000135e-02
9.800000000000002043e-01 2.167462939999999921e-02
9.899999999999999911e-01 2.163120889999999713e-02
1.000000000000000000e+00 2.159008620000000406e-02
1.010000000000000009e+00 2.182922070000000228e-02
1.019999999999999796e+00 2.178384180000000198e-02
1.029999999999999805e+00 2.196492000000000236e-02
1.039999999999999813e+00 2.212662539999999886e-02
1.050000000000000266e+00 2.198340990000000050e-02
1.060000000000000275e+00 2.184147050000000145e-02
1.070000000000000062e+00 2.151117039999999453e-02
1.080000000000000071e+00 2.118653360000000499e-02
1.090000000000000080e+00 2.149954529999999892e-02
1.099999999999999867e+00 2.176910199999999851e-02
1.109999999999999876e+00 2.150098489999999890e-02
1.120000000000000329e+00 2.155939199999999667e-02
1.129999999999999671e+00 2.146121399999999929e-02
1.140000000000000124e+00 2.116835789999999690e-02
1.150000000000000133e+00 2.122598670000000118e-02
1.159999999999999920e+00 2.111466370000000120e-02
1.169999999999999929e+00 2.114387909999999871e-02
1.179999999999999938e+00 2.132920120000000169e-02
1.189999999999999725e+00 2.155574270000000167e-02
1.199999999999999734e+00 2.185533989999999954e-02
1.210000000000000187e+00 2.195409629999999987e-02
1.220000000000000195e+00 2.176393960000000058e-02
1.230000000000000204e+00 2.158738809999999689e-02
1.239999999999999991e+00 2.136465799999999818e-02
1.250000000000000000e+00 2.105127249999999908e-02
1.260000000000000009e+00 2.134136280000000288e-02
1.269999999999999796e+00 2.151957420000000232e-02
1.279999999999999805e+00 2.174890700000000482e-02
1.289999999999999813e+00 2.200953969999999704e-02
1.300000000000000266e+00 2.196815449999999642e-02
1.310000000000000275e+00 2.180524730000000036e-02
1.320000000000000062e+00 2.159793540000000053e-02
1.330000000000000071e+00 2.133459830000000029e-02
1.340000000000000080e+00 2.134175429999999804e-02
1.349999999999999867e+00 2.174275570000000143e-02
1.359999999999999876e+00 2.180582619999999958e-02
1.370000000000000329e+00 2.184247699999999903e-02
1.379999999999999671e+00 2.188976540000000040e-02
1.390000000000000124e+00 2.148691169999999984e-02
1.400000000000000133e+00 2.126109290000000041e-02
1.409999999999999920e+00 2.102261429999999903e-02
1.419999999999999929e+00 2.076891089999999968e-02
1.429999999999999938e+00 2.121284899999999890e-02
1.439999999999999725e+00 2.152017969999999933e-02
1.449999999999999734e+00 2.143148200000000170e-02
1.460000000000000187e+00 2.135850699999999880e-02
1.470000000000000195e+00 2.122578060000000072e-02
1.480000000000000204e+00 2.116543599999999928e-02
1.489999999999999991e+00 2.080498530000000207e-02
1.500000000000000000e+00 2.026235809999999901e-02
1.510000000000000009e+00 2.028659709999999783e-02
1.519999999999999796e+00 2.004546830000000085e-02
1.529999999999999805e+00 1.974430259999999937e-02
1.539999999999999813e+00 1.988859090000000274e-02
1.550000000000000266e+00 1.991847660000000200e-02
1.560000000000000275e+00 1.967994710000000105e-02
1.570000000000000062e+00 1.957001670000000151e-02
1.580000000000000071e+00 1.956655310000000175e-02
1.590000000000000080e+00 1.945453089999999927e-02
1.599999999999999867e+00 1.973330870000000042e-02
1.609999999999999876e+00 2.001028179999999809e-02
1.620000000000000551e+00 1.975564229999999741e-02
1.629999999999999449e+00 1.959906049999999775e-02
1.640000000000000124e+00 1.947441100000000050e-02
1.649999999999999911e+00 1.899071290000000148e-02
1.659999999999999698e+00 1.863425120000000018e-02
1.669999999999999929e+00 1.860821670000000275e-02
1.680000000000000160e+00 1.891790670000000063e-02
1.689999999999999947e+00 1.908417550000000157e-02
1.699999999999999734e+00 1.890480179999999913e-02
1.710000000000000409e+00 1.923237759999999602e-02
1.720000000000000195e+00 1.928365670000000212e-02
1.729999999999999982e+00 1.907774329999999824e-02
1.739999999999999769e+00 1.941057829999999831e-02
1.750000000000000000e+00 1.923442080000000234e-02
1.760000000000000231e+00 1.906018320000000058e-02
1.770000000000000018e+00 1.927713069999999890e-02
1.780000000000000027e+00 1.945202680000000101e-02
1.789999999999999591e+00 1.949108090000000251e-02
1.800000000000000266e+00 1.944312349999999939e-02
1.810000000000000053e+00 1.949107019999999843e-02
1.819999999999999840e+00 1.949497650000000040e-02
1.829999999999999627e+00 1.955022230000000305e-02
1.840000000000000302e+00 1.957860969999999576e-02
1.850000000000000089e+00 1.964996259999999759e-02
1.859999999999999876e+00 1.959908930000000063e-02
1.870000000000000551e+00 1.967801539999999849e-02
1.879999999999999449e+00 1.992758659999999821e-02
1.890000000000000124e+00 1.994410719999999831e-02
1.899999999999999911e+00 1.968474689999999416e-02
1.909999999999999698e+00 1.945201550000000279e-02
1.920000000000000373e+00 1.936871139999999866e-02
1.930000000000000160e+00 1.930763590000000168e-02
1.939999999999999947e+00 1.977856150000000673e-02
1.949999999999999734e+00 2.006062580000000234e-02
1.960000000000000409e+00 1.990638970000000244e-02
1.969999999999999973e+00 1.994050049999999963e-02
1.979999999999999982e+00 1.978502099999999986e-02
1.989999999999999769e+00 1.974083180000000409e-02
2.000000000000000000e+00 1.956286099999999736e-02
2.009999999999999343e+00 1.921382619999999902e-02
2.020000000000000018e+00 1.939158690000000046e-02
2.030000000000000249e+00 1.955592750000000046e-02
2.039999999999999591e+00 1.954981379999999949e-02
2.050000000000000266e+00 1.978597610000000159e-02
2.059999999999999609e+00 1.974901130000000088e-02
2.069999999999999840e+00 1.930939470000000296e-02
2.079999999999999627e+00 1.911694410000000163e-02
2.089999999999999858e+00 1.890233550000000248e-02
2.100000000000000533e+00 1.873177219999999990e-02
2.109999999999999876e+00 1.894222190000000028e-02
2.120000000000000551e+00 1.929757210000000028e-02
2.129999999999999449e+00 1.969535289999999744e-02
2.140000000000000124e+00 1.984018071999999605e-02
2.149999999999999467e+00 1.980544534999999912e-02
2.160000000000000142e+00 1.955114697000000235e-02
2.170000000000000373e+00 1.924411332999999974e-02
2.180000000000000160e+00 1.911134820999999678e-02
2.190000000000000391e+00 1.930498266000000088e-02
2.199999999999999734e+00 1.953316593999999962e-02
2.210000000000000409e+00 1.952844453000000119e-02
2.219999999999999751e+00 1.974852410000000127e-02
2.229999999999999982e+00 1.968395380000000083e-02
2.240000000000000657e+00 1.942214459999999990e-02
2.250000000000000000e+00 1.956712760000000467e-02
2.259999999999999343e+00 1.945095390000000160e-02
2.270000000000000018e+00 1.942466000000000331e-02
2.280000000000000249e+00 1.987244579999999927e-02
2.289999999999999591e+00 2.000451269999999754e-02
2.300000000000000266e+00 2.008477310000000154e-02
2.309999999999999609e+00 2.016448280000000121e-02
2.319999999999999840e+00 2.003081180000000280e-02
2.329999999999999627e+00 2.008172369999999471e-02
2.339999999999999858e+00 2.008133869999999960e-02
2.350000000000000533e+00 1.989443330000000357e-02
2.359999999999999876e+00 2.003171769999999990e-02
2.370000000000000551e+00 2.017990110000000142e-02
2.379999999999999449e+00 2.031128199999999995e-02
2.390000000000000124e+00 2.026182960000000310e-02
2.399999999999999467e+00 2.014607120000000418e-02
2.410000000000000142e+00 2.003485139999999776e-02
2.420000000000000373e+00 1.983135509999999976e-02
2.430000000000000160e+00 1.960786139999999914e-02
2.440000000000000391e+00 1.957407430000000087e-02
2.449999999999999734e+00 1.990900670000000233e-02
2.460000000000000409e+00 1.994544520000000182e-02
2.469999999999999751e+00 1.993247480000000238e-02
2.479999999999999982e+00 1.995049909999999788e-02
2.490000000000000657e+00 1.954326220000000142e-02
2.500000000000000000e+00 1.942310000000000217e-02
2.509999999999999343e+00 1.938239520000000285e-02
2.520000000000000018e+00 1.908512400000000192e-02
2.530000000000000249e+00 1.944703350000000219e-02
2.539999999999999591e+00 1.951778769999999719e-02
2.550000000000000266e+00 1.922768650000000051e-02
2.559999999999999609e+00 1.916059189999999926e-02
2.569999999999999840e+00 1.903556919999999791e-02
2.579999999999999627e+00 1.898736450000000284e-02
2.589999999999999858e+00 1.876925839999999887e-02
2.600000000000000533e+00 1.844539740000000066e-02
2.609999999999999876e+00 1.842730899999999936e-02
2.620000000000000551e+00 1.833779690000000157e-02
2.629999999999999449e+00 1.828692980000000065e-02
2.640000000000000124e+00 1.839069990000000154e-02
2.649999999999999467e+00 1.836623509999999945e-02
2.660000000000000142e+00 1.832079860000000032e-02
2.670000000000000373e+00 1.837534149999999616e-02
2.680000000000000160e+00 1.820911849999999957e-02
2.690000000000000391e+00 1.793901820000000022e-02
2.699999999999999734e+00 1.811511110000000452e-02
2.710000000000000409e+00 1.834923200000000004e-02
2.719999999999999751e+00 1.841112989999999644e-02
2.729999999999999982e+00 1.846490369999999673e-02
2.740000000000000657e+00 1.833832240000000252e-02
2.750000000000000000e+00 1.784559689999999990e-02
2.759999999999999343e+00 1.765604970000000246e-02
2.770000000000000018e+00 1.760315189999999558e-02
2.780000000000000249e+00 1.775340649999999909e-02
2.789999999999999591e+00 1.812318819999999761e-02
2.800000000000000266e+00 1.808864760000000044e-02
2.809999999999999609e+00 1.829013280000000088e-02
2.819999999999999840e+00 1.832903430000000153e-02
2.829999999999999627e+00 1.818433959999999489e-02
2.839999999999999858e+00 1.828693699999999964e-02
2.850000000000000533e+00 1.797016490000000535e-02
2.859999999999999876e+00 1.774364130000000150e-02
2.870000000000000551e+00 1.798740780000000067e-02
2.879999999999999449e+00 1.811822349999999901e-02
2.890000000000000124e+00 1.812519829999999915e-02
2.899999999999999467e+00 1.817056950000000073e-02
2.910000000000000142e+00 1.812881289999999923e-02
2.920000000000000373e+00 1.807520400000000096e-02
2.930000000000000160e+00 1.787828109999999721e-02
2.940000000000000391e+00 1.757797550000000236e-02
2.949999999999999734e+00 1.757311649999999947e-02
2.960000000000000409e+00 1.756766929999999810e-02
2.969999999999999751e+00 1.777087659999999555e-02
2.979999999999999982e+00 1.797815969999999944e-02
2.990000000000000657e+00 1.798392739999999865e-02
3.000000000000000000e+00 1.772825609999999913e-02
3.009999999999999343e+00 1.737862289999999796e-02
3.020000000000000018e+00 1.717153329999999978e-02
3.030000000000000249e+00 1.702299410000000096e-02
3.039999999999999591e+00 1.743390040000000057e-02
3.050000000000000266e+00 1.782501229999999826e-02
3.059999999999999609e+00 1.769825070000000111e-02
3.069999999999999840e+00 1.773926960000000302e-02
3.079999999999999627e+00 1.750804339999999931e-02
3.089999999999999858e+00 1.710156209999999857e-02
3.100000000000000533e+00 1.692010599999999726e-02
3.109999999999999876e+00 1.671872530000000426e-02
3.120000000000000551e+00 1.693607109999999832e-02
3.129999999999999449e+00 1.705824790000000368e-02
3.140000000000000124e+00 1.703251349999999539e-02
3.149999999999999467e+00 1.734534839999999842e-02
3.160000000000000142e+00 1.731681649999999503e-02
3.170000000000000373e+00 1.720724850000000111e-02
3.180000000000000160e+00 1.727175309999999867e-02
3.190000000000000391e+00 1.696241506999999690e-02
3.199999999999999734e+00 1.684516915999999948e-02
3.209999999999999964e+00 1.708124532000000056e-02
3.219999999999999751e+00 1.726690711000000017e-02
3.229999999999999538e+00 1.734854249999999778e-02
3.240000000000001101e+00 1.738043376000000112e-02
3.250000000000000000e+00 1.731102271999999942e-02
3.259999999999998899e+00 1.713877152000000195e-02
3.270000000000000462e+00 1.711953123000000201e-02
3.280000000000000249e+00 1.717875223000000021e-02
3.290000000000000036e+00 1.726364676999999834e-02
3.299999999999999822e+00 1.757860736999999896e-02
3.309999999999999609e+00 1.771682388000000302e-02
3.319999999999999396e+00 1.776199269999999969e-02
3.329999999999999183e+00 1.774563392000000003e-02
3.339999999999999858e+00 1.750565705999999888e-02
3.350000000000000533e+00 1.751186114000000127e-02
3.360000000000000320e+00 1.743661055000000210e-02
3.370000000000000107e+00 1.743389263000000300e-02
3.379999999999999893e+00 1.778203294000000115e-02
3.389999999999999680e+00 1.770073215000000227e-02
3.399999999999999467e+00 1.771329945999999822e-02
3.410000000000000142e+00 1.781646113999999642e-02
3.420000000000000817e+00 1.775134726000000135e-02
3.430000000000000604e+00 1.791655056999999496e-02
3.440000000000000391e+00 1.795693078999999887e-02
3.450000000000000178e+00 1.776963222000000134e-02
3.459999999999999964e+00 1.784937526000000135e-02
3.469999999999999751e+00 1.795545282000000215e-02
3.479999999999999538e+00 1.783039588999999966e-02
3.490000000000001101e+00 1.779383332000000068e-02
3.500000000000000000e+00 1.778140989999999963e-02
3.509999999999998899e+00 1.766239320000000459e-02
3.520000000000000462e+00 1.752484160000000041e-02
3.530000000000000249e+00 1.732471779000000281e-02
3.540000000000000036e+00 1.719743871000000215e-02
3.549999999999999822e+00 1.735590407000000071e-02
3.560000000000000053e+00 1.757872565999999900e-02
3.569999999999999396e+00 1.772927311999999977e-02
3.579999999999999183e+00 1.781085586999999609e-02
3.590000000000000746e+00 1.759147403000000526e-02
3.600000000000000533e+00 1.750235259999999987e-02
3.610000000000000320e+00 1.746092683000000437e-02
3.620000000000000107e+00 1.719661339999999788e-02
3.629999999999999893e+00 1.736035970000000123e-02
3.639999999999999680e+00 1.730916880000000005e-02
3.649999999999999467e+00 1.710536620000000299e-02
3.659999999999999254e+00 1.724510889999999672e-02
3.670000000000000817e+00 1.724328880000000272e-02
3.680000000000000604e+00 1.725250539999999971e-02
3.689999999999999947e+00 1.728895679999999796e-02
3.700000000000000178e+00 1.708485790000000004e-02
3.709999999999999964e+00 1.703221830000000228e-02
3.719999999999999751e+00 1.717344670000000087e-02
3.729999999999999538e+00 1.715581769999999923e-02
3.740000000000001101e+00 1.721855139999999701e-02
3.750000000000000000e+00 1.727657889999999891e-02
3.759999999999998899e+00 1.724478769999999994e-02
3.770000000000000462e+00 1.725777760000000299e-02
3.780000000000000249e+00 1.707109090000000218e-02
3.790000000000000036e+00 1.679790399999999892e-02
3.799999999999999822e+00 1.687600720000000110e-02
3.810000000000000053e+00 1.715508789999999756e-02
3.819999999999999396e+00 1.741739130000000135e-02
3.829999999999999183e+00 1.749545170000000108e-02
3.840000000000000746e+00 1.741227150000000320e-02
3.850000000000000533e+00 1.704642280000000232e-02
3.860000000000000320e+00 1.679907859999999614e-02
3.870000000000000107e+00 1.670168430000000190e-02
3.879999999999999893e+00 1.681153470000000191e-02
3.889999999999999680e+00 1.722331049999999836e-02
3.899999999999999467e+00 1.718758100000000039e-02
3.909999999999999254e+00 1.721621109999999649e-02
3.920000000000000817e+00 1.719295170000000386e-02
3.930000000000000604e+00 1.690332199999999840e-02
3.939999999999999947e+00 1.694281250000000127e-02
3.950000000000000178e+00 1.673052239999999954e-02
3.959999999999999964e+00 1.646978270000000119e-02
3.969999999999999751e+00 1.669418590000000188e-02
3.979999999999999538e+00 1.675548839999999734e-02
3.990000000000001101e+00 1.684849379999999591e-02
4.000000000000000000e+00 1.696131470000000058e-02
4.009999999999998899e+00 1.691307970000000341e-02
4.019999999999998685e+00 1.678737799999999863e-02
4.030000000000000249e+00 1.654021399999999406e-02
4.040000000000000036e+00 1.631588280000000404e-02
4.049999999999998934e+00 1.630396480000000092e-02
4.060000000000000497e+00 1.626991870000000021e-02
4.070000000000000284e+00 1.632736699999999888e-02
4.079999999999999183e+00 1.636286389999999993e-02
4.090000000000000746e+00 1.628312759999999554e-02
4.100000000000000533e+00 1.617567900000000183e-02
4.110000000000000320e+00 1.598214679999999596e-02
4.119999999999999218e+00 1.581364262999999937e-02
4.130000000000000782e+00 1.570054297000000182e-02
4.139999999999999680e+00 1.603453762999999810e-02
4.149999999999999467e+00 1.639276251000000226e-02
4.159999999999999254e+00 1.629992112999999881e-02
4.170000000000000817e+00 1.632327324999999912e-02
4.179999999999999716e+00 1.603924260000000324e-02
4.189999999999999503e+00 1.562923690999999671e-02
4.200000000000001066e+00 1.570741952000000163e-02
4.209999999999999964e+00 1.559075623999999979e-02
4.219999999999999751e+00 1.570847464999999832e-02
4.230000000000001315e+00 1.577862738000000015e-02
4.240000000000001101e+00 1.566908057999999784e-02
4.250000000000000000e+00 1.575382185999999948e-02
4.259999999999998899e+00 1.572976452000000164e-02
4.269999999999998685e+00 1.581708347999999723e-02
4.280000000000000249e+00 1.588087310999999890e-02
4.290000000000000036e+00 1.570454858999999898e-02
4.299999999999998934e+00 1.565352042000000068e-02
4.310000000000000497e+00 1.578610382000000117e-02
4.320000000000000284e+00 1.580633199999999933e-02
4.329999999999999183e+00 1.578715785000000399e-02
4.340000000000000746e+00 1.584578862999999962e-02
4.350000000000000533e+00 1.578588014999999720e-02
4.360000000000000320e+00 1.573124990000000084e-02
4.369999999999999218e+00 1.566232977000000040e-02
4.380000000000000782e+00 1.556273440000000008e-02
4.389999999999999680e+00 1.562568596299999946e-02
4.399999999999999467e+00 1.587898921599999874e-02
4.409999999999999254e+00 1.593542341400000159e-02
4.420000000000000817e+00 1.585168900499999561e-02
4.429999999999999716e+00 1.585161341199999713e-02
4.439999999999999503e+00 1.562048542500000040e-02
4.450000000000001066e+00 1.562110461600000125e-02
4.459999999999999964e+00 1.562637145199999994e-02
4.469999999999999751e+00 1.555657695299999740e-02
4.480000000000001315e+00 1.574533983599999895e-02
4.490000000000001101e+00 1.571889445100000185e-02
4.500000000000000000e+00 1.579279214500000153e-02
4.509999999999998899e+00 1.594919337999999714e-02
4.519999999999998685e+00 1.591901968899999895e-02
4.530000000000000249e+00 1.588190210000000116e-02
4.540000000000000036e+00 1.582019671600000052e-02
4.549999999999998934e+00 1.569582777099999896e-02
4.560000000000000497e+00 1.580026209700000073e-02
4.570000000000000284e+00 1.584693997600000043e-02
4.579999999999999183e+00 1.562363355399999654e-02
4.590000000000000746e+00 1.563770633099999946e-02
4.600000000000000533e+00 1.560652970000000160e-02
4.610000000000000320e+00 1.554103092200000147e-02
4.619999999999999218e+00 1.563600471999999908e-02
4.630000000000000782e+00 1.551306183999999824e-02
4.639999999999999680e+00 1.541110653999999691e-02
4.649999999999999467e+00 1.561072845999999723e-02
4.659999999999999254e+00 1.587967996000000034e-02
4.670000000000000817e+00 1.602694773999999850e-02
4.679999999999999716e+00 1.611089155999999994e-02
4.689999999999999503e+00 1.588952620000000024e-02
4.700000000000001066e+00 1.566230659000000108e-02
4.709999999999999964e+00 1.558487067000000059e-02
4.719999999999999751e+00 1.544403894999999902e-02
4.730000000000001315e+00 1.558987138000000015e-02
4.740000000000001101e+00 1.574748191000000311e-02
4.750000000000000000e+00 1.564286239999999537e-02
4.759999999999998899e+00 1.570311475999999762e-02
4.769999999999998685e+00 1.570940150999999840e-02
4.780000000000000249e+00 1.575106844000000172e-02
4.790000000000000036e+00 1.583149723999999897e-02
4.799999999999998934e+00 1.566646690000000203e-02
4.810000000000000497e+00 1.564525174999999851e-02
4.820000000000000284e+00 1.577809071000000132e-02
4.829999999999999183e+00 1.575374528000000190e-02
4.840000000000000746e+00 1.584585015000000013e-02
4.850000000000000533e+00 1.588282144000000007e-02
4.860000000000000320e+00 1.576653399999999872e-02
4.869999999999999218e+00 1.576137753999999960e-02
4.880000000000000782e+00 1.563216348999999991e-02
4.889999999999999680e+00 1.544444685999999886e-02
4.899999999999999467e+00 1.565494950000000107e-02
4.909999999999999254e+00 1.593192334000000099e-02
4.920000000000000817e+00 1.598342841999999750e-02
4.929999999999999716e+00 1.597057941000000134e-02
4.939999999999999503e+00 1.590565256000000052e-02
4.950000000000001066e+00 1.560694089999999958e-02
4.959999999999999964e+00 1.538292227000000179e-02
4.969999999999999751e+00 1.529430768999999989e-02
4.980000000000001315e+00 1.530466658000000091e-02
4.990000000000001101e+00 1.563729399999999950e-02
5.000000000000000000e+00 1.568354414999999918e-02
5.009999999999998899e+00 1.574102009999999580e-02
5.019999999999998685e+00 1.580256991999999874e-02
5.030000000000000249e+00 1.561617715000000219e-02
5.040000000000000036e+00 1.571058708999999859e-02
5.049999999999998934e+00 1.550251763000000046e-02
5.060000000000000497e+00 1.528697690999999970e-02
5.070000000000000284e+00 1.545587891000000345e-02
5.079999999999999183e+00 1.539345241000000288e-02
5.090000000000000746e+00 1.535574265999999945e-02
5.100000000000000533e+00 1.537875251000000131e-02
5.110000000000000320e+00 1.536547554999999864e-02
5.119999999999999218e+00 1.533721506999999838e-02
5.130000000000000782e+00 1.531572025000000128e-02
5.139999999999999680e+00 1.524729673999999924e-02
5.149999999999999467e+00 1.520722702000000190e-02
5.159999999999999254e+00 1.526436816000000321e-02
5.170000000000000817e+00 1.523297525999999999e-02
5.179999999999999716e+00 1.524342256999999812e-02
5.189999999999999503e+00 1.528007604000000165e-02
5.200000000000001066e+00 1.525021812000000067e-02
5.209999999999999964e+00 1.502663115000000063e-02
5.219999999999999751e+00 1.476451602000000175e-02
5.230000000000001315e+00 1.461731692999999888e-02
5.240000000000001101e+00 1.481963152599999854e-02
5.250000000000000000e+00 1.513062810200000233e-02
5.259999999999998899e+00 1.509575312599999684e-02
5.269999999999998685e+00 1.507727073399999992e-02
5.280000000000000249e+00 1.489809063599999671e-02
5.290000000000000036e+00 1.475311011100000069e-02
5.299999999999998934e+00 1.489562323199999927e-02
5.310000000000000497e+00 1.476182552700000018e-02
5.320000000000000284e+00 1.479986076400000017e-02
5.329999999999999183e+00 1.473153375600000023e-02
5.340000000000000746e+00 1.448446095299999944e-02
5.350000000000000533e+00 1.446547154000000189e-02
5.360000000000000320e+00 1.449409746099999952e-02
5.369999999999999218e+00 1.450490851600000006e-02
5.380000000000000782e+00 1.446915430599999761e-02
5.389999999999999680e+00 1.435176403600000108e-02
5.399999999999999467e+00 1.428993923699999925e-02
5.409999999999999254e+00 1.448039662099999923e-02
5.420000000000000817e+00 1.462505891000000224e-02
5.429999999999999716e+00 1.464930676000000299e-02
5.439999999999999503e+00 1.470785246999999941e-02
5.450000000000001066e+00 1.467006139000000264e-02
5.459999999999999964e+00 1.449012692700000007e-02
5.469999999999999751e+00 1.422666146400000144e-02
5.480000000000001315e+00 1.403808824099999839e-02
5.490000000000001101e+00 1.402463684900000229e-02
5.500000000000000000e+00 1.417874860000000251e-02
5.509999999999998899e+00 1.420998722999999853e-02
5.519999999999998685e+00 1.420997905999999908e-02
5.530000000000000249e+00 1.426781594000000111e-02
5.540000000000000036e+00 1.403224176999999864e-02
5.549999999999998934e+00 1.398539755000000051e-02
5.560000000000000497e+00 1.399081934999999929e-02
5.570000000000000284e+00 1.395868969999999876e-02
5.579999999999999183e+00 1.423844383000000269e-02
5.590000000000000746e+00 1.428682744000000018e-02
5.600000000000000533e+00 1.427448799999999837e-02
5.610000000000000320e+00 1.435543828999999785e-02
5.619999999999999218e+00 1.423297564999999841e-02
5.630000000000000782e+00 1.403945909000000117e-02
5.639999999999999680e+00 1.394124099999999658e-02
5.649999999999999467e+00 1.386248516999999923e-02
5.659999999999999254e+00 1.391905720000000124e-02
5.670000000000000817e+00 1.393987074000000402e-02
5.679999999999999716e+00 1.392176309999999806e-02
5.689999999999999503e+00 1.398831890000000119e-02
5.700000000000001066e+00 1.404169080000000104e-02
5.709999999999999964e+00 1.403237510000000451e-02
5.719999999999999751e+00 1.402533260000000080e-02
5.730000000000001315e+00 1.389864989999999891e-02
5.740000000000001101e+00 1.377177910000000095e-02
5.750000000000000000e+00 1.390183939999999931e-02
5.759999999999998899e+00 1.405424529999999526e-02
5.769999999999998685e+00 1.415118769999999804e-02
5.780000000000000249e+00 1.422522130000000197e-02
5.790000000000000036e+00 1.400481129999999949e-02
5.799999999999998934e+00 1.379318739999999856e-02
5.810000000000000497e+00 1.376412020000000215e-02
5.820000000000000284e+00 1.362526480000000005e-02
5.829999999999999183e+00 1.374086790000000023e-02
5.840000000000000746e+00 1.391681250000000036e-02
5.850000000000000533e+00 1.375993099999999955e-02
5.860000000000000320e+00 1.376182079999999953e-02
5.869999999999999218e+00 1.377239969999999834e-02
5.880000000000000782e+00 1.373649139999999838e-02
5.889999999999999680e+00 1.380724621000000221e-02
5.899999999999999467e+00 1.370968297999999863e-02
5.909999999999999254e+00 1.364760779000000201e-02
5.920000000000000817e+00 1.368923189000000040e-02
5.929999999999999716e+00 1.376982036999999971e-02
5.939999999999999503e+00 1.385561009999999871e-02
5.950000000000001066e+00 1.386947080000000207e-02
5.959999999999999964e+00 1.386207489999999841e-02
5.969999999999999751e+00 1.388473609999999782e-02
5.980000000000001315e+00 1.387561040000000190e-02
5.990000000000001101e+00 1.374357573999999624e-02
6.000000000000000000e+00 1.382237410000000145e-02
6.009999999999998899e+00 1.389013619999999657e-02
6.019999999999998685e+00 1.371291739999999995e-02
6.030000000000000249e+00 1.373765289999999764e-02
6.040000000000000036e+00 1.376687560000000067e-02
6.049999999999998934e+00 1.369748399999999935e-02
6.060000000000000497e+00 1.376892939999999933e-02
6.070000000000000284e+00 1.375944169999999966e-02
6.079999999999999183e+00 1.374763489999999977e-02
6.090000000000000746e+00 1.401916569999999904e-02
6.100000000000000533e+00 1.407232129999999928e-02
6.110000000000000320e+00 1.404974519999999637e-02
6.119999999999999218e+00 1.408455609999999768e-02
6.130000000000000782e+00 1.399381259999999717e-02
6.139999999999999680e+00 1.412624100000000119e-02
6.149999999999999467e+00 1.398603979999999899e-02
6.159999999999999254e+00 1.378106500000000033e-02
6.170000000000000817e+00 1.379216209999999977e-02
6.179999999999999716e+00 1.370628469999999807e-02
6.189999999999999503e+00 1.369379750000000208e-02
6.200000000000001066e+00 1.371867920000000365e-02
6.209999999999999964e+00 1.381464200000000198e-02
6.219999999999999751e+00 1.393299419999999809e-02
6.230000000000001315e+00 1.397556780000000151e-02
6.240000000000001101e+00 1.395134450000000068e-02
6.250000000000000000e+00 1.391812789999999876e-02
6.259999999999998899e+00 1.400898369999999983e-02
6.269999999999998685e+00 1.389960120000000021e-02
6.280000000000000249e+00 1.387790830000000183e-02
6.290000000000000036e+00 1.390538070000000084e-02
6.299999999999998934e+00 1.379715980000000355e-02
6.310000000000000497e+00 1.361649379999999888e-02
6.320000000000000284e+00 1.336242409999999735e-02
6.329999999999999183e+00 1.320560980000000037e-02
6.340000000000000746e+00 1.342646819999999963e-02
6.350000000000000533e+00 1.376198460000000248e-02
6.360000000000000320e+00 1.371674405000000187e-02
6.369999999999999218e+00 1.366618068000000075e-02
6.380000000000000782e+00 1.357653994999999912e-02
6.389999999999999680e+00 1.342616985999999998e-02
6.399999999999999467e+00 1.346069884000000196e-02
6.409999999999998366e+00 1.332273591000000292e-02
6.419999999999999929e+00 1.332613988000000069e-02
6.429999999999999716e+00 1.328115383999999878e-02
6.439999999999999503e+00 1.312503610000000098e-02
6.450000000000001066e+00 1.322886603999999869e-02
6.459999999999999076e+00 1.326161195000000181e-02
6.470000000000000639e+00 1.325303595000000209e-02
6.480000000000002203e+00 1.315609842999999890e-02
6.490000000000000213e+00 1.290705608000000150e-02
6.500000000000000000e+00 1.283903335000000090e-02
6.509999999999999787e+00 1.301772026000000068e-02
6.519999999999997797e+00 1.320881216999999705e-02
6.529999999999999361e+00 1.318033811999999930e-02
6.540000000000000924e+00 1.318201988000000137e-02
6.549999999999998934e+00 1.319088975000000039e-02
6.560000000000000497e+00 1.304355233000000294e-02
6.570000000000000284e+00 1.283273823000000147e-02
6.580000000000000071e+00 1.274254220000000173e-02
6.590000000000001634e+00 1.276692789999999897e-02
6.599999999999999645e+00 1.294782119999999745e-02
6.610000000000001208e+00 1.301632139999999924e-02
6.619999999999999218e+00 1.300146200000000009e-02
6.630000000000000782e+00 1.304154149999999998e-02
6.639999999999998792e+00 1.280965720000000127e-02
6.650000000000000355e+00 1.266720599999999683e-02
6.659999999999998366e+00 1.257388209999999937e-02
6.669999999999999929e+00 1.251156990000000004e-02
6.679999999999999716e+00 1.278617019999999868e-02
6.689999999999999503e+00 1.272821179999999996e-02
6.700000000000001066e+00 1.262912379999999932e-02
6.709999999999999076e+00 1.272708919999999966e-02
6.720000000000000639e+00 1.274653410000000167e-02
6.730000000000002203e+00 1.282543640000000096e-02
6.740000000000000213e+00 1.282255700000000179e-02
6.750000000000000000e+00 1.277439290000000061e-02
6.759999999999999787e+00 1.273904870000000002e-02
6.769999999999997797e+00 1.258279589999999892e-02
6.779999999999999361e+00 1.242337299999999971e-02
6.790000000000000924e+00 1.231195319999999968e-02
6.799999999999998934e+00 1.229272260000000005e-02
6.810000000000000497e+00 1.218143319999999939e-02
6.820000000000000284e+00 1.208692840000000039e-02
6.830000000000000071e+00 1.209037820000000152e-02
6.840000000000001634e+00 1.208726409999999821e-02
6.849999999999999645e+00 1.223481899999999921e-02
6.860000000000001208e+00 1.236412140000000062e-02
6.869999999999999218e+00 1.236645899999999978e-02
6.880000000000000782e+00 1.244197639999999883e-02
6.889999999999998792e+00 1.237861830000000149e-02
6.900000000000000355e+00 1.221084230000000007e-02
6.909999999999998366e+00 1.215788829999999918e-02
6.919999999999999929e+00 1.201727019999999924e-02
6.929999999999999716e+00 1.201701390000000161e-02
6.939999999999999503e+00 1.202754919999999769e-02
6.950000000000001066e+00 1.179241591999999859e-02
6.959999999999999076e+00 1.179494839000000059e-02
6.970000000000000639e+00 1.179347297999999884e-02
6.980000000000002203e+00 1.181088578999999958e-02
6.990000000000000213e+00 1.201987268999999900e-02
7.000000000000000000e+00 1.202334772000000079e-02
7.009999999999999787e+00 1.203366942999999946e-02
7.019999999999997797e+00 1.206241573000000136e-02
7.029999999999999361e+00 1.206303570999999950e-02
7.040000000000000924e+00 1.204055350999999954e-02
7.049999999999998934e+00 1.202164749999999963e-02
7.060000000000000497e+00 1.202536369999999792e-02
7.070000000000000284e+00 1.198312631999999892e-02
7.080000000000000071e+00 1.203209277000000244e-02
7.090000000000001634e+00 1.202293647999999951e-02
7.099999999999999645e+00 1.204638019000000074e-02
7.110000000000001208e+00 1.205539519000000011e-02
7.120000000000000107e+00 1.192096083999999966e-02
7.129999999999999893e+00 1.196189635999999994e-02
7.139999999999998792e+00 1.201117988000000025e-02
7.150000000000000355e+00 1.198189619000000240e-02
7.159999999999998366e+00 1.202828193999999976e-02
7.169999999999999929e+00 1.200585410000000117e-02
7.180000000000001492e+00 1.199862689999999996e-02
7.189999999999999503e+00 1.219246589999999943e-02
7.200000000000001066e+00 1.221379530000000005e-02
7.209999999999999076e+00 1.219776380000000063e-02
7.220000000000000639e+00 1.225470199999999926e-02
7.230000000000002203e+00 1.213536599999999986e-02
7.240000000000000213e+00 1.225654879999999759e-02
7.250000000000000000e+00 1.223692510000000053e-02
7.259999999999999787e+00 1.204539630000000042e-02
7.269999999999997797e+00 1.208737670000000104e-02
7.279999999999999361e+00 1.208182229999999954e-02
7.290000000000000924e+00 1.210781509999999880e-02
7.299999999999998934e+00 1.213329470000000174e-02
7.310000000000000497e+00 1.211639859999999978e-02
7.319999999999998508e+00 1.199962210000000279e-02
7.330000000000000071e+00 1.183499480000000173e-02
7.340000000000001634e+00 1.179546000000000067e-02
7.349999999999999645e+00 1.179238990000000195e-02
7.360000000000001208e+00 1.196024250000000261e-02
7.370000000000000107e+00 1.210957809999999892e-02
7.379999999999999893e+00 1.220592939999999918e-02
7.389999999999998792e+00 1.220844150000000017e-02
7.400000000000000355e+00 1.211495530000000244e-02
7.409999999999998366e+00 1.197431170000000031e-02
7.419999999999999929e+00 1.170118670000000125e-02
7.430000000000001492e+00 1.149584810000000082e-02
7.439999999999999503e+00 1.160131909999999843e-02
7.450000000000001066e+00 1.181200160000000013e-02
7.459999999999999076e+00 1.171922970000000008e-02
7.470000000000000639e+00 1.172553909999999970e-02
7.480000000000002203e+00 1.169913600000000234e-02
7.490000000000000213e+00 1.159441049999999918e-02
7.500000000000000000e+00 1.171833109999999983e-02
7.509999999999999787e+00 1.159157729999999928e-02
7.519999999999997797e+00 1.164498019999999842e-02
7.529999999999999361e+00 1.173778129999999975e-02
7.540000000000000924e+00 1.165062990000000076e-02
7.549999999999998934e+00 1.172620339999999942e-02
7.560000000000000497e+00 1.170305589999999854e-02
7.569999999999998508e+00 1.177368860000000197e-02
7.580000000000000071e+00 1.174431730000000118e-02
7.590000000000001634e+00 1.149242009999999758e-02
7.599999999999999645e+00 1.142427919999999993e-02
7.610000000000001208e+00 1.151135160000000060e-02
7.620000000000000107e+00 1.161439139999999835e-02
7.629999999999999893e+00 1.155803709999999977e-02
7.639999999999998792e+00 1.156901609999999928e-02
7.650000000000000355e+00 1.166729009999999990e-02
7.659999999999998366e+00 1.167261620000000118e-02
7.669999999999999929e+00 1.159089059999999886e-02
7.680000000000001492e+00 1.158293460000000066e-02
7.689999999999999503e+00 1.160241809999999762e-02
7.700000000000001066e+00 1.172513519999999684e-02
7.709999999999999076e+00 1.166476509999999842e-02
7.720000000000000639e+00 1.156115730000000126e-02
7.730000000000002203e+00 1.161928169999999760e-02
7.740000000000000213e+00 1.146369709999999972e-02
7.750000000000000000e+00 1.138622749999999850e-02
7.759999999999999787e+00 1.134301909999999892e-02
7.769999999999997797e+00 1.133570270000000026e-02
7.779999999999999361e+00 1.157448129999999985e-02
7.790000000000000924e+00 1.144329820000000025e-02
7.799999999999998934e+00 1.122763460000000130e-02
7.810000000000000497e+00 1.121875540000000053e-02
7.819999999999998508e+00 1.128182380000000186e-02
7.830000000000000071e+00 1.144792789999999998e-02
7.840000000000001634e+00 1.147189009999999981e-02
7.849999999999999645e+00 1.139228820000000135e-02
7.860000000000001208e+00 1.130714380000000067e-02
7.870000000000000107e+00 1.110677430000000035e-02
7.879999999999999893e+00 1.097092933000000034e-02
7.889999999999998792e+00 1.093660201999999831e-02
7.900000000000000355e+00 1.091420186000000014e-02
7.909999999999998366e+00 1.087764486999999794e-02
7.919999999999999929e+00 1.080655013999999928e-02
7.930000000000001492e+00 1.080407950999999998e-02
7.939999999999999503e+00 1.084646834999999920e-02
7.950000000000001066e+00 1.095292061999999719e-02
7.959999999999999076e+00 1.094754893000000028e-02
7.970000000000000639e+00 1.081095053000000195e-02
7.980000000000002203e+00 1.084540329999999879e-02
7.990000000000000213e+00 1.082755539999999926e-02
8.000000000000000000e+00 1.066812252999999912e-02
8.010000000000001563e+00 1.059550159999999783e-02
8.019999999999997797e+00 1.052876272000000113e-02
8.029999999999999361e+00 1.054973808999999998e-02
8.039999999999997371e+00 1.066939232000000022e-02
8.049999999999998934e+00 1.055512597999999982e-02
8.060000000000000497e+00 1.054976425999999863e-02
8.069999999999998508e+00 1.056860945999999954e-02
8.080000000000000071e+00 1.052953377999999926e-02
8.090000000000001634e+00 1.060959433999999861e-02
8.099999999999997868e+00 1.049435121999999811e-02
8.109999999999999432e+00 1.053185826999999963e-02
8.120000000000000995e+00 1.063169565000000004e-02
8.129999999999999005e+00 1.054524407999999844e-02
8.140000000000000568e+00 1.055869532999999943e-02
8.150000000000002132e+00 1.059207491000000237e-02
8.159999999999998366e+00 1.058311850999999956e-02
8.169999999999999929e+00 1.051312914999999980e-02
8.180000000000001492e+00 1.048395608999999964e-02
8.189999999999999503e+00 1.046780509999999977e-02
8.200000000000001066e+00 1.049545187000000025e-02
8.210000000000002629e+00 1.055564398999999862e-02
8.220000000000000639e+00 1.049669530999999996e-02
8.230000000000002203e+00 1.055613109999999945e-02
8.239999999999998437e+00 1.061331386999999835e-02
8.250000000000000000e+00 1.048561725000000076e-02
8.260000000000001563e+00 1.031576981999999913e-02
8.269999999999997797e+00 1.028569891999999916e-02
8.279999999999999361e+00 1.030195344999999991e-02
8.289999999999997371e+00 1.038291480999999940e-02
8.299999999999998934e+00 1.036404018000000246e-02
8.310000000000000497e+00 1.033133569000000210e-02
8.319999999999998508e+00 1.041479193000000025e-02
8.330000000000000071e+00 1.029392172999999897e-02
8.340000000000001634e+00 1.036779667000000023e-02
8.349999999999997868e+00 1.031105893000000030e-02
8.359999999999999432e+00 1.010240049999999896e-02
8.370000000000000995e+00 1.013486714999999906e-02
8.379999999999999005e+00 1.007695448000000063e-02
8.390000000000000568e+00 1.014012335000000209e-02
8.400000000000002132e+00 1.029095005000000077e-02
8.409999999999998366e+00 1.027945718999999890e-02
8.419999999999999929e+00 1.014141416999999809e-02
8.430000000000001492e+00 1.000397706999999956e-02
8.439999999999999503e+00 9.955152459999999995e-03
8.450000000000001066e+00 9.909393299999999516e-03
8.460000000000002629e+00 9.975606780000001797e-03
8.470000000000000639e+00 1.003797864999999949e-02
8.480000000000002203e+00 1.000204873000000091e-02
8.489999999999998437e+00 9.891741899999997173e-03
8.500000000000000000e+00 9.874439900000000353e-03
8.510000000000001563e+00 9.921504000000001128e-03
8.519999999999997797e+00 9.936445399999998748e-03
8.529999999999999361e+00 9.865371260000000211e-03
8.539999999999997371e+00 9.883713579999999985e-03
8.549999999999998934e+00 9.949962300000000232e-03
8.560000000000000497e+00 9.867099099999998568e-03
8.569999999999998508e+00 9.959766200000001041e-03
8.580000000000000071e+00 9.981652399999998981e-03
8.590000000000001634e+00 9.969336100000000117e-03
8.599999999999997868e+00 1.006884610000000069e-02
8.609999999999999432e+00 9.925366399999999839e-03
8.620000000000000995e+00 9.931165900000000352e-03
8.629999999999999005e+00 9.958090499999999040e-03
8.640000000000000568e+00 9.782884699999999309e-03
8.650000000000002132e+00 9.696520900000000012e-03
8.659999999999998366e+00 9.678089899999998968e-03
8.669999999999999929e+00 9.875947899999997642e-03
8.680000000000001492e+00 1.014644420000000019e-02
8.689999999999999503e+00 1.012004730000000061e-02
8.700000000000001066e+00 1.009862660000000224e-02
8.710000000000002629e+00 1.013982400000000041e-02
8.720000000000000639e+00 1.016316580000000032e-02
8.730000000000002203e+00 1.013998799999999909e-02
8.739999999999998437e+00 1.011018210000000014e-02
8.750000000000000000e+00 1.012680650000000009e-02
8.760000000000001563e+00 1.000310540000000012e-02
8.769999999999997797e+00 9.845958599999999478e-03
8.779999999999999361e+00 9.804761199999997845e-03
8.789999999999997371e+00 9.843790400000001703e-03
8.799999999999998934e+00 9.979934000000001068e-03
8.810000000000000497e+00 9.936435300000000942e-03
8.819999999999998508e+00 9.919196400000000052e-03
8.830000000000000071e+00 9.961070700000001360e-03
8.840000000000001634e+00 9.969442000000000234e-03
8.849999999999997868e+00 1.003413139999999835e-02
8.859999999999999432e+00 1.003810859999999978e-02
8.870000000000000995e+00 1.003246820000000018e-02
8.879999999999999005e+00 1.008145510000000092e-02
8.890000000000000568e+00 9.916383500000000573e-03
8.900000000000002132e+00 9.668186899999998626e-03
8.909999999999998366e+00 9.706328299999998979e-03
8.919999999999999929e+00 9.718321599999999588e-03
8.930000000000001492e+00 9.780688100000000523e-03
8.939999999999999503e+00 9.761560999999998461e-03
8.950000000000001066e+00 9.578411200000001152e-03
8.960000000000002629e+00 9.603562700000000188e-03
8.970000000000000639e+00 9.544134299999999793e-03
8.980000000000002203e+00 9.581320399999999210e-03
8.989999999999998437e+00 9.601490500000000455e-03
9.000000000000000000e+00 9.573593999999999507e-03
9.010000000000001563e+00 9.592372899999999925e-03
9.019999999999997797e+00 9.510467499999999616e-03
9.029999999999999361e+00 9.490037800000000051e-03
9.039999999999997371e+00 9.483313700000000832e-03
9.049999999999998934e+00 9.571879199999999352e-03
9.060000000000000497e+00 9.512232600000000010e-03
9.069999999999998508e+00 9.430975499999999165e-03
9.080000000000000071e+00 9.470748299999999856e-03
9.090000000000001634e+00 9.466739999999999530e-03
9.099999999999997868e+00 9.369787500000000685e-03
9.109999999999999432e+00 9.207894690000001034e-03
9.120000000000000995e+00 9.146044529999997758e-03
9.129999999999999005e+00 9.167721009999999296e-03
9.140000000000000568e+00 9.423219719999998897e-03
9.150000000000002132e+00 9.387453969999999190e-03
9.159999999999998366e+00 9.363303199999999105e-03
9.169999999999999929e+00 9.421544789999999892e-03
9.180000000000001492e+00 9.335903869999998689e-03
9.189999999999999503e+00 9.396426220000000246e-03
9.200000000000001066e+00 9.283308789999999977e-03
9.210000000000002629e+00 9.376182719999999124e-03
9.220000000000000639e+00 9.394044610000000864e-03
9.230000000000002203e+00 9.206439819999998747e-03
9.239999999999998437e+00 9.198749970000001316e-03
9.250000000000000000e+00 9.229845610000000575e-03
9.260000000000001563e+00 9.320854739999998723e-03
9.269999999999997797e+00 9.285688329999999824e-03
9.279999999999999361e+00 9.171245850000000685e-03
9.289999999999997371e+00 9.054863549999998470e-03
9.299999999999998934e+00 9.130548259999999444e-03
9.310000000000000497e+00 9.241319779999998194e-03
9.319999999999998508e+00 9.143850710000000007e-03
9.330000000000000071e+00 9.159010250000000283e-03
9.340000000000001634e+00 9.138793720000001550e-03
9.349999999999997868e+00 9.062380149999998621e-03
9.359999999999999432e+00 9.016721829999999396e-03
9.370000000000000995e+00 9.111591260000001177e-03
9.379999999999999005e+00 9.079595107999998901e-03
9.390000000000000568e+00 8.968146659999998854e-03
9.400000000000002132e+00 8.753779249999999595e-03
9.409999999999998366e+00 8.607786920000000744e-03
9.419999999999999929e+00 8.728021520000000394e-03
9.430000000000001492e+00 8.712467079999999461e-03
9.439999999999999503e+00 8.794974279999997688e-03
9.450000000000001066e+00 8.703077609999998465e-03
9.460000000000002629e+00 8.576843829999998212e-03
9.470000000000000639e+00 8.663598640000000697e-03
9.480000000000002203e+00 8.601657290000000108e-03
9.489999999999998437e+00 8.573273679999998328e-03
9.500000000000000000e+00 8.616935179999998459e-03
9.510000000000001563e+00 8.580050379999999005e-03
9.519999999999997797e+00 8.489964819999999343e-03
9.529999999999999361e+00 8.444979830000001048e-03
9.539999999999997371e+00 8.415821860000000446e-03
9.549999999999998934e+00 8.376266009999999360e-03
9.560000000000000497e+00 8.360275250000001948e-03
9.569999999999998508e+00 8.316069159999998212e-03
9.580000000000000071e+00 8.278940740000000770e-03
9.590000000000001634e+00 8.268995399999999607e-03
9.599999999999997868e+00 8.318288720000000663e-03
9.609999999999999432e+00 8.374541719999999828e-03
9.620000000000000995e+00 8.397624000000001102e-03
9.629999999999999005e+00 8.317467149999998796e-03
9.640000000000000568e+00 8.324229400000000834e-03
9.650000000000002132e+00 8.306830800000001430e-03
9.659999999999998366e+00 8.240289600000000672e-03
9.669999999999999929e+00 8.320869119999999355e-03
9.680000000000001492e+00 8.299774030000000094e-03
9.689999999999999503e+00 8.282844439999999253e-03
9.700000000000001066e+00 8.371766589999999481e-03
9.710000000000002629e+00 8.407065369999999413e-03
9.720000000000000639e+00 8.416702689999999709e-03
9.730000000000002203e+00 8.394795200000000970e-03
9.739999999999998437e+00 8.192107000000000555e-03
9.750000000000000000e+00 8.124498400000000967e-03
9.760000000000001563e+00 8.209143999999999816e-03
9.769999999999997797e+00 8.386296899999999555e-03
9.779999999999999361e+00 8.622784899999999531e-03
9.789999999999997371e+00 8.451159800000000027e-03
9.799999999999998934e+00 8.340127700000001670e-03
9.810000000000000497e+00 8.352020099999999531e-03
9.819999999999998508e+00 8.418028200000000211e-03
9.830000000000000071e+00 8.556677900000000253e-03
9.840000000000001634e+00 8.612922800000000559e-03
9.849999999999997868e+00 8.560020050000000449e-03
9.859999999999999432e+00 8.298681930000001081e-03
9.870000000000000995e+00 8.211179500000000478e-03
9.879999999999999005e+00 8.215880599999999395e-03
9.890000000000000568e+00 8.257547899999998636e-03
9.900000000000002132e+00 8.332345899999999556e-03
9.909999999999998366e+00 8.212963799999998746e-03
9.919999999999999929e+00 8.167792000000000108e-03
9.930000000000001492e+00 8.182482599999998940e-03
9.939999999999999503e+00 8.339787799999999821e-03
9.950000000000001066e+00 8.404894300000000096e-03
9.960000000000002629e+00 8.356198100000000045e-03
9.970000000000000639e+00 8.227171999999999610e-03
9.980000000000002203e+00 8.186837199999999828e-03
9.989999999999998437e+00 8.122740899999999695e-03
1.000000000000000000e+01 8.049643799999997226e-03
