1.35775	1.35775	1.35775
4.07325	4.07325	1.35775
4.07325	1.35775	4.07325
1.35775	4.07325	4.07325
1.35775	1.35775	6.78875
4.07325	4.07325	6.78875
4.07325	1.35775	9.50425
1.35775	4.07325	9.50425
1.35775	1.35775	12.21975
4.07325	4.07325	12.21975
4.07325	1.35775	14.93525
1.35775	4.07325	14.93525
1.35775	1.35775	17.65075
4.07325	4.07325	17.65075
4.073251	1.35775	20.36625
1.35775	4.073251	20.36625
1.35775	1.35775	23.08175
4.073251	4.073251	23.08175
4.073251	1.35775	25.79725
1.35775	4.073251	25.79725
1.35775	1.35775	28.51275
4.073251	4.073251	28.51275
4.07325	1.35775	31.22825
1.35775	4.07325	31.22825
1.35775	1.35775	33.94375
4.07325	4.07325	33.94375
4.073251	1.35775	36.659251
1.35775	4.073251	36.659251
1.35775	1.35775	39.374751
4.073251	4.073251	39.374751
4.07325	1.35775	42.090251
1.35775	4.07325	42.090251
1.35775	1.35775	44.80575
4.07325	4.07325	44.80575
4.07325	1.35775	47.52125
1.35775	4.07325	47.52125
1.35775	1.35775	50.23675
4.07325	4.07325	50.23675
4.073251	1.35775	52.95225
1.35775	4.073251	52.95225
1.35775	1.35775	55.667751
4.073251	4.073251	55.667751
4.07325	1.35775	58.383251
1.35775	4.07325	58.383251
1.35775	1.35775	61.09875
4.07325	4.07325	61.09875
4.07325	1.35775	63.81425
1.35775	4.07325	63.81425
1.35775	1.35775	66.52975
4.07325	4.07325	66.52975
4.07325	1.35775	69.24525
1.35775	4.07325	69.24525
1.35775	1.35775	71.96075
4.07325	4.07325	71.96075
4.073251	1.35775	74.67625
1.35775	4.073251	74.67625
1.35775	1.35775	77.39175
4.073251	4.073251	77.39175
4.07325	1.35775	80.107251
1.35775	4.07325	80.107251
1.35775	1.35775	82.82275
4.07325	4.07325	82.82275
4.07325	1.35775	85.53825
1.35775	4.07325	85.53825
1.35775	1.35775	88.25375
4.07325	4.07325	88.25375
4.07325	1.35775	90.96925
1.35775	4.07325	90.96925
1.35775	1.35775	93.68475
4.07325	4.07325	93.68475
4.07325	1.35775	96.40025
1.35775	4.07325	96.40025
1.35775	1.35775	99.11575
4.07325	4.07325	99.11575
4.073251	1.35775	101.83125
1.35775	4.073251	101.83125
1.35775	1.35775	104.54675
4.073251	4.073251	104.54675
4.07325	1.35775	107.262251
1.35775	4.07325	107.262251
1.35775	1.35775	109.97775
4.07325	4.07325	109.97775
4.07325	1.35775	112.69325
1.35775	4.07325	112.69325
1.35775	1.35775	115.40875
4.07325	4.07325	115.40875
4.07325	1.35775	118.12425
1.35775	4.07325	118.12425
1.35775	1.35775	120.83975
4.07325	4.07325	120.83975
4.07325	1.35775	123.55525
1.35775	4.07325	123.55525
1.35775	1.35775	126.27075
4.07325	4.07325	126.27075
4.07325	1.35775	128.986251
1.35775	4.07325	128.986251
1.35775	1.35775	131.70175
4.07325	4.07325	131.70175
4.073251	1.35775	134.417251
1.35775	4.073251	134.417251
1.35775	1.35775	137.132751
4.073251	4.073251	137.132751
4.07325	1.35775	139.84825
1.35775	4.07325	139.84825
1.35775	1.35775	142.56375
4.07325	4.07325	142.56375
4.073251	1.35775	145.27925
1.35775	4.073251	145.27925
1.35775	1.35775	147.99475
4.073251	4.073251	147.99475
4.073251	1.35775	150.710251
1.35775	4.073251	150.710251
1.35775	1.35775	153.425751
4.073251	4.073251	153.425751
4.07325	1.35775	156.14125
1.35775	4.07325	156.14125
1.35775	1.35775	158.85675
4.07325	4.07325	158.85675
4.073251	1.35775	161.57225
1.35775	4.073251	161.57225
1.35775	1.35775	164.287751
4.073251	4.073251	164.287751
4.07325	1.35775	167.00325
1.35775	4.07325	167.00325
1.35775	1.35775	169.71875
4.07325	4.07325	169.71875
4.073251	1.35775	172.434251
1.35775	4.073251	172.434251
1.35775	1.35775	175.14975
4.073251	4.073251	175.14975
4.073251	1.35775	177.86525
1.35775	4.073251	177.86525
1.35775	1.35775	180.580751
4.073251	4.073251	180.580751
4.07325	1.35775	183.29625
1.35775	4.07325	183.29625
1.35775	1.35775	186.01175
4.07325	4.07325	186.01175
4.073251	1.35775	188.727251
1.35775	4.073251	188.727251
1.35775	1.35775	191.442751
4.073251	4.073251	191.442751
4.07325	1.35775	194.15825
1.35775	4.07325	194.15825
1.35775	1.35775	196.87375
4.07325	4.07325	196.87375
4.073251	1.35775	199.58925
1.35775	4.073251	199.58925
1.35775	1.35775	202.30475
4.073251	4.073251	202.30475
4.073251	1.35775	205.020251
1.35775	4.073251	205.020251
1.35775	1.35775	207.735751
4.073251	4.073251	207.735751
4.07325	1.35775	210.451251
1.35775	4.07325	210.451251
1.35775	1.35775	213.16675
4.07325	4.07325	213.16675
4.073251	1.35775	215.88225
1.35775	4.073251	215.88225
1.35775	1.35775	218.597751
4.073251	4.073251	218.597751
4.07325	1.35775	221.31325
1.35775	4.07325	221.31325
1.35775	1.35775	224.02875
4.07325	4.07325	224.02875
4.073251	1.35775	226.744251
1.35775	4.073251	226.744251
1.35775	1.35775	229.45975
4.073251	4.073251	229.45975
4.073251	1.35775	232.17525
1.35775	4.073251	232.17525
1.35775	1.35775	234.890751
4.073251	4.073251	234.890751
4.07325	1.35775	237.606251
1.35775	4.07325	237.606251
1.35775	1.35775	240.32175
4.07325	4.07325	240.32175
4.073251	1.35775	243.037251
1.35775	4.073251	243.037251
1.35775	1.35775	245.752751
4.073251	4.073251	245.752751
4.07325	1.35775	248.46825
1.35775	4.07325	248.46825
1.35775	1.35775	251.18375
4.07325	4.07325	251.18375
4.073251	1.35775	253.89925
1.35775	4.073251	253.89925
1.35775	1.35775	256.614751
4.073251	4.073251	256.614751
4.07325	1.35775	259.33025
1.35775	4.07325	259.33025
1.35775	1.35775	262.04575
4.07325	4.07325	262.04575
4.073251	1.35775	264.761251
1.35775	4.073251	264.761251
1.35775	1.35775	267.476751
4.073251	4.073251	267.476751
4.07325	1.35775	270.192251
1.35775	4.07325	270.192251
1.35775	1.35775	272.90775
4.07325	4.07325	272.90775
4.07325	1.35775	275.62325
1.35775	4.07325	275.62325
1.35775	1.35775	278.33875
4.07325	4.07325	278.33875
4.07325	1.35775	281.05425
1.35775	4.07325	281.05425
1.35775	1.35775	283.76975
4.07325	4.07325	283.76975
4.073251	1.35775	286.48525
1.35775	4.073251	286.48525
1.35775	1.35775	289.20075
4.073251	4.073251	289.20075
4.07325	1.35775	291.91625
1.35775	4.07325	291.91625
1.35775	1.35775	294.63175
4.07325	4.07325	294.63175
4.07325	1.35775	297.347251
1.35775	4.07325	297.347251
1.35775	1.35775	300.06275
4.07325	4.07325	300.06275
4.073251	1.35775	302.77825
1.35775	4.073251	302.77825
1.35775	1.35775	305.493751
4.073251	4.073251	305.493751
4.07325	1.35775	308.20925
1.35775	4.07325	308.20925
1.35775	1.35775	310.92475
4.07325	4.07325	310.92475
4.07325	1.35775	313.640251
1.35775	4.07325	313.640251
1.35775	1.35775	316.35575
4.07325	4.07325	316.35575
4.073251	1.35775	319.07125
1.35775	4.073251	319.07125
1.35775	1.35775	321.786751
4.073251	4.073251	321.786751
4.07325	1.35775	324.50225
1.35775	4.07325	324.50225
1.35775	1.35775	327.21775
4.07325	4.07325	327.21775
4.07325	1.35775	329.933251
1.35775	4.07325	329.933251
1.35775	1.35775	332.64875
4.07325	4.07325	332.64875
4.07325	1.35775	335.36425
1.35775	4.07325	335.36425
1.35775	1.35775	338.07975
4.07325	4.07325	338.07975
4.073251	1.35775	340.79525
1.35775	4.073251	340.79525
1.35775	1.35775	343.510751
4.073251	4.073251	343.510751
4.07325	1.35775	346.226251
1.35775	4.07325	346.226251
1.35775	1.35775	348.94175
4.07325	4.07325	348.94175
4.07325	1.35775	351.65725
1.35775	4.07325	351.65725
1.35775	1.35775	354.37275
4.07325	4.07325	354.37275
4.073251	1.35775	357.08825
1.35775	4.073251	357.08825
1.35775	1.35775	359.803751
4.073251	4.073251	359.803751
4.07325	1.35775	362.519251
1.35775	4.07325	362.519251
1.35775	1.35775	365.23475
4.07325	4.07325	365.23475
4.07325	1.35775	367.95025
1.35775	4.07325	367.95025
1.35775	1.35775	370.66575
4.07325	4.07325	370.66575
4.07325	1.35775	373.38125
1.35775	4.07325	373.38125
1.35775	1.35775	376.09675
4.07325	4.07325	376.09675
4.073251	1.35775	378.81225
1.35775	4.073251	378.81225
1.35775	1.35775	381.52775
4.073251	4.073251	381.52775
4.07325	1.35775	384.24325
1.35775	4.07325	384.24325
1.35775	1.35775	386.95875
4.07325	4.07325	386.95875
4.07325	1.35775	389.67425
1.35775	4.07325	389.67425
1.35775	1.35775	392.38975
4.07325	4.07325	392.38975
4.073251	1.35775	395.10525
1.35775	4.073251	395.10525
1.35775	1.35775	397.820751
4.073251	4.073251	397.820751
4.07325	1.35775	400.53625
1.35775	4.07325	400.53625
1.35775	1.35775	403.25175
4.07325	4.07325	403.25175
4.07325	1.35775	405.967251
1.35775	4.07325	405.967251
1.35775	1.35775	408.68275
4.07325	4.07325	408.68275
4.073251	1.35775	411.39825
1.35775	4.073251	411.39825
1.35775	1.35775	414.113751
4.073251	4.073251	414.113751
4.07325	1.35775	416.82925
1.35775	4.07325	416.82925
1.35775	1.35775	419.54475
4.07325	4.07325	419.54475
4.07325	1.35775	422.260251
1.35775	4.07325	422.260251
1.35775	1.35775	424.97575
4.07325	4.07325	424.97575
4.07325	1.35775	427.69125
1.35775	4.07325	427.69125
1.35775	1.35775	430.40675
4.07325	4.07325	430.40675
4.073251	1.35775	433.12225
1.35775	4.073251	433.12225
1.35775	1.35775	435.83775
4.073251	4.073251	435.83775
4.07325	1.35775	438.553251
1.35775	4.07325	438.553251
1.35775	1.35775	441.26875
4.07325	4.07325	441.26875
4.07325	1.35775	443.98425
1.35775	4.07325	443.98425
1.35775	1.35775	446.69975
4.07325	4.07325	446.69975
4.073251	1.35775	449.41525
1.35775	4.073251	449.41525
1.35775	1.35775	452.130751
4.073251	4.073251	452.130751
4.07325	1.35775	454.846251
1.35775	4.07325	454.846251
1.35775	1.35775	457.56175
4.07325	4.07325	457.56175
4.07325	1.35775	460.27725
1.35775	4.07325	460.27725
1.35775	1.35775	462.99275
4.07325	4.07325	462.99275
4.073251	1.35775	465.70825
1.35775	4.073251	465.70825
1.35775	1.35775	468.423751
4.073251	4.073251	468.423751
4.07325	1.35775	471.139251
1.35775	4.07325	471.139251
1.35775	1.35775	473.85475
4.07325	4.07325	473.85475
4.07325	1.35775	476.57025
1.35775	4.07325	476.57025
1.35775	1.35775	479.28575
4.07325	4.07325	479.28575
4.07325	1.35775	482.00125
1.35775	4.07325	482.00125
1.35775	1.35775	484.71675
4.07325	4.07325	484.71675
4.073251	1.35775	487.43225
1.35775	4.073251	487.43225
1.35775	1.35775	490.147751
4.073251	4.073251	490.147751
4.07325	1.35775	492.86325
1.35775	4.07325	492.86325
1.35775	1.35775	495.57875
4.07325	4.07325	495.57875
4.07325	1.35775	498.294251
1.35775	4.07325	498.294251
1.35775	1.35775	501.00975
4.07325	4.07325	501.00975
4.073251	1.35775	503.72525
1.35775	4.073251	503.72525
1.35775	1.35775	506.440751
4.073251	4.073251	506.440751
4.07325	1.35775	509.15625
1.35775	4.07325	509.15625
1.35775	1.35775	511.87175
4.07325	4.07325	511.87175
4.073251	1.35775	514.587251
1.35775	4.073251	514.587251
1.35775	1.35775	517.302751
4.073251	4.073251	517.302751
4.07325	1.35775	520.01825
1.35775	4.07325	520.01825
1.35775	1.35775	522.73375
4.07325	4.07325	522.73375
4.073251	1.35775	525.44925
1.35775	4.073251	525.44925
1.35775	1.35775	528.16475
4.073251	4.073251	528.16475
4.073251	1.35775	530.880251
1.35775	4.073251	530.880251
1.35775	1.35775	533.595751
4.073251	4.073251	533.595751
4.07325	1.35775	536.311251
1.35775	4.07325	536.311251
1.35775	1.35775	539.02675
4.07325	4.07325	539.02675
4.073251	1.35775	541.74225
1.35775	4.073251	541.74225
1E-06	1E-06	1E-06
2.7155	2.7155	1E-06
2.7155	1E-06	2.7155
1E-06	2.7155	2.7155
1E-06	1E-06	5.431
2.7155	2.7155	5.431
2.7155	1E-06	8.1465
1E-06	2.7155	8.1465
1E-06	1E-06	10.862
2.7155	2.7155	10.862
2.7155	1E-06	13.5775
1E-06	2.7155	13.5775
1E-06	1E-06	16.293
2.7155	2.7155	16.293
2.715501	1E-06	19.0085
1E-06	2.715501	19.0085
1E-06	1E-06	21.724
2.715501	2.715501	21.724
2.715501	1E-06	24.439501
1E-06	2.715501	24.439501
1E-06	1E-06	27.155
2.715501	2.715501	27.155
2.7155	1E-06	29.8705
1E-06	2.7155	29.8705
1E-06	1E-06	32.586
2.7155	2.7155	32.586
2.715501	1E-06	35.301501
1E-06	2.715501	35.301501
1E-06	1E-06	38.017
2.715501	2.715501	38.017
2.7155	1E-06	40.7325
1E-06	2.7155	40.7325
1E-06	1E-06	43.448
2.7155	2.7155	43.448
2.7155	1E-06	46.1635
1E-06	2.7155	46.1635
1E-06	1E-06	48.879
2.7155	2.7155	48.879
2.715501	1E-06	51.5945
1E-06	2.715501	51.5945
1E-06	1E-06	54.31
2.715501	2.715501	54.31
2.7155	1E-06	57.0255
1E-06	2.7155	57.0255
1E-06	1E-06	59.741
2.7155	2.7155	59.741
2.7155	1E-06	62.4565
1E-06	2.7155	62.4565
1E-06	1E-06	65.172
2.7155	2.7155	65.172
2.7155	1E-06	67.8875
1E-06	2.7155	67.8875
1E-06	1E-06	70.603
2.7155	2.7155	70.603
2.715501	1E-06	73.3185
1E-06	2.715501	73.3185
1E-06	1E-06	76.034
2.715501	2.715501	76.034
2.7155	1E-06	78.749501
1E-06	2.7155	78.749501
1E-06	1E-06	81.465
2.7155	2.7155	81.465
2.7155	1E-06	84.1805
1E-06	2.7155	84.1805
1E-06	1E-06	86.896
2.7155	2.7155	86.896
2.7155	1E-06	89.6115
1E-06	2.7155	89.6115
1E-06	1E-06	92.327
2.7155	2.7155	92.327
2.7155	1E-06	95.0425
1E-06	2.7155	95.0425
1E-06	1E-06	97.758
2.7155	2.7155	97.758
2.715501	1E-06	100.4735
1E-06	2.715501	100.4735
1E-06	1E-06	103.189
2.715501	2.715501	103.189
2.7155	1E-06	105.904501
1E-06	2.7155	105.904501
1E-06	1E-06	108.62
2.7155	2.7155	108.62
2.7155	1E-06	111.3355
1E-06	2.7155	111.3355
1E-06	1E-06	114.051
2.7155	2.7155	114.051
2.7155	1E-06	116.766501
1E-06	2.7155	116.766501
1E-06	1E-06	119.482
2.7155	2.7155	119.482
2.7155	1E-06	122.1975
1E-06	2.7155	122.1975
1E-06	1E-06	124.913
2.7155	2.7155	124.913
2.7155	1E-06	127.6285
1E-06	2.7155	127.6285
1E-06	1E-06	130.344
2.7155	2.7155	130.344
2.715501	1E-06	133.059501
1E-06	2.715501	133.059501
1E-06	1E-06	135.775
2.715501	2.715501	135.775
2.7155	1E-06	138.4905
1E-06	2.7155	138.4905
1E-06	1E-06	141.206
2.7155	2.7155	141.206
2.715501	1E-06	143.9215
1E-06	2.715501	143.9215
1E-06	1E-06	146.637
2.715501	2.715501	146.637
2.715501	1E-06	149.352501
1E-06	2.715501	149.352501
1E-06	1E-06	152.068
2.715501	2.715501	152.068
2.7155	1E-06	154.7835
1E-06	2.7155	154.7835
1E-06	1E-06	157.499
2.7155	2.7155	157.499
2.715501	1E-06	160.2145
1E-06	2.715501	160.2145
1E-06	1E-06	162.93
2.715501	2.715501	162.93
2.7155	1E-06	165.6455
1E-06	2.7155	165.6455
1E-06	1E-06	168.361
2.7155	2.7155	168.361
2.715501	1E-06	171.0765
1E-06	2.715501	171.0765
1E-06	1E-06	173.792
2.715501	2.715501	173.792
2.715501	1E-06	176.5075
1E-06	2.715501	176.5075
1E-06	1E-06	179.223
2.715501	2.715501	179.223
2.7155	1E-06	181.9385
1E-06	2.7155	181.9385
1E-06	1E-06	184.654
2.7155	2.7155	184.654
2.715501	1E-06	187.369501
1E-06	2.715501	187.369501
1E-06	1E-06	190.085
2.715501	2.715501	190.085
2.7155	1E-06	192.8005
1E-06	2.7155	192.8005
1E-06	1E-06	195.516
2.7155	2.7155	195.516
2.715501	1E-06	198.2315
1E-06	2.715501	198.2315
1E-06	1E-06	200.947
2.715501	2.715501	200.947
2.715501	1E-06	203.662501
1E-06	2.715501	203.662501
1E-06	1E-06	206.378
2.715501	2.715501	206.378
2.7155	1E-06	209.0935
1E-06	2.7155	209.0935
1E-06	1E-06	211.809
2.7155	2.7155	211.809
2.715501	1E-06	214.5245
1E-06	2.715501	214.5245
1E-06	1E-06	217.24
2.715501	2.715501	217.24
2.7155	1E-06	219.9555
1E-06	2.7155	219.9555
1E-06	1E-06	222.671
2.7155	2.7155	222.671
2.715501	1E-06	225.3865
1E-06	2.715501	225.3865
1E-06	1E-06	228.102
2.715501	2.715501	228.102
2.715501	1E-06	230.8175
1E-06	2.715501	230.8175
1E-06	1E-06	233.533001
2.715501	2.715501	233.533001
2.7155	1E-06	236.2485
1E-06	2.7155	236.2485
1E-06	1E-06	238.964
2.7155	2.7155	238.964
2.715501	1E-06	241.679501
1E-06	2.715501	241.679501
1E-06	1E-06	244.395
2.715501	2.715501	244.395
2.7155	1E-06	247.1105
1E-06	2.7155	247.1105
1E-06	1E-06	249.826
2.7155	2.7155	249.826
2.715501	1E-06	252.5415
1E-06	2.715501	252.5415
1E-06	1E-06	255.257
2.715501	2.715501	255.257
2.7155	1E-06	257.9725
1E-06	2.7155	257.9725
1E-06	1E-06	260.688
2.7155	2.7155	260.688
2.715501	1E-06	263.4035
1E-06	2.715501	263.4035
1E-06	1E-06	266.119001
2.715501	2.715501	266.119001
2.7155	1E-06	268.834501
1E-06	2.7155	268.834501
1E-06	1E-06	271.55
2.7155	2.7155	271.55
2.7155	1E-06	274.2655
1E-06	2.7155	274.2655
1E-06	1E-06	276.981
2.7155	2.7155	276.981
2.7155	1E-06	279.6965
1E-06	2.7155	279.6965
1E-06	1E-06	282.412
2.7155	2.7155	282.412
2.715501	1E-06	285.1275
1E-06	2.715501	285.1275
1E-06	1E-06	287.843
2.715501	2.715501	287.843
2.7155	1E-06	290.5585
1E-06	2.7155	290.5585
1E-06	1E-06	293.274
2.7155	2.7155	293.274
2.7155	1E-06	295.9895
1E-06	2.7155	295.9895
1E-06	1E-06	298.705
2.7155	2.7155	298.705
2.715501	1E-06	301.4205
1E-06	2.715501	301.4205
1E-06	1E-06	304.136
2.715501	2.715501	304.136
2.7155	1E-06	306.8515
1E-06	2.7155	306.8515
1E-06	1E-06	309.567
2.7155	2.7155	309.567
2.7155	1E-06	312.2825
1E-06	2.7155	312.2825
1E-06	1E-06	314.998
2.7155	2.7155	314.998
2.715501	1E-06	317.7135
1E-06	2.715501	317.7135
1E-06	1E-06	320.429001
2.715501	2.715501	320.429001
2.7155	1E-06	323.1445
1E-06	2.7155	323.1445
1E-06	1E-06	325.86
2.7155	2.7155	325.86
2.7155	1E-06	328.575501
1E-06	2.7155	328.575501
1E-06	1E-06	331.291
2.7155	2.7155	331.291
2.7155	1E-06	334.0065
1E-06	2.7155	334.0065
1E-06	1E-06	336.722
2.7155	2.7155	336.722
2.715501	1E-06	339.4375
1E-06	2.715501	339.4375
1E-06	1E-06	342.153
2.715501	2.715501	342.153
2.7155	1E-06	344.868501
1E-06	2.7155	344.868501
1E-06	1E-06	347.584
2.7155	2.7155	347.584
2.7155	1E-06	350.2995
1E-06	2.7155	350.2995
1E-06	1E-06	353.015
2.7155	2.7155	353.015
2.715501	1E-06	355.7305
1E-06	2.715501	355.7305
1E-06	1E-06	358.446
2.715501	2.715501	358.446
2.7155	1E-06	361.161501
1E-06	2.7155	361.161501
1E-06	1E-06	363.877
2.7155	2.7155	363.877
2.7155	1E-06	366.5925
1E-06	2.7155	366.5925
1E-06	1E-06	369.308
2.7155	2.7155	369.308
2.7155	1E-06	372.0235
1E-06	2.7155	372.0235
1E-06	1E-06	374.739
2.7155	2.7155	374.739
2.715501	1E-06	377.4545
1E-06	2.715501	377.4545
1E-06	1E-06	380.17
2.715501	2.715501	380.17
2.7155	1E-06	382.8855
1E-06	2.7155	382.8855
1E-06	1E-06	385.601
2.7155	2.7155	385.601
2.7155	1E-06	388.3165
1E-06	2.7155	388.3165
1E-06	1E-06	391.032
2.7155	2.7155	391.032
2.715501	1E-06	393.7475
1E-06	2.715501	393.7475
1E-06	1E-06	396.463
2.715501	2.715501	396.463
2.7155	1E-06	399.1785
1E-06	2.7155	399.1785
1E-06	1E-06	401.894
2.7155	2.7155	401.894
2.7155	1E-06	404.6095
1E-06	2.7155	404.6095
1E-06	1E-06	407.325
2.7155	2.7155	407.325
2.715501	1E-06	410.0405
1E-06	2.715501	410.0405
1E-06	1E-06	412.756
2.715501	2.715501	412.756
2.7155	1E-06	415.4715
1E-06	2.7155	415.4715
1E-06	1E-06	418.187
2.7155	2.7155	418.187
2.7155	1E-06	420.902501
1E-06	2.7155	420.902501
1E-06	1E-06	423.618
2.7155	2.7155	423.618
2.7155	1E-06	426.3335
1E-06	2.7155	426.3335
1E-06	1E-06	429.049
2.7155	2.7155	429.049
2.715501	1E-06	431.7645
1E-06	2.715501	431.7645
1E-06	1E-06	434.48
2.715501	2.715501	434.48
2.7155	1E-06	437.195501
1E-06	2.7155	437.195501
1E-06	1E-06	439.911
2.7155	2.7155	439.911
2.7155	1E-06	442.6265
1E-06	2.7155	442.6265
1E-06	1E-06	445.342
2.7155	2.7155	445.342
2.715501	1E-06	448.0575
1E-06	2.715501	448.0575
1E-06	1E-06	450.773
2.715501	2.715501	450.773
2.7155	1E-06	453.488501
1E-06	2.7155	453.488501
1E-06	1E-06	456.204
2.7155	2.7155	456.204
2.7155	1E-06	458.9195
1E-06	2.7155	458.9195
1E-06	1E-06	461.635
2.7155	2.7155	461.635
2.715501	1E-06	464.3505
1E-06	2.715501	464.3505
1E-06	1E-06	467.066001
2.715501	2.715501	467.066001
2.7155	1E-06	469.781501
1E-06	2.7155	469.781501
1E-06	1E-06	472.497
2.7155	2.7155	472.497
2.7155	1E-06	475.2125
1E-06	2.7155	475.2125
1E-06	1E-06	477.928
2.7155	2.7155	477.928
2.7155	1E-06	480.6435
1E-06	2.7155	480.6435
1E-06	1E-06	483.359
2.7155	2.7155	483.359
2.715501	1E-06	486.0745
1E-06	2.715501	486.0745
1E-06	1E-06	488.79
2.715501	2.715501	488.79
2.7155	1E-06	491.5055
1E-06	2.7155	491.5055
1E-06	1E-06	494.221
2.7155	2.7155	494.221
2.7155	1E-06	496.9365
1E-06	2.7155	496.9365
1E-06	1E-06	499.652
2.7155	2.7155	499.652
2.715501	1E-06	502.3675
1E-06	2.715501	502.3675
1E-06	1E-06	505.083
2.715501	2.715501	505.083
2.7155	1E-06	507.7985
1E-06	2.7155	507.7985
1E-06	1E-06	510.514
2.7155	2.7155	510.514
2.715501	1E-06	513.229501
1E-06	2.715501	513.229501
1E-06	1E-06	515.945001
2.715501	2.715501	515.945001
2.7155	1E-06	518.6605
1E-06	2.7155	518.6605
1E-06	1E-06	521.376
2.7155	2.7155	521.376
2.715501	1E-06	524.0915
1E-06	2.715501	524.0915
1E-06	1E-06	526.807
2.715501	2.715501	526.807
2.715501	1E-06	529.522501
1E-06	2.715501	529.522501
1E-06	1E-06	532.238001
2.715501	2.715501	532.238001
2.7155	1E-06	534.953501
1E-06	2.7155	534.953501
1E-06	1E-06	537.669
2.7155	2.7155	537.669
2.715501	1E-06	540.3845
1E-06	2.715501	540.3845

