0.000000000000000000e+00
6.621892977998299808e-06
7.473129079074915615e-06
7.201396271225835033e-02
7.201397393004792258e-02
7.201401830307781193e-02
7.201402954477506557e-02
1.309125749010408568e-01
1.309125751959552553e-01
1.440141909223154604e-01
1.440142097675824184e-01
1.440143006610082599e-01
1.440143196695823913e-01
2.159869252305539888e-01
2.159869849002304665e-01
2.159870886392446510e-01
2.159871501485266243e-01
2.618170746517232694e-01
2.618170748660429981e-01
2.879184836279098936e-01
2.879184898329510967e-01
2.879187006896065659e-01
2.879187105507367561e-01
3.597950296587283381e-01
3.597950517478892829e-01
3.597953021190549161e-01
3.597953261883621301e-01
3.927054237261992653e-01
3.927054250064609953e-01
4.316027997228512603e-01
4.316029015605838959e-01
4.316031271481575726e-01
4.316032301101099256e-01
5.033281114166231474e-01
5.033281598110648236e-01
5.033284929698559340e-01
5.033285432302282425e-01
5.235695489142798698e-01
5.235695511962648041e-01
5.749570764064494410e-01
5.749571180394954517e-01
5.749575174497930652e-01
5.749575508675005553e-01
6.464758836313335699e-01
6.464759498698219309e-01
6.464763793984735774e-01
6.464764367549292734e-01
6.544013774655440541e-01
6.544013815522807809e-01
7.178707414414379206e-01
7.178707632067883315e-01
7.178712780126125237e-01
7.178713179323114035e-01
7.851928409240446216e-01
7.851928438824966605e-01
7.891276780531414348e-01
7.891277941724519351e-01
7.891282730829346503e-01
7.891283989300620361e-01
8.602329090584942550e-01
8.602330340561812339e-01
8.602335688889271026e-01
8.602336823331903082e-01
9.159358680330039748e-01
9.159358737765209701e-01
9.311724953890951895e-01
9.311725658849938636e-01
9.311732178391263215e-01
9.311732596744959345e-01
1.001932383644471791e+00
1.001932518711126541e+00
1.001933166641412187e+00
1.001933259881268690e+00
1.046622396777497244e+00
1.046622403557307290e+00
1.072498696254954309e+00
1.072498772164138581e+00
1.072499521880004636e+00
1.072499578412607235e+00
1.142857238007353837e+00
1.142857444739232342e+00
1.142858103313261431e+00
1.142858318774727655e+00
1.177244363290373741e+00
1.177244374370617130e+00
1.212994050201821050e+00
1.212994334574508448e+00
1.212995020160823501e+00
1.212995211168923060e+00
1.282895149832808723e+00
1.282895175324965997e+00
1.282896077334839235e+00
1.282896201315148366e+00
1.307793711766780387e+00
1.307793727264148442e+00
1.352545974317054700e+00
1.352546186632215486e+00
1.352547020489675234e+00
1.352547200601655453e+00
1.421932530761482738e+00
1.421932920211532281e+00
1.421933634428046656e+00
1.421933983029329607e+00
1.438262396297993462e+00
1.438262402350335645e+00
1.491040769471150940e+00
1.491040881851307676e+00
1.491041934750626519e+00
1.491041989072005691e+00
1.559856009796232845e+00
1.559856101258731975e+00
1.559857190948850114e+00
1.559857298280262317e+00
1.568642348325158142e+00
1.568642372340575131e+00
1.628364019563736331e+00
1.628364048527919161e+00
1.628365235054112459e+00
1.628365316524919226e+00
1.696550238559499713e+00
1.696550406748129403e+00
1.696551554919488058e+00
1.696551678810094721e+00
1.698925550871455581e+00
1.698925569313022521e+00
1.764400311099013186e+00
1.764400535772818746e+00
1.764401688811808144e+00
1.764401851016070166e+00
1.829103946676547521e+00
1.829103977556236993e+00
1.831899613068395327e+00
1.831899941746533367e+00
1.831901064599918527e+00
1.831901287281931134e+00
1.899033731651810442e+00
1.899033794197994895e+00
1.899035152955693473e+00
1.899035273650031552e+00
1.959169517257504101e+00
1.959169555539103325e+00
1.965787467244888953e+00
1.965787921320337084e+00
1.965789010478745213e+00
1.965789382066132518e+00
2.032146393757596758e+00
2.032147247022479952e+00
2.032147977100762226e+00
2.032148770414094585e+00
2.089114252764868951e+00
2.089114266981270784e+00
2.098095860056799378e+00
2.098096787305988808e+00
2.098097619420698390e+00
2.098098236930854732e+00
2.163621161797299131e+00
2.163621476522802123e+00
2.163622812802198592e+00
2.163623136245668377e+00
2.218930085535438135e+00
2.218930148342876052e+00
2.228706537452155523e+00
2.228707169818777700e+00
2.228708435966220591e+00
2.228708683238804777e+00
2.293337778540186278e+00
2.293338031883152439e+00
2.293339586143672726e+00
2.293339736856216948e+00
2.348609072096831341e+00
2.348609127789661244e+00
2.357499355329750745e+00
2.357499410438341769e+00
2.357501081576308444e+00
2.357501296840287086e+00
2.421175605898130190e+00
2.421176647093739476e+00
2.421177778853678131e+00
2.421178186253574172e+00
2.478143200715765104e+00
2.478143218634953016e+00
2.484352719065860970e+00
2.484353094579396792e+00
2.484354731135504313e+00
2.484354893469802761e+00
2.547014317759220159e+00
2.547014534199355751e+00
2.547016228758121059e+00
2.547016532362840202e+00
2.607524444294316623e+00
2.607524467409733315e+00
2.609145141012993996e+00
2.609145495182130237e+00
2.609147194685271121e+00
2.609147448191023066e+00
2.670729995648958521e+00
2.670730304804712851e+00
2.670732112434616834e+00
2.670732291558511662e+00
2.731753335719163456e+00
2.731753511621201280e+00
2.731755447143084048e+00
2.731755599869565732e+00
2.736744828248629968e+00
2.736744887067017018e+00
2.792199399884395472e+00
2.792199751119743389e+00
2.792201555409676850e+00
2.792201890657131980e+00
2.852052813027059486e+00
2.852053147966543190e+00
2.852054979550301628e+00
2.852055371132514949e+00
2.865796425776834688e+00
2.865796462497068653e+00
2.911297878614330426e+00
2.911298028215794531e+00
2.911300127703290830e+00
2.911300262658138571e+00
2.969918645592324769e+00
2.969918857712196658e+00
2.969920909350437288e+00
2.969921170513541320e+00
2.994671226277549891e+00
2.994671283310708532e+00
3.027899465990739891e+00
3.027899690556054235e+00
3.027901765120623256e+00
3.027902060173634169e+00
3.085224528774175745e+00
3.085224642145694141e+00
3.085226937734144581e+00
3.085226993261366069e+00
3.123361321558747683e+00
3.123361358482637851e+00
3.141877812049407748e+00
3.141877944766594766e+00
3.141880270374153739e+00
3.141880336944196994e+00
3.197843468947864753e+00
3.197843570298827487e+00
3.197845926707147068e+00
3.197846052558364072e+00
3.251858745858545063e+00
3.251858777359733388e+00
3.253105308013780395e+00
3.253105759467131985e+00
3.253107871901804060e+00
3.253108224170193630e+00
3.307647301051569233e+00
3.307648524514268384e+00
3.307650225250344356e+00
3.307650716496267851e+00
3.361454398033572044e+00
3.361454845806977065e+00
3.361457053932699779e+00
3.361457392675136102e+00
3.380155562600988706e+00
3.380155623862249659e+00
3.414509555323900880e+00
3.414509656194983034e+00
3.414512185457772464e+00
3.414512314395349080e+00
3.466796719292855489e+00
3.466796871059118157e+00
3.466799440942709420e+00
3.466799522244512488e+00
3.508243901356373318e+00
3.508243940511978742e+00
3.518300051130366146e+00
3.518300178167991898e+00
3.518302815133326877e+00
3.518302870408608118e+00
3.569003358187077257e+00
3.569003622179429680e+00
3.569006084468532070e+00
3.569006434439470077e+00
3.618890725349472426e+00
3.618890990288584852e+00
3.618893504707100917e+00
3.618893830614916762e+00
3.636115822403551689e+00
3.636115864848635137e+00
3.667946069828962319e+00
3.667946275525316491e+00
3.667948928507712480e+00
3.667949116490937467e+00
3.716153208127296992e+00
3.716153629143688963e+00
3.716156057173184202e+00
3.716156558499133844e+00
3.763496389842657219e+00
3.763496847242277621e+00
3.763499329806699656e+00
3.763499763309726021e+00
3.763763423349497206e+00
3.763763523911930697e+00
3.809959724483558574e+00
3.809959966252661534e+00
3.809962708334024395e+00
3.809962914546216162e+00
3.855527009811034134e+00
3.855527456322336288e+00
3.855530118300751763e+00
3.855530354907175106e+00
3.891178848228169507e+00
3.891179025464943653e+00
3.900182715131032651e+00
3.900183263497065678e+00
3.900185834995008705e+00
3.900186224283245906e+00
3.943911226141382453e+00
3.943911589488366065e+00
3.943914233539739467e+00
3.943914734969663716e+00
3.986696562805069899e+00
3.986697200662318252e+00
3.986699852088049223e+00
3.986700135073137474e+00
4.018354340629398003e+00
4.018354407130850348e+00
4.028523007311275883e+00
4.028524827762675287e+00
4.028526717153018133e+00
4.028527410981854295e+00
4.069377108189045522e+00
4.069377190686623180e+00
4.069380135258352738e+00
4.069380524574621738e+00
4.109241114225645752e+00
4.109241594638218587e+00
4.109244426298912956e+00
4.109244709948438157e+00
4.145281845950572475e+00
4.145282033824445378e+00
4.148100855141970023e+00
4.148102080839672468e+00
4.148104509174727283e+00
4.148104919023361425e+00
4.185942295236690924e+00
4.185942904487210292e+00
4.185945563466611397e+00
4.185946191790240967e+00
4.222749094227753019e+00
4.222751007942881607e+00
4.222752761810825817e+00
4.222753957569656436e+00
4.258508430172797787e+00
4.258510231052733630e+00
4.258511841497372608e+00
4.258513496987443858e+00
4.271953746042886024e+00
4.271953864714539861e+00
4.293205668974851896e+00
4.293206677239243874e+00
4.293209141663230533e+00
4.293209940213619902e+00
4.326826487956448197e+00
4.326826625411426264e+00
4.326829808084457163e+00
4.326830097644071671e+00
4.359356316306939760e+00
4.359357126052108455e+00
4.359359887489222984e+00
4.359360402203591889e+00
4.390782897952047570e+00
4.390783475340928277e+00
4.390786439644805306e+00
4.390786834174895681e+00
4.398362118059296222e+00
4.398362195219360338e+00
4.421092544350825548e+00
4.421092999855811279e+00
4.421096087994973445e+00
4.421096408135221978e+00
4.450272561923150683e+00
4.450272667037319607e+00
4.450275989672081600e+00
4.450276240797566452e+00
4.478310052904781458e+00
4.478310322560200341e+00
4.478313551030498552e+00
4.478313873685232593e+00
4.505193136310353452e+00
4.505193507556593424e+00
4.505196782075956641e+00
4.505196956877889569e+00
4.524498982282219472e+00
4.524499410119588561e+00
4.530909583242499927e+00
4.530910861630839115e+00
4.530913230573893280e+00
4.530914353272833317e+00
4.555449118289073951e+00
4.555449859346070163e+00
4.555452773772326935e+00
4.555453384807346850e+00
4.578800102516110471e+00
4.578800165214203410e+00
4.578803502016667082e+00
4.578803986692872918e+00
4.600951031785588619e+00
4.600952172848493227e+00
4.600954873935632072e+00
4.600955589635716159e+00
4.621893360328579448e+00
4.621894217619303191e+00
4.621896986524967055e+00
4.621897886325290195e+00
4.641616878627090159e+00
4.641617235037061029e+00
4.641620591714233690e+00
4.641620850791851716e+00
4.650357055391967087e+00
4.650357231285848769e+00
4.660111920909227656e+00
4.660112588289633706e+00
4.660115718822899211e+00
4.660116151102237758e+00
4.677370543830956962e+00
4.677370923212488485e+00
4.677374326364492241e+00
4.677374531164328886e+00
4.693384006527670849e+00
4.693384721084552069e+00
4.693387753891951952e+00
4.693388391838791307e+00
4.708145193894273994e+00
4.708145906208978992e+00
4.708148880326215924e+00
4.708149663425796660e+00
4.721647175299983346e+00
4.721647317218041096e+00
4.721650836901380544e+00
4.721651122619457297e+00
4.733882714055670959e+00
4.733883225151418017e+00
4.733886497832064499e+00
4.733886929566349266e+00
4.744846631573986784e+00
4.744846995448914306e+00
4.744850426793999709e+00
4.744850707420112279e+00
4.754533222154541328e+00
4.754533697121154034e+00
4.754536973626634300e+00
4.754537469640242264e+00
4.762937604737147446e+00
4.762938772890523254e+00
4.762941366270371901e+00
4.762942549934256142e+00
4.770056739563513837e+00
4.770057041991173641e+00
4.770060498239586444e+00
4.770060834268307737e+00
4.775886020388681708e+00
4.775886122585927041e+00
4.775889765047934610e+00
4.775889941046064457e+00
4.775928150596087107e+00
4.775928320503880720e+00
4.780422180039705538e+00
4.780423552490294270e+00
4.780425939785365230e+00
4.780427361675578801e+00
4.783664706470680983e+00
4.783665363240001689e+00
4.783668491475289386e+00
4.783669152801917512e+00
4.785610594002204010e+00
4.785611354497865122e+00
4.785614377233530448e+00
4.785615149049124106e+00
4.786253180691122822e+00
4.786253607120408482e+00
4.786253612486492948e+00
4.786253625758368990e+00
4.786253641297656181e+00
4.786253660012278921e+00
4.786253701891561185e+00
4.786253747533621095e+00
4.786253750979380328e+00
4.786253751393511280e+00
4.786253753756191998e+00
4.786253762537862499e+00
4.786253770842464839e+00
4.786253794731230471e+00
4.786253805792278548e+00
4.786253849881972222e+00
4.786254074039900885e+00
4.786254099137228657e+00
4.786254177142811983e+00
4.786254198057632081e+00
4.786254233793096446e+00
4.786254286251488743e+00
4.786254302653252246e+00
4.786254305289690869e+00
4.786254349429390764e+00
4.786254377338636345e+00
4.786254399503317103e+00
4.786254454678824821e+00
4.786254489337645524e+00
4.786254499501207071e+00
4.786254507086398213e+00
4.786254519553689413e+00
4.786254571573420158e+00
4.786254577038170588e+00
4.786254581064176783e+00
4.786254582439077865e+00
4.786254586672813005e+00
4.786254588099143170e+00
4.786254611466199904e+00
4.786254617199995565e+00
4.786254641425215617e+00
4.786254661789827836e+00
4.786254680900265512e+00
4.786254683166753843e+00
4.786254684558865158e+00
4.786254688917736644e+00
4.786254699226234699e+00
4.786254703629236218e+00
4.786254747215328287e+00
4.786254776144659218e+00
4.786254812413780257e+00
4.786254823580747164e+00
4.786254829734843952e+00
4.786254851388326514e+00
4.786254868715658084e+00
4.786254872420840023e+00
4.786254878721257100e+00
4.786254882901064711e+00
4.786254906091957473e+00
4.786254944409151335e+00
4.786254945181124043e+00
4.786254972519953022e+00
4.786255008789909837e+00
4.786255035356949961e+00
4.786255051988395515e+00
4.786255108222544408e+00
4.786255122035455223e+00
4.786255169862842607e+00
4.786255179141710059e+00
4.786255213707593548e+00
4.786255220773552033e+00
4.786255242076741467e+00
4.786255243731544873e+00
4.786255252005955363e+00
4.786255256962266280e+00
4.786255264843908286e+00
4.786255281753284407e+00
4.786255301303667942e+00
4.786255317161488776e+00
4.786255344840011361e+00
4.786255354936673534e+00
4.786255369156867445e+00
4.786255372699365296e+00
4.786255375307510107e+00
4.786255384711072480e+00
4.786255407487155722e+00
4.786255407728020828e+00
4.786255467003182495e+00
4.786255475597400277e+00
4.786255492161611613e+00
4.786255526515825309e+00
4.786255529267832820e+00
4.786255572089258337e+00
4.786255587172915327e+00
4.786255594556097392e+00
4.786255621988816600e+00
4.786255628240880355e+00
4.786255634347735821e+00
4.786255658480977004e+00
4.786255670322379530e+00
4.786255687719987328e+00
4.786255722145508429e+00
4.786255738479079369e+00
4.786255755099809051e+00
4.786255764145757041e+00
4.786255783278718923e+00
4.786255815141129411e+00
4.786255820803548389e+00
4.786255849530260065e+00
4.786255856169782774e+00
4.786255858349245607e+00
4.786255872142817225e+00
4.786255883324946225e+00
4.786255914333104045e+00
4.786255939646711255e+00
4.786255945292919201e+00
4.786255999910626002e+00
4.786256038339058883e+00
4.786256051127363520e+00
4.786256052537475547e+00
4.786256077385622199e+00
4.786256092804707762e+00
4.786256103370241100e+00
4.786256125176032938e+00
4.786256135187655580e+00
4.786256140019431449e+00
4.786256155728105810e+00
4.786256206485464126e+00
4.786256218130114704e+00
4.786256258501480509e+00
4.786256262493607139e+00
4.786256280928830265e+00
4.786256284426744223e+00
4.786256298630881645e+00
4.786256310385876844e+00
4.786256366956439301e+00
4.786256426761681837e+00
4.786256439968957110e+00
4.786256469488285425e+00
4.786256471478782970e+00
4.786256491662627788e+00
4.786256541080520677e+00
4.786256601548084966e+00
4.786256611521142901e+00
4.786256629694843667e+00
4.786256642821361318e+00
4.786256658343297943e+00
4.786256660255662432e+00
4.786256676925829012e+00
4.786256739496444368e+00
4.786256741583303054e+00
4.786256753042822609e+00
4.786256796993508367e+00
4.786256829215559172e+00
4.786256856038132668e+00
4.786256857237265905e+00
4.786256905170406917e+00
4.786256918297787877e+00
4.786256930932887954e+00
4.786256936450070221e+00
4.786256944428706639e+00
4.786256966973041926e+00
4.786256983778746310e+00
4.786256987257909934e+00
4.786257017002679248e+00
4.786257029635508253e+00
4.786257074940420075e+00
4.786257165200193064e+00
4.786257181430373819e+00
4.786257195907190898e+00
4.786257245199651678e+00
4.786257268744898319e+00
4.786257331151797523e+00
4.786257346801296109e+00
4.786257370604854344e+00
4.786257421264638268e+00
4.786257423691327340e+00
4.786257431361416792e+00
4.786257458363400552e+00
4.786257464564390496e+00
4.786257512110055679e+00
4.786257644315718096e+00
4.786257687048257381e+00
4.786257731168323204e+00
4.786257775637038137e+00
4.786257796898334860e+00
4.786257830385443057e+00
4.786257895958385689e+00
4.786257930335160005e+00
4.786257967291015269e+00
4.786258082255536728e+00
4.786258101609456972e+00
4.786258186842373696e+00
4.786258376870379472e+00
4.786258384227845220e+00
4.786258389796139490e+00
4.786258406505296215e+00
4.786259097163497955e+00
4.786259120122379862e+00
4.786259138534680879e+00
4.786259621886949311e+00
4.786263576122342656e+00
4.786264405008241241e+00
4.786264546226029815e+00
4.786264676055087541e+00
4.786264694751416471e+00
4.786264744283682759e+00
4.786264871488172368e+00
4.786264872294274220e+00
4.786264876017439995e+00
4.786264958052479201e+00
4.786265005635226721e+00
4.786265010161423916e+00
4.786265029546535210e+00
4.786265032317363222e+00
4.786265037646005638e+00
4.786265049800192628e+00
4.786265095582451501e+00
4.786265168610076337e+00
4.786265178873846615e+00
4.786265200474128179e+00
4.786265208822220174e+00
4.786265234072038410e+00
4.786265245016605441e+00
4.786265276862366136e+00
4.786265297577778632e+00
4.786265323280657569e+00
4.786265333977429925e+00
4.786265360522667045e+00
4.786265385127189020e+00
4.786265387987159947e+00
4.786265410328669923e+00
4.786265435740804541e+00
4.786265441482167482e+00
4.786265455348928555e+00
4.786265469457986477e+00
4.786265497555626247e+00
4.786265504363868217e+00
4.786265506075792153e+00
4.786265536147149113e+00
4.786265601027705152e+00
4.786265641672654780e+00
4.786265704231690954e+00
4.786265765923020332e+00
4.786265831515617464e+00
4.786265843547271359e+00
4.786265876814257858e+00
4.786265930468298180e+00
4.786265946163324791e+00
4.786266053198944270e+00
4.786266136231230206e+00
4.786266167171333130e+00
4.786266168819531153e+00
4.786266173525205225e+00
4.786266223140485110e+00
4.786266245588298496e+00
4.786266276121117436e+00
4.786266284625219747e+00
4.786266349940629716e+00
4.786266402708429624e+00
4.786266402995116742e+00
4.786266422694749778e+00
4.786266515851098191e+00
4.786266592490358462e+00
4.786266654192341541e+00
4.786266659525144185e+00
4.786266786290389597e+00
4.786266787363470776e+00
4.786266845058115393e+00
4.786266846991403590e+00
4.786266853136240229e+00
4.786266929413320881e+00
4.786266937941102029e+00
4.786266961804417797e+00
4.786266981348948235e+00
4.786266989322682797e+00
4.786267024237925938e+00
4.786267063508590880e+00
4.786267084467263899e+00
4.786267110243737299e+00
4.786267115831586594e+00
4.786267167827060298e+00
4.786267214151098237e+00
4.786267240329824979e+00
4.786267250028193310e+00
4.786267312220829240e+00
4.786267330494256456e+00
4.786267337768933317e+00
4.786267482816185748e+00
4.786267486424010009e+00
4.786267490321439944e+00
4.786267508019099282e+00
4.786267527485499329e+00
4.786267531791184915e+00
4.786267541493265831e+00
4.786267559932373850e+00
4.786267598176324967e+00
4.786267620106078091e+00
4.786267655288183320e+00
4.786267675262557475e+00
4.786267682714817617e+00
4.786267687514278890e+00
4.786267691562338555e+00
4.786267714584760746e+00
4.786267718175428065e+00
4.786267759523611609e+00
4.786267799872364392e+00
4.786267810853963134e+00
4.786267832508817044e+00
4.786267841270673173e+00
4.786267861706935633e+00
4.786267891488360071e+00
4.786267892727266826e+00
4.786267913845197342e+00
4.786267918619288686e+00
4.786267918730336746e+00
4.786267931234394091e+00
4.786267938955959700e+00
4.786267940982299685e+00
4.786267947271549694e+00
4.786267965381387768e+00
4.786267996481882392e+00
4.786268008107936289e+00
4.786268030583326727e+00
4.786268039777617389e+00
4.786268049826323256e+00
4.786268059329699120e+00
4.786268069964656924e+00
4.786268075819407386e+00
4.786268122365478384e+00
4.786268134580542011e+00
4.786268138527894678e+00
4.786268199282211810e+00
4.786268203686235623e+00
4.786268226863957587e+00
4.786268241138560420e+00
4.786268261182498485e+00
4.786268321705294149e+00
4.786268333572546219e+00
4.786268434156147222e+00
4.786268435914487362e+00
4.786268441256597228e+00
4.786268469434507900e+00
4.786268562763543066e+00
4.786268587589644241e+00
4.786268588589416062e+00
4.786268609285341924e+00
4.786268617082026111e+00
4.786268653560252773e+00
4.786268660528571139e+00
4.786268666184533949e+00
4.786268672143450864e+00
4.786268678117542308e+00
4.786268685823089619e+00
4.786268703212315678e+00
4.786268846186371384e+00
4.786268895181679639e+00
4.786268931445461838e+00
4.786268937729914796e+00
4.786268957560491977e+00
4.786268964679451621e+00
4.786268974915431684e+00
4.786268984166220264e+00
4.786268986681509574e+00
4.786268989837306975e+00
4.786268997494079080e+00
4.786269005578396296e+00
4.786269030624105802e+00
4.786269044545010232e+00
4.786269090195505171e+00
4.786269094371315980e+00
4.786269124847367884e+00
4.786269129717536153e+00
4.786269140147991763e+00
4.786269161262810101e+00
4.786269182082552476e+00
4.786269193640876551e+00
4.786269203401078975e+00
4.786269230532705699e+00
4.786269265784708793e+00
4.786269268954521650e+00
4.786269275236110232e+00
4.786269285024552289e+00
4.786269296210804214e+00
4.786269417951994676e+00
4.786269545619616927e+00
4.786269565146956673e+00
4.786269666872826178e+00
4.786269671154345318e+00
4.786269677697380764e+00
4.786269707708126653e+00
4.786269767338499292e+00
4.786269779957566861e+00
4.786269808710203577e+00
4.786269864139409691e+00
4.786270066609827012e+00
4.786270088266432410e+00
4.786270209977978141e+00
4.786270261919482571e+00
4.786270333062867088e+00
4.786270523167257096e+00
4.786270883940285437e+00
4.901204647211240939e+00
4.901204800808029560e+00
5.026178858150053941e+00
5.026178909987285337e+00
5.150842987908439419e+00
5.150843023572318380e+00
5.275189391061531730e+00
5.275189407245113316e+00
5.399210350379995305e+00
5.399210437691896125e+00
5.522898288456323357e+00
5.522898391921590822e+00
5.646245548286922045e+00
5.646245667627673548e+00
5.769244532753273980e+00
5.769244644647330666e+00
5.891887684864781427e+00
5.891887705658017893e+00
6.014167331101760716e+00
6.014167393771233883e+00
6.136076037433694452e+00
6.136076057444475040e+00
6.257606189623122539e+00
6.257606271111972873e+00
6.378750204746535424e+00
6.378750624589465623e+00
6.499501006086903843e+00
6.499501249105776424e+00
6.619850885162715137e+00
6.619850956196059677e+00
6.739792352741057258e+00
6.739792387610085811e+00
6.859318049176836851e+00
6.859318105884906203e+00
6.978420597408089954e+00
6.978420742265540433e+00
7.097092739631660763e+00
7.097092860937851633e+00
7.215327139817365065e+00
7.215327157418988335e+00
7.333116293524309270e+00
7.333116549647201055e+00
7.450453222989036561e+00
7.450453483792497167e+00
7.567330644353035041e+00
7.567330767923573731e+00
7.683741172387896334e+00
7.683741368175420305e+00
7.799677765548955755e+00
7.799677964592277135e+00
7.915133270426928824e+00
7.915133407549943989e+00
8.030100484031224894e+00
8.030100656365172895e+00
8.144572193402719762e+00
8.144572740557396884e+00
8.258541908237631901e+00
8.258542028097217269e+00
8.372001967595750216e+00
8.372002119571691381e+00
8.484945480749530589e+00
8.484945908213964216e+00
8.597365794790135851e+00
8.597366113124424558e+00
8.709255481869188742e+00
8.709256292947513245e+00
8.820608143297661741e+00
8.820609042561947888e+00
8.931416965984563916e+00
8.931417437544153515e+00
9.041674826813867583e+00
9.041674930614242101e+00
9.151374653064392461e+00
9.151374992069781555e+00
9.260510141610815538e+00
9.260510391417888343e+00
9.369074381903695681e+00
9.369074575231280733e+00
9.477060742637890556e+00
9.477060781309919690e+00
9.584462386334442030e+00
9.584462524928850868e+00
9.691272880453110972e+00
9.691272988542607436e+00
9.797485306964370366e+00
9.797485913036926064e+00
9.903093760137906543e+00
9.903094100742498185e+00
1.000809131271013186e+01
1.000809145008343748e+01
1.011247125532848301e+01
1.011247171694292390e+01
1.021622758592197400e+01
1.021622802607623193e+01
1.031935387539215299e+01
1.031935400622220911e+01
1.042184339298108497e+01
1.042184366553016694e+01
1.052369017638900139e+01
1.052369032221644041e+01
1.062488765138059499e+01
1.062488798574879922e+01
1.072542980625223485e+01
1.072543018314101992e+01
1.082531052473997413e+01
1.082531062682863521e+01
1.092452328254002403e+01
1.092452351890420204e+01
1.102306226813166568e+01
1.102306243105839556e+01
1.112092122087888413e+01
1.112092146723264285e+01
1.121809404642408126e+01
1.121809464897611264e+01
1.131457528522341427e+01
1.131457544765128098e+01
1.141035841309008880e+01
1.141035848461846314e+01
1.150543732261208874e+01
1.150543805056944535e+01
1.159980704184736666e+01
1.159980738750311424e+01
1.169346100947442935e+01
1.169346141404776596e+01
1.178637954018398482e+01
1.178638100795095234e+01
1.178638100812188227e+01
1.178638142128712651e+01
1.178638255313240180e+01
1.178638263513789219e+01
1.178638263966375099e+01
1.178638264087598486e+01
1.178638264194591834e+01
1.178638264398903601e+01
1.178638264538816927e+01
1.178638264575000782e+01
1.178638264608844111e+01
1.178638267166030218e+01
1.178638287408466390e+01
1.178638316127125840e+01
1.178638325547449917e+01
1.178638325813171228e+01
1.178638325813171583e+01
1.178638325860081970e+01
1.178638336935556552e+01
1.178638342107614001e+01
1.178638346020074046e+01
1.178638357589385777e+01
1.178638365441385361e+01
1.178638365742981797e+01
1.178638365745077898e+01
1.178638365745656813e+01
1.178638370828067927e+01
1.178638379846419326e+01
1.178638381072834385e+01
1.178638386369438251e+01
1.178638386372742097e+01
1.178638391320504297e+01
1.178638391543806385e+01
1.178638393139580565e+01
1.178638403859606854e+01
1.178638403948427005e+01
1.178638420860901803e+01
1.178638421224032129e+01
1.178638425922006938e+01
1.178638427612279038e+01
1.178638434187479156e+01
1.178638437905503622e+01
1.178638440345177152e+01
1.178638441250689617e+01
1.178638441734118381e+01
1.178638452196014796e+01
1.178638453862962265e+01
1.178638455547880959e+01
1.178638477137421781e+01
1.178638482921314434e+01
1.178638483716938623e+01
1.178638490403450234e+01
1.178638497328093315e+01
1.178638510223610503e+01
1.178638625515751670e+01
1.178638681129549504e+01
1.178638755190579879e+01
1.178638756419914024e+01
1.178638757186325670e+01
1.178638760139732433e+01
1.178638780535745312e+01
1.178638784765914771e+01
1.178638792955564085e+01
1.178638796456658966e+01
1.178638802919019746e+01
1.178638808018356876e+01
1.178638830039296082e+01
1.178638835848224531e+01
1.178638837322324662e+01
1.178638856938075818e+01
1.178638858574504056e+01
1.178638860402964816e+01
1.178638868020169816e+01
1.178638882349924089e+01
1.178638885448295959e+01
1.178638891412722245e+01
1.178638892150295447e+01
1.178638895924290964e+01
1.178638899067355972e+01
1.178638899152266539e+01
1.178638899164492138e+01
1.178638903226747026e+01
1.178638910269328655e+01
1.178638915168527923e+01
1.178638916022895522e+01
1.178638916911970647e+01
1.178638919974965127e+01
1.178638927652095170e+01
1.178638932254247429e+01
1.178638933190153537e+01
1.178638933271687428e+01
1.178638936206344923e+01
1.178638936822919980e+01
1.178638936939771220e+01
1.178638939955445153e+01
1.178638942493903663e+01
1.178638948274475773e+01
1.178638948881324211e+01
1.178638949393533508e+01
1.178638961509282268e+01
1.178638970858126278e+01
1.178638973966583769e+01
1.178638974998508893e+01
1.178638975485927176e+01
1.178638975809327505e+01
1.178638976142271311e+01
1.178638976150440776e+01
1.178638976663728322e+01
1.178638982665761148e+01
1.178638985571530462e+01
1.178638988159635481e+01
1.178638991087885834e+01
1.178638991847929596e+01
1.178638992770041760e+01
1.178638995816134738e+01
1.178638996996619426e+01
1.178638997041866432e+01
1.178638997831713731e+01
1.178638997889654050e+01
1.178638998192773890e+01
1.178638998909737268e+01
1.178638999714709890e+01
1.178639002748397502e+01
1.178639004549318514e+01
1.178639011206280962e+01
1.178639022848949303e+01
1.178639023615434134e+01
1.178639029072528821e+01
1.178639029883042433e+01
1.178639033825658444e+01
1.178639035370203025e+01
1.178639035816210523e+01
1.178639036711714816e+01
1.178639037249203092e+01
1.178639039049408233e+01
1.178639039355230977e+01
1.178639040034423857e+01
1.178639041600298931e+01
1.178639042075660726e+01
1.178639042989537344e+01
1.178639043844236234e+01
1.178639044430352989e+01
1.178639045061535384e+01
1.178639045547609854e+01
1.178639046115297084e+01
1.178639046132204982e+01
1.178639046586823369e+01
1.178639047941731199e+01
1.178639047969997300e+01
1.178639048110484566e+01
1.178639048634096120e+01
1.178639050508174435e+01
1.178639053823793859e+01
1.178639054375253181e+01
1.178639055695559890e+01
1.178639057597268547e+01
1.178639058462325906e+01
1.178639060060326571e+01
1.178639063291190858e+01
1.178639069034170817e+01
1.178639073214636745e+01
1.178639081338780237e+01
1.178639084419149263e+01
1.178639086790180635e+01
1.178639087085681680e+01
1.178639087710715572e+01
1.178639087720793732e+01
1.178639088841309324e+01
1.178639089226208370e+01
1.178639092768868402e+01
1.178639095347923949e+01
1.178639095509966594e+01
1.178639096045057855e+01
1.178639100185376343e+01
1.178639102739986555e+01
1.178639102999709465e+01
1.178639109067659696e+01
1.178639112681467083e+01
1.178639113964104546e+01
1.178639115344054034e+01
1.178639117335248798e+01
1.178639119066545504e+01
1.178639121665490741e+01
1.178639123817914580e+01
1.178639125072115945e+01
1.178639125349938510e+01
1.178639126581182417e+01
1.178639128406002712e+01
1.178639139781101974e+01
1.178639141848281646e+01
1.178639145588399195e+01
1.178639149966582167e+01
1.178639151036180799e+01
1.178639156063795568e+01
1.178639156232502749e+01
1.178639157345132027e+01
1.178639170734679098e+01
1.178639178110816310e+01
1.178639183826213710e+01
1.178639207840554448e+01
1.178639212845141060e+01
1.178639215992580169e+01
1.178639411840540241e+01
1.178639495874717547e+01
1.178639519721862783e+01
1.178639528350893961e+01
1.178639553918698013e+01
1.178639561361600485e+01
1.178639571314023016e+01
1.178639573393532558e+01
1.178639573398033846e+01
1.178639575070257095e+01
1.178639580604335535e+01
1.178639603985088513e+01
1.178639612276568727e+01
1.178639613831729527e+01
1.178639626799800766e+01
1.178639628312808973e+01
1.178639629332580618e+01
1.178639632920226532e+01
1.178639635410301523e+01
1.178639636304828997e+01
1.178639650442397091e+01
1.178639651532970412e+01
1.178639652164063634e+01
1.178639661794455407e+01
1.178639674265951776e+01
1.178639683140657723e+01
1.178639686701457023e+01
1.178639688795263396e+01
1.178639691507171783e+01
1.178639692813905882e+01
1.178639693783738274e+01
1.178639698204480091e+01
1.178639705974622842e+01
1.178639707452044050e+01
1.178639718929888680e+01
1.178639719726160173e+01
1.178639721547010488e+01
1.178639722043667959e+01
1.178639723502843317e+01
1.178639723536976547e+01
1.178639723878053580e+01
1.178639724997080585e+01
1.178639725537249916e+01
1.178639726564178858e+01
1.178639734584564458e+01
1.178639739053078550e+01
1.178639740805461678e+01
1.178639741513972439e+01
1.178639743118556105e+01
1.178639743789226557e+01
1.178639743805355167e+01
1.178639743873019974e+01
1.178639750709317013e+01
1.178639754172413134e+01
1.178639756058029420e+01
1.178639756222234602e+01
1.178639761760554805e+01
1.178639764429638781e+01
1.178639764962144199e+01
1.178639766495261654e+01
1.178639768541038535e+01
1.178639769581120866e+01
1.178639771133453884e+01
1.178639773517162936e+01
1.178639774075944935e+01
1.178639775433748937e+01
1.178639775512727184e+01
1.178639777737813787e+01
1.178639779207145466e+01
1.178639784751091035e+01
1.178639787457236743e+01
1.178639787880277900e+01
1.178639795013374325e+01
1.178639795557402259e+01
1.178639802704279838e+01
1.178639803096428551e+01
1.178639805446804978e+01
1.178639805633491555e+01
1.178639805633629933e+01
1.178639806628026854e+01
1.178639811481616384e+01
1.178639811851117791e+01
1.178639814601855207e+01
1.178639818154513819e+01
1.178639821772476282e+01
1.178639822949900839e+01
1.178639822979310203e+01
1.178639822979858565e+01
1.178639825200497349e+01
1.178639828101816889e+01
1.178639829745005407e+01
1.178639832110658503e+01
1.178639832263469067e+01
1.178639834079001325e+01
1.178639834925508723e+01
1.178639835396913860e+01
1.178639835647369161e+01
1.178639838483011104e+01
1.178639841838587543e+01
1.178639848883485364e+01
1.178639849407506546e+01
1.178639851297852736e+01
1.178639853855603903e+01
1.178639854263586173e+01
1.178639855455057450e+01
1.178639856011951892e+01
1.178639857906571109e+01
1.178639860453417931e+01
1.178639862280669526e+01
1.178639864253571012e+01
1.178639864757198019e+01
1.178639866181331541e+01
1.178639871528687522e+01
1.178639881931027134e+01
1.178639883765854712e+01
1.178639884663663473e+01
1.178639884860837839e+01
1.178639885783953645e+01
1.178639886385057345e+01
1.178639888392105384e+01
1.178639889498698601e+01
1.178639891982984089e+01
1.178639896921322361e+01
1.178639899400668511e+01
1.178639900394998641e+01
1.178639900437870658e+01
1.178639900520854411e+01
1.178639901220304687e+01
1.178639904328242949e+01
1.178639909254971840e+01
1.178639916827920686e+01
1.178639930724738605e+01
1.178639937478084754e+01
1.178639944849815713e+01
1.178639947489815221e+01
1.178639973630015625e+01
1.178640063629510593e+01
1.178640164257146239e+01
1.178640295099235935e+01
1.178640331228827343e+01
1.178640331311803280e+01
1.178640331344717751e+01
1.178640331373971684e+01
1.178640338832676626e+01
1.178640348972468566e+01
1.178640349067472393e+01
1.178640351957862720e+01
1.178640353598885326e+01
1.178640371734554648e+01
1.178640371899098227e+01
1.178640375026951936e+01
1.178640383486272647e+01
1.178640386119617922e+01
1.178640386155087683e+01
1.178640386711408539e+01
1.178640392733734465e+01
1.178640403144071769e+01
1.178640403983141383e+01
1.178640404036713285e+01
1.178640404039693301e+01
1.178640405653337275e+01
1.178640410557576068e+01
1.178640413080369065e+01
1.178640414329355401e+01
1.178640414339354869e+01
1.178640415826033383e+01
1.178640415910003902e+01
1.178640415912169814e+01
1.178640416101609567e+01
1.178640417510044536e+01
1.178640417563330445e+01
1.178640417611005375e+01
1.178640424946518728e+01
1.178640429411660762e+01
1.178640436708134409e+01
1.178640439089172709e+01
1.178640453556457146e+01
1.178640453937794419e+01
1.178640455667153475e+01
1.178640457755912685e+01
1.178640461992971744e+01
1.178640474491300516e+01
1.178640490044637090e+01
1.178640491165780269e+01
1.178640491443682592e+01
1.178640491632326892e+01
1.178640494364129943e+01
1.178640494364604407e+01
1.178640494378891823e+01
1.178640494403606631e+01
1.178640494418005247e+01
1.178640494423446050e+01
1.178640531808812320e+01
1.178640555023207348e+01
1.178640555086464836e+01
1.178640555089840625e+01
1.178640566340971496e+01
1.178640574471028479e+01
1.187859934683970486e+01
1.187859975781208099e+01
1.197007229502855452e+01
1.197007265172026358e+01
1.206080664267288505e+01
1.206080740576396870e+01
1.215079756964698454e+01
1.215079764581963495e+01
1.224003858498189601e+01
1.224003876069738617e+01
1.232852438361989833e+01
1.232852504582174191e+01
1.241625013761136387e+01
1.241625041264913420e+01
1.250320985033736676e+01
1.250321003514284435e+01
1.258939821728177755e+01
1.258939848965489361e+01
1.267481013104518617e+01
1.267481025056902766e+01
1.275943996196927976e+01
1.275944041033340781e+01
1.284328291702924751e+01
1.284328332121679672e+01
1.292633372833363303e+01
1.292633390745988287e+01
1.300858698941154934e+01
1.300858732960930553e+01
1.309003798720845957e+01
1.309003815317880459e+01
1.317068124194498857e+01
1.317068180939190292e+01
1.325051224903835845e+01
1.325051285390128619e+01
1.332952613176128231e+01
1.332952631472175931e+01
1.340771743647275294e+01
1.340771789761708987e+01
1.348508164256777064e+01
1.348508247677208161e+01
1.356161455327498722e+01
1.356161470455277929e+01
1.363731055528702107e+01
1.363731075247879332e+01
1.371216543731703297e+01
1.371216549327048106e+01
1.378617430350687556e+01
1.378617458798843387e+01
1.385933284308860003e+01
1.385933321695978648e+01
1.393163644730843842e+01
1.393163696340235447e+01
1.400308093133092235e+01
1.400308109208802776e+01
1.407366117053491017e+01
1.407366191359647800e+01
1.414337322172317357e+01
1.414337466365458340e+01
1.421221325160065518e+01
1.421221457517086861e+01
1.428017694341200006e+01
1.428017747217289646e+01
1.434725927217888675e+01
1.434725999498277282e+01
1.441345692201588413e+01
1.441345718365152351e+01
1.447876527707553684e+01
1.447876548721237810e+01
1.454318010451389753e+01
1.454318108150587641e+01
1.460669855525556393e+01
1.460669886873087719e+01
1.466931569392688495e+01
1.466931594805856420e+01
1.473102786952350129e+01
1.473102824546251988e+01
1.479183142634706272e+01
1.479183180324605651e+01
1.485172262098874896e+01
1.485172286349749982e+01
1.491069748450403765e+01
1.491069800645295018e+01
1.496875272523416456e+01
1.496875324804348040e+01
1.502588486628654252e+01
1.502588490291485179e+01
1.508208978630809760e+01
1.508209004409851595e+01
1.513736445435566758e+01
1.513736476855956958e+01
1.519170550095877559e+01
1.519170562655049039e+01
1.524510938065733257e+01
1.524510945952417984e+01
1.529757280419161525e+01
1.529757296834117852e+01
1.534909243909855192e+01
1.534909301306542595e+01
1.539966525469217729e+01
1.539966626842350728e+01
1.544928877249471100e+01
1.544928897371393361e+01
1.549795897445680204e+01
1.549795902500380862e+01
1.554567305822358314e+01
1.554567322024619003e+01
1.559242832085203112e+01
1.559242837592538855e+01
1.563822159148866220e+01
1.563822189470095658e+01
1.568305033288173611e+01
1.568305066432434103e+01
1.572691170235808933e+01
1.572691199695040609e+01
1.576980296314752295e+01
1.576980321815802455e+01
1.581172155174281890e+01
1.581172159992249782e+01
1.585266466450156919e+01
1.585266477425830445e+01
1.589262991349739984e+01
1.589263007744801648e+01
1.593161468792185254e+01
1.593161518707651148e+01
1.596650150155080716e+01
1.596650300948835621e+01
1.596650318525182044e+01
1.596650319424847275e+01
1.596650491173246067e+01
1.596650499362749365e+01
1.596650510101840403e+01
1.596650525522761477e+01
1.596650543069502781e+01
1.596650545203431726e+01
1.596650553280463747e+01
1.596650556005557497e+01
1.596650560931521667e+01
1.596650573147437058e+01
1.596650575348199297e+01
1.596650578120724440e+01
1.596650579015199334e+01
1.596650581366241539e+01
1.596650586446763143e+01
1.596650594266647794e+01
1.596650602190357304e+01
1.596650619769728152e+01
1.596650621121673908e+01
1.596650625130169843e+01
1.596650626187901345e+01
1.596650626757396019e+01
1.596650628656126791e+01
1.596650638837419223e+01
1.596650648104027503e+01
1.596650648770500780e+01
1.596650649054611648e+01
1.596650649452631754e+01
1.596650649549949108e+01
1.596650650432647645e+01
1.596650650727662146e+01
1.596650652984418528e+01
1.596650657308117616e+01
1.596650683323221998e+01
1.596650693439869073e+01
1.596650695659286967e+01
1.596650697082580805e+01
1.596650740538475688e+01
1.596650745283407247e+01
1.596650750141921371e+01
1.596650752895007663e+01
1.596650754522427462e+01
1.596650758174901874e+01
1.596650794982661914e+01
1.596650808894467133e+01
1.596650810860143288e+01
1.596650811494270350e+01
1.596650859388088683e+01
1.596650862771593360e+01
1.596650869341625345e+01
1.596650872636898200e+01
1.596650873891678657e+01
1.596650934586111426e+01
1.596650981029519833e+01
1.596651055533210695e+01
1.596651056534510005e+01
1.596651057864192857e+01
1.596651058277286950e+01
1.596651058620954799e+01
1.596651058851723803e+01
1.596651059097439074e+01
1.596651059937910233e+01
1.596651066899695870e+01
1.596651067164342663e+01
1.596651068361635950e+01
1.596651068511753913e+01
1.596651069716724436e+01
1.596651069784780219e+01
1.596651070243811432e+01
1.596651070522782589e+01
1.596651070843569364e+01
1.596651071538456002e+01
1.596651071688913071e+01
1.596651072470316812e+01
1.596651072520073456e+01
1.596651072674012006e+01
1.596651074633873613e+01
1.596651075198473713e+01
1.596651075599768177e+01
1.596651075639800510e+01
1.596651075971491629e+01
1.596651076033451133e+01
1.596651077076510106e+01
1.596651078677211721e+01
1.596651079410665197e+01
1.596651080173562143e+01
1.596651082405980304e+01
1.596651084558308575e+01
1.596651085578133689e+01
1.596651087051323969e+01
1.596651087474215380e+01
1.596651088755017689e+01
1.596651094572946405e+01
1.596651097027900335e+01
1.596651114789146675e+01
1.596651119484722514e+01
1.596651122414320945e+01
1.596651127164102490e+01
1.596651130038689814e+01
1.596651135174805169e+01
1.596651135564237300e+01
1.596651136179611541e+01
1.596651137493618400e+01
1.596651137578388280e+01
1.596651138258033598e+01
1.596651142202769513e+01
1.596651146752821049e+01
1.596651148125046760e+01
1.596651149463998287e+01
1.596651149513606072e+01
1.596651150355403281e+01
1.596651150579097056e+01
1.596651151046238049e+01
1.596651152054712242e+01
1.596651152536199447e+01
1.596651153051080385e+01
1.596651155063517002e+01
1.596651156264631588e+01
1.596651156477052425e+01
1.596651157159448076e+01
1.596651159408494713e+01
1.596651164084588359e+01
1.596651164251662358e+01
1.596651164281784929e+01
1.596651165342728440e+01
1.596651166369571229e+01
1.596651167060102239e+01
1.596651169704024831e+01
1.596651170220865446e+01
1.596651172605906055e+01
1.596651172759358062e+01
1.596651172882696201e+01
1.596651173106248756e+01
1.596651179436748436e+01
1.596651181864834790e+01
1.596651182154891124e+01
1.596651182431254057e+01
1.596651185510051718e+01
1.596651196883013846e+01
1.596651199176955060e+01
1.596651203346188552e+01
1.596651210656950326e+01
1.596651214860789736e+01
1.596651216595508060e+01
1.596651222572413076e+01
1.596651228373072406e+01
1.596651229943247152e+01
1.596651230201727323e+01
1.596651234287859467e+01
1.596651237402417856e+01
1.596651245094907523e+01
1.596651400135553445e+01
1.596651414108574052e+01
1.596651424023367127e+01
1.596651427237413223e+01
1.596651427585462280e+01
1.596651429467052985e+01
1.596651460685792046e+01
1.596651486390119956e+01
1.596651487384629853e+01
1.596651488067007385e+01
1.596651488321727541e+01
1.596651489228442955e+01
1.596651489732848184e+01
1.596651490378315152e+01
1.596651490693419362e+01
1.596651490714481625e+01
1.596651491687064350e+01
1.596651495961114797e+01
1.596651498879823272e+01
1.596651500597825013e+01
1.596651513495950425e+01
1.596651532251977734e+01
1.596651543874922830e+01
1.596651553247461131e+01
1.596651561752561577e+01
1.596651564638007059e+01
1.596651567550151185e+01
1.596651569462995823e+01
1.596651570003210452e+01
1.596651570406375775e+01
1.596651570634315220e+01
1.596651573258355938e+01
1.596651575630384912e+01
1.596651575784248678e+01
1.596651576063453426e+01
1.596651576189712785e+01
1.596651576221342950e+01
1.596651577369838115e+01
1.596651578387419512e+01
1.596651578592465093e+01
1.596651578734892318e+01
1.596651590971694468e+01
1.596651595548165936e+01
1.596651596407184215e+01
1.596651605863268841e+01
1.596652058819365827e+01
1.596652491268349294e+01
1.596652500814246345e+01
1.596652501962696213e+01
1.596652520540254905e+01
1.596652675598784477e+01
1.596653023667796134e+01
1.596653026703775780e+01
1.596653028191523660e+01
1.596653029590550332e+01
1.596653029851388617e+01
1.596653029973072080e+01
1.596653030244032578e+01
1.596653030307143695e+01
1.596653049684905312e+01
1.596653066489403372e+01
1.596653073221168384e+01
1.596653074567735509e+01
1.596653076034777463e+01
1.596653093669962686e+01
1.596653095791508115e+01
1.596653098302467377e+01
1.596653100173042361e+01
1.596653100734465980e+01
1.596653106640049558e+01
1.596653134366859916e+01
1.596653137380516441e+01
1.596653139715765768e+01
1.596653141920364227e+01
1.596653144205490982e+01
1.596653145966334542e+01
1.596653147482711255e+01
1.596653152406562626e+01
1.596653153910264145e+01
1.596653169132357242e+01
1.596653184427390926e+01
1.596653194008313292e+01
1.596653216068011538e+01
1.596653221217052909e+01
1.596653222912972581e+01
1.596653230143708413e+01
1.596653232977141634e+01
1.596653240570449306e+01
1.596653349797521670e+01
1.596653359661952720e+01
1.596653361229218504e+01
1.596653361589822673e+01
1.596653366191763368e+01
1.596653371347468209e+01
1.596653374526322366e+01
1.596653378615813779e+01
1.596653382525564346e+01
1.596653385136950298e+01
1.596653390573907672e+01
1.596653392881858835e+01
1.596653395644633378e+01
1.596653401955587803e+01
1.596653402771440966e+01
1.596653405177718099e+01
1.596653414302402041e+01
1.596653429185883866e+01
1.596653453630842101e+01
1.596653459213700366e+01
1.596653461246426708e+01
1.596653466276944755e+01
1.596653467408935256e+01
1.596653468257236241e+01
1.596653468960777111e+01
1.596653469812416404e+01
1.596653474001848139e+01
1.596653475870618877e+01
1.596653479430911382e+01
1.596653479932611575e+01
1.596653480507168332e+01
1.596653480917553125e+01
1.596653482742013530e+01
1.596653483469722623e+01
1.596653483762383452e+01
1.596653484000667333e+01
1.596653484140882995e+01
1.596653484329240946e+01
1.596653484875007045e+01
1.596653486977564818e+01
1.596653487776645974e+01
1.596653494882772861e+01
1.596653497163815771e+01
1.596653497496444807e+01
1.596653498489061818e+01
1.596653499540072296e+01
1.596653499765470663e+01
1.596653500748418963e+01
1.596653501368461647e+01
1.596653504386920019e+01
1.596653505684010277e+01
1.596653506608020656e+01
1.596653508437651681e+01
1.596653508735082738e+01
1.596653508922648079e+01
1.596653516646216708e+01
1.596653522619794430e+01
1.596653556227011705e+01
1.596653558652644733e+01
1.596653559493742947e+01
1.596653560318798526e+01
1.596653560596212884e+01
1.596653561215352823e+01
1.596653562936540283e+01
1.596653563090491446e+01
1.596653563661966402e+01
1.596653563788411212e+01
1.596653563954328803e+01
1.596653563985006841e+01
1.596653564107777790e+01
1.596653564747102472e+01
1.596653564842131168e+01
1.596653565001158626e+01
1.596653565377712702e+01
1.596653565881136139e+01
1.596653566026549775e+01
1.596653566042151873e+01
1.596653566659223422e+01
1.596653568303120352e+01
1.596653568726124739e+01
1.596653569938469808e+01
1.596653573230914347e+01
1.596653579697528080e+01
1.596653579868146977e+01
1.596653583857144376e+01
1.596653584903904033e+01
1.596653587874942382e+01
1.596653588366497800e+01
1.596653589187263655e+01
1.596653589685103647e+01
1.596653590801058087e+01
1.596653592071756655e+01
1.596653592953054179e+01
1.596653593875815069e+01
1.596653594339046300e+01
1.596653594609813176e+01
1.596653594758776684e+01
1.596653638047859225e+01
1.596653691882305637e+01
1.596653758506692711e+01
1.596653758933400091e+01
1.596653764385403740e+01
1.596653769024734082e+01
1.596653806919787222e+01
1.596653823272955286e+01
1.596653825023936690e+01
1.596653858511357171e+01
1.596653866406855116e+01
1.596653917416922930e+01
1.596653918429528751e+01
1.596653919607793704e+01
1.596653920056115794e+01
1.596653923992752588e+01
1.596653927996209710e+01
1.596653929136046912e+01
1.596653930714773573e+01
1.596653931587351494e+01
1.596653932867402226e+01
1.596653935097017296e+01
1.596653939793662502e+01
1.596653940287676399e+01
1.596653941581137381e+01
1.596653941966068935e+01
1.596653954064605863e+01
1.596653956627724469e+01
1.596653957937589219e+01
1.596653959007774048e+01
1.596653959190059346e+01
1.596653959556729596e+01
1.596653959674727119e+01
1.596653959909732379e+01
1.596653965112029638e+01
1.596653971151449625e+01
1.596653973932689397e+01
1.596653974159147538e+01
1.596653974969107637e+01
1.596654002935464156e+01
1.596654004725655085e+01
1.596654005913734231e+01
1.596654006160514960e+01
1.596654008257438129e+01
1.596654009939870811e+01
1.596654010935728607e+01
1.596654011557145303e+01
1.596654011651355276e+01
1.596654027759367267e+01
1.596654036594166293e+01
1.596654038963116840e+01
1.596654043835530778e+01
1.596654045209099415e+01
1.596654053422795450e+01
1.596654060346101112e+01
1.596654083441067584e+01
1.596654106132508844e+01
1.596654107835186842e+01
1.596654108158065455e+01
1.596654111698110512e+01
1.596654143356386868e+01
1.596654157085952086e+01
1.596671427880890981e+01
1.596671558398396584e+01
1.596672065056684353e+01
1.596672191819402009e+01
1.596729712360914988e+01
1.596729823918854763e+01
1.596730349767194745e+01
1.596730459899113441e+01
1.596826735274787623e+01
1.596826981475762253e+01
1.596827383046236370e+01
1.596827607476027566e+01
1.596961692170591895e+01
1.596961748931655833e+01
1.596962584026643484e+01
1.596962623825361405e+01
1.596963236975038036e+01
1.596963244932030079e+01
1.597136782527065968e+01
1.597136846932007082e+01
1.597137426688873063e+01
1.597137477336449685e+01
1.597349149145802549e+01
1.597349352351216289e+01
1.597349790064208008e+01
1.597349986517626697e+01
1.597599575233344460e+01
1.597599664550877563e+01
1.597600217398287015e+01
1.597600298110100958e+01
1.597887559509171673e+01
1.597887599059994024e+01
1.597888180527364810e+01
1.597888254481310533e+01
1.598212701123917334e+01
1.598212770318064102e+01
1.598213323805498653e+01
1.598213424900327162e+01
1.598574610362141968e+01
1.598574682851635664e+01
1.598575271803692388e+01
1.598575299582238607e+01
1.598972748855451265e+01
1.598972893264385142e+01
1.598973403318963094e+01
1.598973517984807557e+01
1.599406664926443966e+01
1.599406777365374666e+01
1.599407290185860298e+01
1.599407432336892931e+01
1.599875753413251545e+01
1.599875772932239748e+01
1.599876359696820849e+01
1.599876448095581161e+01
1.600379289782803127e+01
1.600379348367576071e+01
1.600379885789048018e+01
1.600380035082655894e+01
1.600663397802196997e+01
1.600663458331763067e+01
1.600916683101474547e+01
1.600916753003472337e+01
1.600917311979895530e+01
1.600917408118313290e+01
1.601487164070217517e+01
1.601487331664813496e+01
1.601487815342619214e+01
1.601487965794070689e+01
1.602090109324152678e+01
1.602090204281133978e+01
1.602090670886303769e+01
1.602090929663241425e+01
1.602724587613898422e+01
1.602724722708541805e+01
1.602725281708937644e+01
1.602725317255462301e+01
1.603389867794792067e+01
1.603389966502935238e+01
1.603390486895267131e+01
1.603390637616209347e+01
1.604084986170072469e+01
1.604085179146252571e+01
1.604085601201174427e+01
1.604085856059522186e+01
1.604266328228241534e+01
1.604266479852203275e+01
1.604809228968082024e+01
1.604809289259561922e+01
1.604809852158258821e+01
1.604809959888802240e+01
1.605561484633638969e+01
1.605561562142962728e+01
1.605562140950409500e+01
1.605562201496800867e+01
1.606340882215318544e+01
1.606340965287478184e+01
1.606341545178349506e+01
1.606341599865181280e+01
1.607146452928168756e+01
1.607146510517902271e+01
1.607147078439032128e+01
1.607147184518322192e+01
1.607770407329836004e+01
1.607770435544242105e+01
1.607977163519738184e+01
1.607977224691378026e+01
1.607977779234622773e+01
1.607977910522484066e+01
1.608831993856248488e+01
1.608832075880792445e+01
1.608832591012046009e+01
1.608832782396044081e+01
1.609709919046790105e+01
1.609709995220866574e+01
1.609710595992558879e+01
1.609710624070238083e+01
1.610609821082404736e+01
1.610609969069273006e+01
1.610610435734298918e+01
1.610610662404270244e+01
1.611175241644724210e+01
1.611175286383704375e+01
1.611530593562137170e+01
1.611530938230764676e+01
1.611531222073445591e+01
1.611531619914070390e+01
1.612471364377429950e+01
1.612471578791380722e+01
1.612471891597522955e+01
1.612472364093544641e+01
1.613430827835404813e+01
1.613430974118730532e+01
1.613431488524331314e+01
1.613431628339466073e+01
1.614407899463911278e+01
1.614407963190690865e+01
1.614408422103341678e+01
1.614408757769961156e+01
1.614480685132149773e+01
1.614480758320017983e+01
1.615401385430382319e+01
1.615401475522364549e+01
1.615402018723682076e+01
1.615402161954040139e+01
1.616410201751080322e+01
1.616410314612195620e+01
1.616410906887572452e+01
1.616410931557317099e+01
1.617433151935939861e+01
1.617433384469358870e+01
1.617433658863329882e+01
1.617434202117985365e+01
1.617686577276473159e+01
1.617686604060558508e+01
1.618469257945861983e+01
1.618469361424104136e+01
1.618469874504540584e+01
1.618470071950664746e+01
1.619517148196493750e+01
1.619517309597220844e+01
1.619517831355432591e+01
1.619517956028833439e+01
1.620575810920627902e+01
1.620575930749311411e+01
1.620576453588758881e+01
1.620576620150973568e+01
1.620792636139377052e+01
1.620792710032249673e+01
1.621644055833719378e+01
1.621644105382353729e+01
1.621644685471257930e+01
1.621644810402028369e+01
1.622720677541451195e+01
1.622720732404289379e+01
1.622721340028562764e+01
1.622721407117930070e+01
1.623798755630402013e+01
1.623798799046030794e+01
1.623804536235039464e+01
1.623804651316223513e+01
1.623805201803093112e+01
1.623805325411946754e+01
1.624894528083629908e+01
1.624894673884118390e+01
1.624895213026100649e+01
1.624895331281729227e+01
1.625989552548091410e+01
1.625989620413094272e+01
1.625990222487102699e+01
1.625990295382780459e+01
1.626704708615125838e+01
1.626704727615959456e+01
1.627088363341760768e+01
1.627088470319898050e+01
1.627089046682754869e+01
1.627089134475389187e+01
1.628189909704887128e+01
1.628190023576152257e+01
1.628190598855425009e+01
1.628190684509280217e+01
1.629293112147437128e+01
1.629293127081325210e+01
1.629293775557692570e+01
1.629293816312154419e+01
1.629510306949013554e+01
1.629510325134985393e+01
1.630396754544515048e+01
1.630396784706405455e+01
1.630397420863138080e+01
1.630397473625516724e+01
1.631499800386125187e+01
1.631499842951968660e+01
1.631500484372482163e+01
1.631500516777637344e+01
1.632215383300114553e+01
1.632215412892843176e+01
1.632601136549746101e+01
1.632601249110981101e+01
1.632601797029569113e+01
1.632601948970847872e+01
1.633699724937514475e+01
1.633699901333202931e+01
1.633700277091518416e+01
1.633700712106780273e+01
1.634794561292764925e+01
1.634794691477229023e+01
1.634795226420570913e+01
1.634795391850951418e+01
1.634819789494907027e+01
1.634819805339971310e+01
1.635884567627359232e+01
1.635884614228726619e+01
1.635885256067958338e+01
1.635885293771772098e+01
1.636968667768548968e+01
1.636968693001548303e+01
1.636969340654549043e+01
1.636969390602049401e+01
1.637323343670312426e+01
1.637323363032323087e+01
1.638045874061338125e+01
1.638045894596241681e+01
1.638046549213392566e+01
1.638046592421403957e+01
1.639115151281770721e+01
1.639115266506618696e+01
1.639115852971787035e+01
1.639115940218863088e+01
1.639725895850412130e+01
1.639725927080633028e+01
1.640175624898861173e+01
1.640175729874259147e+01
1.640176323670002034e+01
1.640176408931195340e+01
1.641226301257159292e+01
1.641226360310678345e+01
1.641226988532375231e+01
1.641227053265177815e+01
1.642027313038829206e+01
1.642027334083906709e+01
1.642266149426560773e+01
1.642266307133520442e+01
1.642266853377353186e+01
1.642266985762683618e+01
1.643294381238739632e+01
1.643294514195960332e+01
1.643295069928993257e+01
1.643295210441851850e+01
1.644227430002393220e+01
1.644227465342407868e+01
1.644310055102110368e+01
1.644310116937093369e+01
1.644310743111032025e+01
1.644310816133349107e+01
1.645312226056793037e+01
1.645312292944120358e+01
1.645312887671916613e+01
1.645313020788396230e+01
1.646300046034424014e+01
1.646300162708298842e+01
1.646300717880064468e+01
1.646300882633871510e+01
1.646326140797110682e+01
1.646326155424777227e+01
1.647272700707426907e+01
1.647272853256337299e+01
1.647273417697123676e+01
1.647273530137396946e+01
1.648229409572013537e+01
1.648229498382192659e+01
1.648230056602903559e+01
1.648230247368728740e+01
1.648323289401506386e+01
1.648323301308750999e+01
1.649169229537798742e+01
1.649169436095825603e+01
1.649169764714182662e+01
1.649170299069912815e+01
1.650091575577239666e+01
1.650091687992751943e+01
1.650092321701238163e+01
1.650092342121448041e+01
1.650218746706667616e+01
1.650218785829130042e+01
1.650995548507158617e+01
1.650995632059132134e+01
1.650996221531268660e+01
1.650996361218151876e+01
1.651880427106132743e+01
1.651880511185790823e+01
1.651881000562072899e+01
1.651881342004875464e+01
1.652012420546384774e+01
1.652012467272568941e+01
1.652745470038764353e+01
1.652745630828232493e+01
1.652746176311890025e+01
1.652746330685111786e+01
1.653590004023869753e+01
1.653590272275125983e+01
1.653590591705462742e+01
1.653591092665341122e+01
1.653704212005804663e+01
1.653704223264852757e+01
1.654413360139564304e+01
1.654413755239941963e+01
1.654414041316523409e+01
1.654414483997635088e+01
1.655215067108868254e+01
1.655215245929412760e+01
1.655215738118827673e+01
1.655215986590827981e+01
1.655293966923550286e+01
1.655293999254924842e+01
1.655994265310429370e+01
1.655994342541592701e+01
1.655994995425815475e+01
1.655995025789043495e+01
1.656750339090744006e+01
1.656750443446491161e+01
1.656750997482834009e+01
1.656751200077949093e+01
1.656781628228806369e+01
1.656781656196969266e+01
1.657482792675456551e+01
1.657482871357753496e+01
1.657483469936001086e+01
1.657483610718585254e+01
1.658167094208993575e+01
1.658167112175873115e+01
1.658191028072761952e+01
1.658191095292017536e+01
1.658191714895786006e+01
1.658191826618260478e+01
1.658874499400559088e+01
1.658874576549783697e+01
1.658875225287589572e+01
1.658875270284699255e+01
1.659450267941851465e+01
1.659450293293368262e+01
1.659532700921028336e+01
1.659532780775562344e+01
1.659533419665457643e+01
1.659533483007460575e+01
1.660165145969138223e+01
1.660165198837948708e+01
1.660165831532470548e+01
1.660165935598357478e+01
1.660631091817394633e+01
1.660631098788821802e+01
1.660771243456516899e+01
1.660771470667645033e+01
1.660771928011455500e+01
1.660772209825929835e+01
1.661350782072202037e+01
1.661350900784406903e+01
1.661351471528476509e+01
1.661351636275986365e+01
1.661709464575968198e+01
1.661709484237343659e+01
1.661903128204483693e+01
1.661903260506542068e+01
1.661903897704991451e+01
1.661903917005846409e+01
1.662427946620506347e+01
1.662428067332228210e+01
1.662428585473049125e+01
1.662428855708404996e+01
1.662685343616630007e+01
1.662685359144239072e+01
1.662924798977398666e+01
1.662924986343691813e+01
1.662925520868381923e+01
1.662925692737115568e+01
1.663393453640221153e+01
1.663393520255080915e+01
1.663394154431410854e+01
1.663394248657683505e+01
1.663558660695251135e+01
1.663558671316311788e+01
1.663833411708769106e+01
1.663833483700672033e+01
1.663834084798159196e+01
1.663834240559333821e+01
1.664244440987776130e+01
1.664244468645708253e+01
1.664245124658453889e+01
1.664245215689692614e+01
1.664329359102307038e+01
1.664329369614780418e+01
1.664626147764544228e+01
1.664626273371727194e+01
1.664626849868828984e+01
1.664627002677965351e+01
1.664978359249133533e+01
1.664978519236719023e+01
1.664979088478230196e+01
1.664979221893348438e+01
1.664997395430723515e+01
1.664997402165864671e+01
1.665300851228450796e+01
1.665300923433949620e+01
1.665301590076551008e+01
1.665301616870884516e+01
1.665562722610254198e+01
1.665562733206279944e+01
1.665593283724214402e+01
1.665593363168492402e+01
1.665593985231192775e+01
1.665594094150136328e+01
1.665855514473016541e+01
1.665855562132166767e+01
1.665856215119881156e+01
1.665856293951680200e+01
1.666025312437637851e+01
1.666025320201470805e+01
1.666087295182439476e+01
1.666087394319785986e+01
1.666088015465297190e+01
1.666088106116814060e+01
1.666288463680385235e+01
1.666288691932304289e+01
1.666289182026455862e+01
1.666289404759901061e+01
1.666385131158485677e+01
1.666385136913674359e+01
1.666459060109496804e+01
1.666459129208795176e+01
1.666459780568119697e+01
1.666459838021211226e+01
1.666598754012024841e+01
1.666598794759685020e+01
1.666599480865269456e+01
1.666599493366699747e+01
1.666642152656806530e+01
1.666642153217826561e+01
1.666707382551834726e+01
1.666707657024250366e+01
1.666708099699449264e+01
1.666708356587040285e+01
1.666785196430522831e+01
1.666785323372431549e+01
1.666785893881538527e+01
1.666786017198280945e+01
1.666796307503092223e+01
1.666796310013796756e+01
1.666831913481553684e+01
1.666832061192852876e+01
1.666832542219203361e+01
1.666832684744539250e+01
1.666845808577052068e+01
1.666848172352020185e+01
1.666849455907444266e+01
