10 3 3 5.111932e+48
10 3 4 -1.312391e+49
10 3 5 4.609369e+48
10 3 6 -2.482368e+48
10 3 7 8.112002e+47
10 3 8 -6.589091e+48
10 3 15 3.530899e+49
10 3 16 -1.669484e+49
10 3 17 1.703108e+49
10 3 18 -4.604844e+49
10 3 19 2.500346e+48
10 3 20 6.356175e+48
10 3 21 -1.133663e+48
10 3 22 -8.557837e+48
10 3 23 2.444314e+49
10 4 4 -7.702916e+47
10 4 5 -6.327136e+48
10 4 6 1.406746e+47
10 4 7 -2.227055e+48
10 4 8 -2.485150e+48
10 4 15 6.775014e+48
10 4 16 6.038794e+49
10 4 17 -6.799500e+48
10 4 18 -3.817376e+49
10 4 19 3.237535e+49
10 4 20 2.304212e+49
10 4 21 -5.606987e+49
10 4 22 9.024586e+48
10 4 23 7.875677e+48
10 5 5 5.659320e+47
10 5 6 -5.528360e+48
10 5 7 -9.254300e+47
10 5 8 1.065945e+48
10 5 15 3.380595e+49
10 5 16 4.102241e+49
10 5 17 1.511701e+48
10 5 18 6.351782e+48
10 5 19 -2.785500e+49
10 5 20 1.599508e+49
10 5 21 1.117662e+49
10 5 22 1.598129e+49
10 5 23 -4.970899e+49
10 6 6 -1.694622e+49
10 6 7 5.040844e+48
10 6 8 4.496038e+48
10 6 15 -5.391192e+48
10 6 16 1.431504e+49
10 6 17 2.510509e+49
10 6 18 1.389445e+49
10 6 19 -3.716647e+49
10 6 20 5.364774e+48
10 6 21 1.548417e+48
10 6 22 -2.088668e+49
10 6 23 -1.259208e+49
10 7 7 7.352303e+48
10 7 8 5.060256e+48
10 7 15 1.035406e+49
10 7 16 -7.003851e+48
10 7 17 -3.514080e+49
10 7 18 4.784584e+48
10 7 19 -2.506891e+49
10 7 20 1.053599e+49
10 7 21 6.774468e+48
10 7 22 -5.338750e+49
10 7 23 2.302697e+49
10 8 8 4.686347e+48
10 8 15 1.470454e+49
10 8 16 1.892138e+49
10 8 17 -4.899100e+49
10 8 18 8.808677e+48
10 8 19 -3.701347e+49
10 8 20 -1.126459e+49
10 8 21 -1.028586e+49
10 8 22 -1.182641e+49
10 8 23 -6.848925e+49
10 9 9 3.952063e+49
10 9 10 2.486125e+50
10 9 11 3.986762e+49
10 9 12 -6.311616e+49
10 9 13 -8.900727e+49
10 9 14 2.341168e+49
10 9 15 4.189086e+49
10 9 16 9.365159e+48
10 9 17 6.000429e+49
10 9 18 9.910561e+49
10 9 19 9.011204e+49
10 9 20 -8.195254e+49
10 9 21 -2.763394e+49
10 9 22 -1.789163e+49
10 9 23 3.260041e+49
10 10 10 -1.438258e+50
10 10 11 -8.094768e+49
10 10 12 -1.240015e+50
10 10 13 3.478447e+49
10 10 14 -2.484964e+48
10 10 15 1.386938e+50
10 10 16 3.268832e+49
10 10 17 5.205559e+48
10 10 18 1.229836e+50
10 10 19 -5.983296e+49
10 10 20 -1.610017e+50
10 10 21 4.563845e+49
10 10 22 -2.670688e+49
10 10 23 -4.908693e+49
10 11 11 1.005309e+50
10 11 12 -6.171801e+49
10 11 13 -6.919285e+49
10 11 14 1.020245e+49
10 11 15 -5.554807e+48
10 11 16 -1.432654e+50
10 11 17 7.495283e+48
10 11 18 -1.199201e+50
10 11 19 1.531347e+50
10 11 20 -2.046200e+49
10 11 21 2.832831e+49
10 11 22 7.673646e+49
10 11 23 9.397427e+49
10 12 12 9.100538e+49
10 12 13 7.917293e+48
10 12 14 1.834263e+49
10 12 15 1.311722e+50
10 12 16 -1.271629e+49
10 12 17 -4.446620e+49
10 12 18 7.085598e+49
10 12 19 7.256249e+49
10 12 20 -5.946488e+49
10 12 21 -3.037872e+49
10 12 22 6.541505e+49
10 12 23 -1.012532e+49
10 13 13 -8.836196e+49
10 13 14 -4.616177e+49
10 13 15 1.195159e+50
10 13 16 -8.632256e+49
10 13 17 2.780692e+49
10 13 18 1.566122e+48
10 13 19 -3.721487e+49
10 13 20 -1.574236e+50
10 13 21 1.087099e+50
10 13 22 1.558456e+48
10 13 23 5.219452e+48
10 14 14 1.130785e+48
10 14 15 3.954435e+49
10 14 16 -1.340334e+50
10 14 17 1.164192e+50
10 14 18 -5.706670e+49
10 14 19 -1.672438e+50
10 14 20 1.401809e+50
10 14 21 5.381495e+49
10 14 22 -3.033347e+49
10 14 23 1.367762e+49
10 15 15 -1.678873e+50
10 15 16 5.292069e+49
10 15 17 -6.063908e+49
10 15 18 1.457850e+50
10 15 19 1.212367e+50
10 15 20 1.249947e+50
10 15 21 -4.676792e+50
10 15 22 -1.987318e+50
10 15 23 7.891723e+49
10 16 16 2.598227e+50
10 16 17 1.213987e+50
10 16 18 -1.596063e+50
10 16 19 2.596346e+49
10 16 20 -1.035966e+50
10 16 21 1.029755e+50
10 16 22 -1.911733e+50
10 16 23 4.484023e+49
10 17 17 3.119293e+50
10 17 18 1.722925e+50
10 17 19 -7.610907e+49
10 17 20 -3.810968e+49
10 17 21 -4.367142e+49
10 17 22 -2.918471e+50
10 17 23 -2.581737e+50
10 18 18 -1.272293e+50
10 18 19 -2.177940e+49
10 18 20 -6.405987e+49
10 18 21 2.154534e+50
10 18 22 -1.536217e+50
10 18 23 1.301880e+50
10 19 19 -2.235219e+50
10 19 20 9.385864e+49
10 19 21 7.999416e+49
10 19 22 -2.735093e+50
10 19 23 5.674854e+49
10 20 20 -5.311348e+49
10 20 21 1.020905e+50
10 20 22 3.891423e+50
10 20 23 -2.308792e+50
