10 3 3 5.111932228893935e+48
10 3 4 -1.312390981446433e+49
10 3 5 4.609368682413659e+48
10 3 6 -2.482368331433398e+48
10 3 7 8.112001690898174e+47
10 3 8 -6.589091291061179e+48
10 3 15 3.530898859734881e+49
10 3 16 -1.669483846317192e+49
10 3 17 1.703107903553881e+49
10 3 18 -4.604843667041026e+49
10 3 19 2.500345828025695e+48
10 3 20 6.356174612441381e+48
10 3 21 -1.133662734968882e+48
10 3 22 -8.557837303551461e+48
10 3 23 2.444313812940021e+49
10 4 3 -1.312390981446434e+49
10 4 4 -7.702916241741989e+47
10 4 5 -6.327135598426082e+48
10 4 6 1.406745515206598e+47
10 4 7 -2.227055084822959e+48
10 4 8 -2.485150176997479e+48
10 4 15 6.775013793518903e+48
10 4 16 6.038793554832705e+49
10 4 17 -6.799500093899982e+48
10 4 18 -3.817376329177511e+49
10 4 19 3.237534934657884e+49
10 4 20 2.304212138688364e+49
10 4 21 -5.606987255457072e+49
10 4 22 9.024585895286417e+48
10 4 23 7.875677351432087e+48
10 5 3 4.609368682413648e+48
10 5 4 -6.327135598426076e+48
10 5 5 5.659319519625309e+47
10 5 6 -5.528359604724533e+48
10 5 7 -9.254300042208243e+47
10 5 8 1.065945380556958e+48
10 5 15 3.380594756800436e+49
10 5 16 4.102240858560777e+49
10 5 17 1.511701245429472e+48
10 5 18 6.351782128082126e+48
10 5 19 -2.785500455645082e+49
10 5 20 1.599507546291983e+49
10 5 21 1.117661542690209e+49
10 5 22 1.598128827807376e+49
10 5 23 -4.970899377826413e+49
10 6 3 -2.482368331433393e+48
10 6 4 1.406745515206438e+47
10 6 5 -5.528359604724545e+48
10 6 6 -1.694622211486482e+49
10 6 7 5.040844260986069e+48
10 6 8 4.496038098851699e+48
10 6 15 -5.391192416327548e+48
10 6 16 1.431503810447810e+49
10 6 17 2.510509389176565e+49
10 6 18 1.389444941343999e+49
10 6 19 -3.716647297067549e+49
10 6 20 5.364773571368810e+48
10 6 21 1.548416920091541e+48
10 6 22 -2.088668054176337e+49
10 6 23 -1.259207558438091e+49
10 7 3 8.112001690898064e+47
10 7 4 -2.227055084822982e+48
10 7 5 -9.254300042208300e+47
10 7 6 5.040844260986068e+48
10 7 7 7.352302740310584e+48
10 7 8 5.060255516558346e+48
10 7 15 1.035405531382352e+49
10 7 16 -7.003851411554672e+48
10 7 17 -3.514080212110107e+49
10 7 18 4.784584017414526e+48
10 7 19 -2.506891281333371e+49
10 7 20 1.053599030803255e+49
10 7 21 6.774467752325757e+48
10 7 22 -5.338750188177223e+49
10 7 23 2.302696843477541e+49
10 8 3 -6.589091291061181e+48
10 8 4 -2.485150176997491e+48
10 8 5 1.065945380557000e+48
10 8 6 4.496038098851703e+48
10 8 7 5.060255516558356e+48
10 8 8 4.686346917775099e+48
10 8 15 1.470454139734609e+49
10 8 16 1.892138340952928e+49
10 8 17 -4.899100119288135e+49
10 8 18 8.808676576128339e+48
10 8 19 -3.701346590614637e+49
10 8 20 -1.126458592093461e+49
10 8 21 -1.028586308300688e+49
10 8 22 -1.182640750016599e+49
10 8 23 -6.848924547680351e+49
10 9 9 3.952062639417957e+49
10 9 10 2.486125419955995e+50
10 9 11 3.986762454898212e+49
10 9 12 -6.311615575928712e+49
10 9 13 -8.900726910199068e+49
10 9 14 2.341168275006839e+49
10 9 15 4.189086199716142e+49
10 9 16 9.365158609167081e+48
10 9 17 6.000429307239226e+49
10 9 18 9.910560723120556e+49
10 9 19 9.011203659185920e+49
10 9 20 -8.195253840180366e+49
10 9 21 -2.763393570024630e+49
10 9 22 -1.789162925594658e+49
10 9 23 3.260040939683150e+49
10 10 9 2.486125419955996e+50
10 10 10 -1.438257622621249e+50
10 10 11 -8.094768468318057e+49
10 10 12 -1.240014534729313e+50
10 10 13 3.478446946626306e+49
10 10 14 -2.484964340615133e+48
10 10 15 1.386937698785476e+50
10 10 16 3.268832033699377e+49
10 10 17 5.205559176324932e+48
10 10 18 1.229836073068505e+50
10 10 19 -5.983295859484785e+49
10 10 20 -1.610017410457612e+50
10 10 21 4.563845461798861e+49
10 10 22 -2.670688043031076e+49
10 10 23 -4.908692781926491e+49
10 11 9 3.986762454898204e+49
10 11 10 -8.094768468318036e+49
10 11 11 1.005309308478641e+50
10 11 12 -6.171801166662659e+49
10 11 13 -6.919285391567704e+49
10 11 14 1.020245337120228e+49
10 11 15 -5.554806903714464e+48
10 11 16 -1.432653615648291e+50
10 11 17 7.495282781239378e+48
10 11 18 -1.199200630178873e+50
10 11 19 1.531346927352705e+50
10 11 20 -2.046200417742913e+49
10 11 21 2.832831357300596e+49
10 11 22 7.673646056508653e+49
10 11 23 9.397427073362398e+49
10 12 9 -6.311615575928718e+49
10 12 10 -1.240014534729312e+50
10 12 11 -6.171801166662670e+49
10 12 12 9.100537984885416e+49
10 12 13 7.917292595664360e+48
10 12 14 1.834263342485476e+49
10 12 15 1.311722411484626e+50
10 12 16 -1.271628955976348e+49
10 12 17 -4.446619703577499e+49
10 12 18 7.085597763159871e+49
10 12 19 7.256248643422618e+49
10 12 20 -5.946488409467035e+49
10 12 21 -3.037872325225214e+49
10 12 22 6.541504935437362e+49
10 12 23 -1.012532477397035e+49
10 13 9 -8.900726910199059e+49
10 13 10 3.478446946626299e+49
10 13 11 -6.919285391567710e+49
10 13 12 7.917292595664305e+48
10 13 13 -8.836195963618192e+49
10 13 14 -4.616177373421563e+49
10 13 15 1.195158661706166e+50
10 13 16 -8.632256258250952e+49
10 13 17 2.780692397609943e+49
10 13 18 1.566121705497825e+48
10 13 19 -3.721487491544955e+49
10 13 20 -1.574235708781781e+50
10 13 21 1.087098953362296e+50
10 13 22 1.558456305610390e+48
10 13 23 5.219451636357891e+48
10 14 9 2.341168275006836e+49
10 14 10 -2.484964340615167e+48
10 14 11 1.020245337120224e+49
10 14 12 1.834263342485480e+49
10 14 13 -4.616177373421569e+49
10 14 14 1.130784805816977e+48
10 14 15 3.954434949706313e+49
10 14 16 -1.340333633231233e+50
10 14 17 1.164191677575225e+50
10 14 18 -5.706669906091601e+49
10 14 19 -1.672438087456396e+50
10 14 20 1.401809486868966e+50
10 14 21 5.381494679702542e+49
10 14 22 -3.033347027411896e+49
10 14 23 1.367761714973768e+49
10 15 3 3.530898859734876e+49
10 15 4 6.775013793518877e+48
10 15 5 3.380594756800434e+49
10 15 6 -5.391192416327543e+48
10 15 7 1.035405531382353e+49
10 15 8 1.470454139734614e+49
10 15 9 4.189086199716132e+49
10 15 10 1.386937698785475e+50
10 15 11 -5.554806903714398e+48
10 15 12 1.311722411484628e+50
10 15 13 1.195158661706165e+50
10 15 14 3.954434949706312e+49
10 15 15 -1.678873206827984e+50
10 15 16 5.292068807867338e+49
10 15 17 -6.063908074208754e+49
10 15 18 1.457849770600914e+50
10 15 19 1.212366663344774e+50
10 15 20 1.249946513530970e+50
10 15 21 -4.676792304794641e+50
10 15 22 -1.987317561600694e+50
10 15 23 7.891723071927809e+49
10 16 3 -1.669483846317194e+49
10 16 4 6.038793554832706e+49
10 16 5 4.102240858560763e+49
10 16 6 1.431503810447811e+49
10 16 7 -7.003851411554685e+48
10 16 8 1.892138340952929e+49
10 16 9 9.365158609167125e+48
10 16 10 3.268832033699383e+49
10 16 11 -1.432653615648292e+50
10 16 12 -1.271628955976350e+49
10 16 13 -8.632256258250960e+49
10 16 14 -1.340333633231232e+50
10 16 15 5.292068807867332e+49
10 16 16 2.598226804570122e+50
10 16 17 1.213987243353285e+50
10 16 18 -1.596063194892400e+50
10 16 19 2.596346137412283e+49
10 16 20 -1.035966339398880e+50
10 16 21 1.029754568633022e+50
10 16 22 -1.911732697738089e+50
10 16 23 4.484022810221885e+49
10 17 3 1.703107903553882e+49
10 17 4 -6.799500093899994e+48
10 17 5 1.511701245429495e+48
10 17 6 2.510509389176565e+49
10 17 7 -3.514080212110109e+49
10 17 8 -4.899100119288140e+49
10 17 9 6.000429307239217e+49
10 17 10 5.205559176324903e+48
10 17 11 7.495282781239350e+48
10 17 12 -4.446619703577501e+49
10 17 13 2.780692397609946e+49
10 17 14 1.164191677575225e+50
10 17 15 -6.063908074208771e+49
10 17 16 1.213987243353286e+50
10 17 17 3.119293338555742e+50
10 17 18 1.722925151456044e+50
10 17 19 -7.610906620453652e+49
10 17 20 -3.810967750993493e+49
10 17 21 -4.367141582476990e+49
10 17 22 -2.918470534284615e+50
10 17 23 -2.581737493427838e+50
10 18 3 -4.604843667041032e+49
10 18 4 -3.817376329177508e+49
10 18 5 6.351782128082153e+48
10 18 6 1.389444941343995e+49
10 18 7 4.784584017414482e+48
10 18 8 8.808676576128376e+48
10 18 9 9.910560723120562e+49
10 18 10 1.229836073068505e+50
10 18 11 -1.199200630178872e+50
10 18 12 7.085597763159878e+49
10 18 13 1.566121705497940e+48
10 18 14 -5.706669906091618e+49
10 18 15 1.457849770600913e+50
10 18 16 -1.596063194892401e+50
10 18 17 1.722925151456044e+50
10 18 18 -1.272293165255173e+50
10 18 19 -2.177940400107760e+49
10 18 20 -6.405987340725913e+49
10 18 21 2.154534131552770e+50
10 18 22 -1.536217365707668e+50
10 18 23 1.301880429703625e+50
10 19 3 2.500345828025715e+48
10 19 4 3.237534934657880e+49
10 19 5 -2.785500455645085e+49
10 19 6 -3.716647297067549e+49
10 19 7 -2.506891281333360e+49
10 19 8 -3.701346590614634e+49
10 19 9 9.011203659185916e+49
10 19 10 -5.983295859484787e+49
10 19 11 1.531346927352702e+50
10 19 12 7.256248643422610e+49
10 19 13 -3.721487491544952e+49
10 19 14 -1.672438087456396e+50
10 19 15 1.212366663344774e+50
10 19 16 2.596346137412277e+49
10 19 17 -7.610906620453655e+49
10 19 18 -2.177940400107774e+49
10 19 19 -2.235218952655681e+50
10 19 20 9.385863848295799e+49
10 19 21 7.999415699442915e+49
10 19 22 -2.735092805676266e+50
10 19 23 5.674854035562770e+49
10 20 3 6.356174612441362e+48
10 20 4 2.304212138688363e+49
10 20 5 1.599507546291982e+49
10 20 6 5.364773571368843e+48
10 20 7 1.053599030803250e+49
10 20 8 -1.126458592093462e+49
10 20 9 -8.195253840180360e+49
10 20 10 -1.610017410457613e+50
10 20 11 -2.046200417742915e+49
10 20 12 -5.946488409467047e+49
10 20 13 -1.574235708781782e+50
10 20 14 1.401809486868965e+50
10 20 15 1.249946513530972e+50
10 20 16 -1.035966339398881e+50
10 20 17 -3.810967750993485e+49
10 20 18 -6.405987340725909e+49
10 20 19 9.385863848295810e+49
10 20 20 -5.311348194179470e+49
10 20 21 1.020905034426319e+50
10 20 22 3.891423198235910e+50
10 20 23 -2.308791958314486e+50
10 21 3 -1.133662734968837e+48
10 21 4 -5.606987255457078e+49
10 21 5 1.117661542690218e+49
10 21 6 1.548416920091535e+48
10 21 7 6.774467752325769e+48
10 21 8 -1.028586308300687e+49
10 21 9 -2.763393570024611e+49
10 21 10 4.563845461798870e+49
10 21 11 2.832831357300600e+49
10 21 12 -3.037872325225244e+49
10 21 13 1.087098953362296e+50
10 21 14 5.381494679702537e+49
10 21 15 -4.676792304794642e+50
10 21 16 1.029754568633023e+50
10 21 17 -4.367141582476992e+49
10 21 18 2.154534131552766e+50
10 21 19 7.999415699442929e+49
10 21 20 1.020905034426320e+50
10 22 3 -8.557837303551504e+48
10 22 4 9.024585895286424e+48
10 22 5 1.598128827807382e+49
10 22 6 -2.088668054176327e+49
10 22 7 -5.338750188177220e+49
10 22 8 -1.182640750016599e+49
10 22 9 -1.789162925594674e+49
10 22 10 -2.670688043031083e+49
10 22 11 7.673646056508663e+49
10 22 12 6.541504935437371e+49
10 22 13 1.558456305610269e+48
10 22 14 -3.033347027411892e+49
10 22 15 -1.987317561600695e+50
10 22 16 -1.911732697738090e+50
10 22 17 -2.918470534284611e+50
10 22 18 -1.536217365707669e+50
10 22 19 -2.735092805676267e+50
10 22 20 3.891423198235916e+50
10 23 3 2.444313812940023e+49
10 23 4 7.875677351432066e+48
10 23 5 -4.970899377826394e+49
10 23 6 -1.259207558438096e+49
10 23 7 2.302696843477550e+49
10 23 8 -6.848924547680350e+49
10 23 9 3.260040939683156e+49
10 23 10 -4.908692781926478e+49
10 23 11 9.397427073362398e+49
10 23 12 -1.012532477397030e+49
10 23 13 5.219451636357884e+48
10 23 14 1.367761714973763e+49
10 23 15 7.891723071927810e+49
10 23 16 4.484022810221886e+49
10 23 17 -2.581737493427839e+50
10 23 18 1.301880429703624e+50
10 23 19 5.674854035562773e+49
10 23 20 -2.308791958314489e+50
