0	0	0
2.7155	2.7155	0
2.7155	0	2.7155
0	2.7155	2.7155
0	0	5.431
2.7155	2.7155	5.431
2.7155	0	8.1465
0	2.7155	8.1465
1.35775	1.35775	1.35775
4.07325	4.07325	1.35775
4.07325	1.35775	4.07325
1.35775	4.07325	4.07325
1.35775	1.35775	6.78875
4.07325	4.07325	6.78875
4.07325	1.35775	9.50425
1.35775	4.07325	9.50425
0	0	10.862
2.7155	2.7155	10.862
2.7155	0	13.5775
0	2.7155	13.5775
0	0	16.293
2.7155	2.7155	16.293
2.7155	0	19.0085
0	2.7155	19.0085
1.35775	1.35775	12.21975
4.07325	4.07325	12.21975
4.07325	1.35775	14.93525
1.35775	4.07325	14.93525
1.35775	1.35775	17.65075
4.07325	4.07325	17.65075
4.07325	1.35775	20.36625
1.35775	4.07325	20.36625
