0.000000000000000000e+00
0.000000000000000000e+00
1.720551714887754647e-07
1.276751899834207560e+00
1.291742823130034967e+00
1.406582614260938779e+00
1.428991398387345457e+00
2.357415997730965884e+00
2.368418730867562605e+00
2.468057092957568699e+00
2.490484637837825588e+00
2.607862888431065951e+00
2.625215262869155186e+00
2.976114837733972784e+00
2.976114837733986107e+00
2.976114837733988772e+00
2.976114837733994101e+00
2.976114837733998542e+00
2.976114837733999874e+00
3.041522873461763421e+00
3.120943811177018912e+00
3.210320489403626354e+00
3.210320489403630351e+00
3.681838267953722710e+00
3.937224298277995249e+00
3.968523753706096446e+00
3.968523753706108437e+00
4.470684166251789549e+00
4.562063317482667912e+00
4.672238327936152125e+00
4.786262602451773596e+00
4.786262602451774484e+00
4.786262602451778037e+00
4.786262602451785142e+00
4.786262602451788695e+00
4.786262602451788695e+00
5.069490661504990392e+00
6.875895084936571422e+00
7.136900095342847195e+00
7.328821080163402613e+00
7.328821080163403501e+00
7.328821080163404389e+00
7.328821080163405277e+00
7.328821080163407942e+00
7.328821080163408830e+00
8.457905148844712784e+00
8.457905148844716336e+00
8.708736678788259411e+00
8.937666260490747305e+00
9.331671853890888713e+00
9.331671853890888713e+00
9.844052938211003578e+00
9.928039953722711530e+00
9.928039953722713307e+00
9.928039953722713307e+00
9.928039953722715083e+00
9.928039953722715083e+00
9.928039953722720412e+00
9.973739348747841404e+00
9.996985026759153570e+00
1.008878819010730510e+01
1.014134832900619898e+01
1.015568219781204107e+01
1.022301894231093300e+01
1.030501836473412069e+01
1.032622339833979552e+01
1.126788001458893262e+01
1.178639406359546271e+01
1.178639406359546449e+01
1.178639406359546804e+01
1.178639406359546804e+01
1.178639406359546804e+01
1.178639406359546804e+01
1.282575552242107975e+01
1.282575552242107975e+01
1.305692350686278758e+01
1.363842238494530079e+01
1.363911362735536947e+01
1.458225399425493585e+01
1.512350845859965531e+01
1.512350845859966597e+01
1.572514054078048673e+01
1.596652311384944056e+01
1.596652311384944234e+01
1.596652311384944412e+01
1.596652311384944944e+01
1.596652311384944944e+01
1.596652311384945122e+01
1.603959528888232100e+01
1.608748041556613728e+01
1.622417263293226952e+01
1.634943224530596595e+01
1.643030119613198892e+01
1.644033629447404721e+01
1.658001754961638952e+01
1.660673139780491780e+01
