1152
1    1    9    1    -8.211791e-02
1    1    9    2    -6.857634e-02
1    1    9    3    -6.857634e-02
1    1    10    1    -8.211791e-02
1    1    10    2    -6.857634e-02
1    1    10    3    6.857634e-02
1    1    31    1    -8.211791e-02
1    1    31    2    6.857634e-02
1    1    31    3    -6.857634e-02
1    1    32    1    -8.211791e-02
1    1    32    2    6.857634e-02
1    1    32    3    6.857634e-02
1    2    9    1    -6.857634e-02
1    2    9    2    -8.211791e-02
1    2    9    3    -6.857634e-02
1    2    10    1    -6.857634e-02
1    2    10    2    -8.211791e-02
1    2    10    3    6.857634e-02
1    2    31    1    6.857634e-02
1    2    31    2    -8.211791e-02
1    2    31    3    6.857634e-02
1    2    32    1    6.857634e-02
1    2    32    2    -8.211791e-02
1    2    32    3    -6.857634e-02
1    3    9    1    -6.857634e-02
1    3    9    2    -6.857634e-02
1    3    9    3    -8.211791e-02
1    3    10    1    6.857634e-02
1    3    10    2    6.857634e-02
1    3    10    3    -8.211791e-02
1    3    31    1    -6.857634e-02
1    3    31    2    6.857634e-02
1    3    31    3    -8.211791e-02
1    3    32    1    6.857634e-02
1    3    32    2    -6.857634e-02
1    3    32    3    -8.211791e-02
2    1    9    1    -8.211791e-02
2    1    9    2    -6.857634e-02
2    1    9    3    6.857634e-02
2    1    10    1    -8.211791e-02
2    1    10    2    -6.857634e-02
2    1    10    3    -6.857634e-02
2    1    31    1    -8.211791e-02
2    1    31    2    6.857634e-02
2    1    31    3    6.857634e-02
2    1    32    1    -8.211791e-02
2    1    32    2    6.857634e-02
2    1    32    3    -6.857634e-02
2    2    9    1    -6.857634e-02
2    2    9    2    -8.211791e-02
2    2    9    3    6.857634e-02
2    2    10    1    -6.857634e-02
2    2    10    2    -8.211791e-02
2    2    10    3    -6.857634e-02
2    2    31    1    6.857634e-02
2    2    31    2    -8.211791e-02
2    2    31    3    -6.857634e-02
2    2    32    1    6.857634e-02
2    2    32    2    -8.211791e-02
2    2    32    3    6.857634e-02
2    3    9    1    6.857634e-02
2    3    9    2    6.857634e-02
2    3    9    3    -8.211791e-02
2    3    10    1    -6.857634e-02
2    3    10    2    -6.857634e-02
2    3    10    3    -8.211791e-02
2    3    31    1    6.857634e-02
2    3    31    2    -6.857634e-02
2    3    31    3    -8.211791e-02
2    3    32    1    -6.857634e-02
2    3    32    2    6.857634e-02
2    3    32    3    -8.211791e-02
3    1    9    1    -8.211791e-02
3    1    9    2    6.857634e-02
3    1    9    3    -6.857634e-02
3    1    10    1    -8.211791e-02
3    1    10    2    6.857634e-02
3    1    10    3    6.857634e-02
3    1    11    1    -8.211791e-02
3    1    11    2    -6.857634e-02
3    1    11    3    -6.857634e-02
3    1    12    1    -8.211791e-02
3    1    12    2    -6.857634e-02
3    1    12    3    6.857634e-02
3    2    9    1    6.857634e-02
3    2    9    2    -8.211791e-02
3    2    9    3    6.857634e-02
3    2    10    1    6.857634e-02
3    2    10    2    -8.211791e-02
3    2    10    3    -6.857634e-02
3    2    11    1    -6.857634e-02
3    2    11    2    -8.211791e-02
3    2    11    3    -6.857634e-02
3    2    12    1    -6.857634e-02
3    2    12    2    -8.211791e-02
3    2    12    3    6.857634e-02
3    3    9    1    -6.857634e-02
3    3    9    2    6.857634e-02
3    3    9    3    -8.211791e-02
3    3    10    1    6.857634e-02
3    3    10    2    -6.857634e-02
3    3    10    3    -8.211791e-02
3    3    11    1    -6.857634e-02
3    3    11    2    -6.857634e-02
3    3    11    3    -8.211791e-02
3    3    12    1    6.857634e-02
3    3    12    2    6.857634e-02
3    3    12    3    -8.211791e-02
4    1    9    1    -8.211791e-02
4    1    9    2    6.857634e-02
4    1    9    3    6.857634e-02
4    1    10    1    -8.211791e-02
4    1    10    2    6.857634e-02
4    1    10    3    -6.857634e-02
4    1    11    1    -8.211791e-02
4    1    11    2    -6.857634e-02
4    1    11    3    6.857634e-02
4    1    12    1    -8.211791e-02
4    1    12    2    -6.857634e-02
4    1    12    3    -6.857634e-02
4    2    9    1    6.857634e-02
4    2    9    2    -8.211791e-02
4    2    9    3    -6.857634e-02
4    2    10    1    6.857634e-02
4    2    10    2    -8.211791e-02
4    2    10    3    6.857634e-02
4    2    11    1    -6.857634e-02
4    2    11    2    -8.211791e-02
4    2    11    3    6.857634e-02
4    2    12    1    -6.857634e-02
4    2    12    2    -8.211791e-02
4    2    12    3    -6.857634e-02
4    3    9    1    6.857634e-02
4    3    9    2    -6.857634e-02
4    3    9    3    -8.211791e-02
4    3    10    1    -6.857634e-02
4    3    10    2    6.857634e-02
4    3    10    3    -8.211791e-02
4    3    11    1    6.857634e-02
4    3    11    2    6.857634e-02
4    3    11    3    -8.211791e-02
4    3    12    1    -6.857634e-02
4    3    12    2    -6.857634e-02
4    3    12    3    -8.211791e-02
5    1    11    1    -8.211791e-02
5    1    11    2    6.857634e-02
5    1    11    3    -6.857634e-02
5    1    12    1    -8.211791e-02
5    1    12    2    6.857634e-02
5    1    12    3    6.857634e-02
5    1    13    1    -8.211791e-02
5    1    13    2    -6.857634e-02
5    1    13    3    -6.857634e-02
5    1    14    1    -8.211791e-02
5    1    14    2    -6.857634e-02
5    1    14    3    6.857634e-02
5    2    11    1    6.857634e-02
5    2    11    2    -8.211791e-02
5    2    11    3    6.857634e-02
5    2    12    1    6.857634e-02
5    2    12    2    -8.211791e-02
5    2    12    3    -6.857634e-02
5    2    13    1    -6.857634e-02
5    2    13    2    -8.211791e-02
5    2    13    3    -6.857634e-02
5    2    14    1    -6.857634e-02
5    2    14    2    -8.211791e-02
5    2    14    3    6.857634e-02
5    3    11    1    -6.857634e-02
5    3    11    2    6.857634e-02
5    3    11    3    -8.211791e-02
5    3    12    1    6.857634e-02
5    3    12    2    -6.857634e-02
5    3    12    3    -8.211791e-02
5    3    13    1    -6.857634e-02
5    3    13    2    -6.857634e-02
5    3    13    3    -8.211791e-02
5    3    14    1    6.857634e-02
5    3    14    2    6.857634e-02
5    3    14    3    -8.211791e-02
6    1    11    1    -8.211791e-02
6    1    11    2    6.857634e-02
6    1    11    3    6.857634e-02
6    1    12    1    -8.211791e-02
6    1    12    2    6.857634e-02
6    1    12    3    -6.857634e-02
6    1    13    1    -8.211791e-02
6    1    13    2    -6.857634e-02
6    1    13    3    6.857634e-02
6    1    14    1    -8.211791e-02
6    1    14    2    -6.857634e-02
6    1    14    3    -6.857634e-02
6    2    11    1    6.857634e-02
6    2    11    2    -8.211791e-02
6    2    11    3    -6.857634e-02
6    2    12    1    6.857634e-02
6    2    12    2    -8.211791e-02
6    2    12    3    6.857634e-02
6    2    13    1    -6.857634e-02
6    2    13    2    -8.211791e-02
6    2    13    3    6.857634e-02
6    2    14    1    -6.857634e-02
6    2    14    2    -8.211791e-02
6    2    14    3    -6.857634e-02
6    3    11    1    6.857634e-02
6    3    11    2    -6.857634e-02
6    3    11    3    -8.211791e-02
6    3    12    1    -6.857634e-02
6    3    12    2    6.857634e-02
6    3    12    3    -8.211791e-02
6    3    13    1    6.857634e-02
6    3    13    2    6.857634e-02
6    3    13    3    -8.211791e-02
6    3    14    1    -6.857634e-02
6    3    14    2    -6.857634e-02
6    3    14    3    -8.211791e-02
7    1    13    1    -8.211791e-02
7    1    13    2    6.857634e-02
7    1    13    3    -6.857634e-02
7    1    14    1    -8.211791e-02
7    1    14    2    6.857634e-02
7    1    14    3    6.857634e-02
7    1    15    1    -8.211791e-02
7    1    15    2    -6.857634e-02
7    1    15    3    -6.857634e-02
7    1    16    1    -8.211791e-02
7    1    16    2    -6.857634e-02
7    1    16    3    6.857634e-02
7    2    13    1    6.857634e-02
7    2    13    2    -8.211791e-02
7    2    13    3    6.857634e-02
7    2    14    1    6.857634e-02
7    2    14    2    -8.211791e-02
7    2    14    3    -6.857634e-02
7    2    15    1    -6.857634e-02
7    2    15    2    -8.211791e-02
7    2    15    3    -6.857634e-02
7    2    16    1    -6.857634e-02
7    2    16    2    -8.211791e-02
7    2    16    3    6.857634e-02
7    3    13    1    -6.857634e-02
7    3    13    2    6.857634e-02
7    3    13    3    -8.211791e-02
7    3    14    1    6.857634e-02
7    3    14    2    -6.857634e-02
7    3    14    3    -8.211791e-02
7    3    15    1    -6.857634e-02
7    3    15    2    -6.857634e-02
7    3    15    3    -8.211791e-02
7    3    16    1    6.857634e-02
7    3    16    2    6.857634e-02
7    3    16    3    -8.211791e-02
8    1    13    1    -8.211791e-02
8    1    13    2    6.857634e-02
8    1    13    3    6.857634e-02
8    1    14    1    -8.211791e-02
8    1    14    2    6.857634e-02
8    1    14    3    -6.857634e-02
8    1    15    1    -8.211791e-02
8    1    15    2    -6.857634e-02
8    1    15    3    6.857634e-02
8    1    16    1    -8.211791e-02
8    1    16    2    -6.857634e-02
8    1    16    3    -6.857634e-02
8    2    13    1    6.857634e-02
8    2    13    2    -8.211791e-02
8    2    13    3    -6.857634e-02
8    2    14    1    6.857634e-02
8    2    14    2    -8.211791e-02
8    2    14    3    6.857634e-02
8    2    15    1    -6.857634e-02
8    2    15    2    -8.211791e-02
8    2    15    3    6.857634e-02
8    2    16    1    -6.857634e-02
8    2    16    2    -8.211791e-02
8    2    16    3    -6.857634e-02
8    3    13    1    6.857634e-02
8    3    13    2    -6.857634e-02
8    3    13    3    -8.211791e-02
8    3    14    1    -6.857634e-02
8    3    14    2    6.857634e-02
8    3    14    3    -8.211791e-02
8    3    15    1    6.857634e-02
8    3    15    2    6.857634e-02
8    3    15    3    -8.211791e-02
8    3    16    1    -6.857634e-02
8    3    16    2    -6.857634e-02
8    3    16    3    -8.211791e-02
9    1    1    1    -8.211791e-02
9    1    1    2    -6.857634e-02
9    1    1    3    -6.857634e-02
9    1    2    1    -8.211791e-02
9    1    2    2    -6.857634e-02
9    1    2    3    6.857634e-02
9    1    3    1    -8.211791e-02
9    1    3    2    6.857634e-02
9    1    3    3    -6.857634e-02
9    1    4    1    -8.211791e-02
9    1    4    2    6.857634e-02
9    1    4    3    6.857634e-02
9    2    1    1    -6.857634e-02
9    2    1    2    -8.211791e-02
9    2    1    3    -6.857634e-02
9    2    2    1    -6.857634e-02
9    2    2    2    -8.211791e-02
9    2    2    3    6.857634e-02
9    2    3    1    6.857634e-02
9    2    3    2    -8.211791e-02
9    2    3    3    6.857634e-02
9    2    4    1    6.857634e-02
9    2    4    2    -8.211791e-02
9    2    4    3    -6.857634e-02
9    3    1    1    -6.857634e-02
9    3    1    2    -6.857634e-02
9    3    1    3    -8.211791e-02
9    3    2    1    6.857634e-02
9    3    2    2    6.857634e-02
9    3    2    3    -8.211791e-02
9    3    3    1    -6.857634e-02
9    3    3    2    6.857634e-02
9    3    3    3    -8.211791e-02
9    3    4    1    6.857634e-02
9    3    4    2    -6.857634e-02
9    3    4    3    -8.211791e-02
10    1    1    1    -8.211791e-02
10    1    1    2    -6.857634e-02
10    1    1    3    6.857634e-02
10    1    2    1    -8.211791e-02
10    1    2    2    -6.857634e-02
10    1    2    3    -6.857634e-02
10    1    3    1    -8.211791e-02
10    1    3    2    6.857634e-02
10    1    3    3    6.857634e-02
10    1    4    1    -8.211791e-02
10    1    4    2    6.857634e-02
10    1    4    3    -6.857634e-02
10    2    1    1    -6.857634e-02
10    2    1    2    -8.211791e-02
10    2    1    3    6.857634e-02
10    2    2    1    -6.857634e-02
10    2    2    2    -8.211791e-02
10    2    2    3    -6.857634e-02
10    2    3    1    6.857634e-02
10    2    3    2    -8.211791e-02
10    2    3    3    -6.857634e-02
10    2    4    1    6.857634e-02
10    2    4    2    -8.211791e-02
10    2    4    3    6.857634e-02
10    3    1    1    6.857634e-02
10    3    1    2    6.857634e-02
10    3    1    3    -8.211791e-02
10    3    2    1    -6.857634e-02
10    3    2    2    -6.857634e-02
10    3    2    3    -8.211791e-02
10    3    3    1    6.857634e-02
10    3    3    2    -6.857634e-02
10    3    3    3    -8.211791e-02
10    3    4    1    -6.857634e-02
10    3    4    2    6.857634e-02
10    3    4    3    -8.211791e-02
11    1    3    1    -8.211791e-02
11    1    3    2    -6.857634e-02
11    1    3    3    -6.857634e-02
11    1    4    1    -8.211791e-02
11    1    4    2    -6.857634e-02
11    1    4    3    6.857634e-02
11    1    5    1    -8.211791e-02
11    1    5    2    6.857634e-02
11    1    5    3    -6.857634e-02
11    1    6    1    -8.211791e-02
11    1    6    2    6.857634e-02
11    1    6    3    6.857634e-02
11    2    3    1    -6.857634e-02
11    2    3    2    -8.211791e-02
11    2    3    3    -6.857634e-02
11    2    4    1    -6.857634e-02
11    2    4    2    -8.211791e-02
11    2    4    3    6.857634e-02
11    2    5    1    6.857634e-02
11    2    5    2    -8.211791e-02
11    2    5    3    6.857634e-02
11    2    6    1    6.857634e-02
11    2    6    2    -8.211791e-02
11    2    6    3    -6.857634e-02
11    3    3    1    -6.857634e-02
11    3    3    2    -6.857634e-02
11    3    3    3    -8.211791e-02
11    3    4    1    6.857634e-02
11    3    4    2    6.857634e-02
11    3    4    3    -8.211791e-02
11    3    5    1    -6.857634e-02
11    3    5    2    6.857634e-02
11    3    5    3    -8.211791e-02
11    3    6    1    6.857634e-02
11    3    6    2    -6.857634e-02
11    3    6    3    -8.211791e-02
12    1    3    1    -8.211791e-02
12    1    3    2    -6.857634e-02
12    1    3    3    6.857634e-02
12    1    4    1    -8.211791e-02
12    1    4    2    -6.857634e-02
12    1    4    3    -6.857634e-02
12    1    5    1    -8.211791e-02
12    1    5    2    6.857634e-02
12    1    5    3    6.857634e-02
12    1    6    1    -8.211791e-02
12    1    6    2    6.857634e-02
12    1    6    3    -6.857634e-02
12    2    3    1    -6.857634e-02
12    2    3    2    -8.211791e-02
12    2    3    3    6.857634e-02
12    2    4    1    -6.857634e-02
12    2    4    2    -8.211791e-02
12    2    4    3    -6.857634e-02
12    2    5    1    6.857634e-02
12    2    5    2    -8.211791e-02
12    2    5    3    -6.857634e-02
12    2    6    1    6.857634e-02
12    2    6    2    -8.211791e-02
12    2    6    3    6.857634e-02
12    3    3    1    6.857634e-02
12    3    3    2    6.857634e-02
12    3    3    3    -8.211791e-02
12    3    4    1    -6.857634e-02
12    3    4    2    -6.857634e-02
12    3    4    3    -8.211791e-02
12    3    5    1    6.857634e-02
12    3    5    2    -6.857634e-02
12    3    5    3    -8.211791e-02
12    3    6    1    -6.857634e-02
12    3    6    2    6.857634e-02
12    3    6    3    -8.211791e-02
13    1    5    1    -8.211791e-02
13    1    5    2    -6.857634e-02
13    1    5    3    -6.857634e-02
13    1    6    1    -8.211791e-02
13    1    6    2    -6.857634e-02
13    1    6    3    6.857634e-02
13    1    7    1    -8.211791e-02
13    1    7    2    6.857634e-02
13    1    7    3    -6.857634e-02
13    1    8    1    -8.211791e-02
13    1    8    2    6.857634e-02
13    1    8    3    6.857634e-02
13    2    5    1    -6.857634e-02
13    2    5    2    -8.211791e-02
13    2    5    3    -6.857634e-02
13    2    6    1    -6.857634e-02
13    2    6    2    -8.211791e-02
13    2    6    3    6.857634e-02
13    2    7    1    6.857634e-02
13    2    7    2    -8.211791e-02
13    2    7    3    6.857634e-02
13    2    8    1    6.857634e-02
13    2    8    2    -8.211791e-02
13    2    8    3    -6.857634e-02
13    3    5    1    -6.857634e-02
13    3    5    2    -6.857634e-02
13    3    5    3    -8.211791e-02
13    3    6    1    6.857634e-02
13    3    6    2    6.857634e-02
13    3    6    3    -8.211791e-02
13    3    7    1    -6.857634e-02
13    3    7    2    6.857634e-02
13    3    7    3    -8.211791e-02
13    3    8    1    6.857634e-02
13    3    8    2    -6.857634e-02
13    3    8    3    -8.211791e-02
14    1    5    1    -8.211791e-02
14    1    5    2    -6.857634e-02
14    1    5    3    6.857634e-02
14    1    6    1    -8.211791e-02
14    1    6    2    -6.857634e-02
14    1    6    3    -6.857634e-02
14    1    7    1    -8.211791e-02
14    1    7    2    6.857634e-02
14    1    7    3    6.857634e-02
14    1    8    1    -8.211791e-02
14    1    8    2    6.857634e-02
14    1    8    3    -6.857634e-02
14    2    5    1    -6.857634e-02
14    2    5    2    -8.211791e-02
14    2    5    3    6.857634e-02
14    2    6    1    -6.857634e-02
14    2    6    2    -8.211791e-02
14    2    6    3    -6.857634e-02
14    2    7    1    6.857634e-02
14    2    7    2    -8.211791e-02
14    2    7    3    -6.857634e-02
14    2    8    1    6.857634e-02
14    2    8    2    -8.211791e-02
14    2    8    3    6.857634e-02
14    3    5    1    6.857634e-02
14    3    5    2    6.857634e-02
14    3    5    3    -8.211791e-02
14    3    6    1    -6.857634e-02
14    3    6    2    -6.857634e-02
14    3    6    3    -8.211791e-02
14    3    7    1    6.857634e-02
14    3    7    2    -6.857634e-02
14    3    7    3    -8.211791e-02
14    3    8    1    -6.857634e-02
14    3    8    2    6.857634e-02
14    3    8    3    -8.211791e-02
15    1    7    1    -8.211791e-02
15    1    7    2    -6.857634e-02
15    1    7    3    -6.857634e-02
15    1    8    1    -8.211791e-02
15    1    8    2    -6.857634e-02
15    1    8    3    6.857634e-02
15    1    17    1    -8.211791e-02
15    1    17    2    6.857634e-02
15    1    17    3    -6.857634e-02
15    1    18    1    -8.211791e-02
15    1    18    2    6.857634e-02
15    1    18    3    6.857634e-02
15    2    7    1    -6.857634e-02
15    2    7    2    -8.211791e-02
15    2    7    3    -6.857634e-02
15    2    8    1    -6.857634e-02
15    2    8    2    -8.211791e-02
15    2    8    3    6.857634e-02
15    2    17    1    6.857634e-02
15    2    17    2    -8.211791e-02
15    2    17    3    6.857634e-02
15    2    18    1    6.857634e-02
15    2    18    2    -8.211791e-02
15    2    18    3    -6.857634e-02
15    3    7    1    -6.857634e-02
15    3    7    2    -6.857634e-02
15    3    7    3    -8.211791e-02
15    3    8    1    6.857634e-02
15    3    8    2    6.857634e-02
15    3    8    3    -8.211791e-02
15    3    17    1    -6.857634e-02
15    3    17    2    6.857634e-02
15    3    17    3    -8.211791e-02
15    3    18    1    6.857634e-02
15    3    18    2    -6.857634e-02
15    3    18    3    -8.211791e-02
16    1    7    1    -8.211791e-02
16    1    7    2    -6.857634e-02
16    1    7    3    6.857634e-02
16    1    8    1    -8.211791e-02
16    1    8    2    -6.857634e-02
16    1    8    3    -6.857634e-02
16    1    17    1    -8.211791e-02
16    1    17    2    6.857634e-02
16    1    17    3    6.857634e-02
16    1    18    1    -8.211791e-02
16    1    18    2    6.857634e-02
16    1    18    3    -6.857634e-02
16    2    7    1    -6.857634e-02
16    2    7    2    -8.211791e-02
16    2    7    3    6.857634e-02
16    2    8    1    -6.857634e-02
16    2    8    2    -8.211791e-02
16    2    8    3    -6.857634e-02
16    2    17    1    6.857634e-02
16    2    17    2    -8.211791e-02
16    2    17    3    -6.857634e-02
16    2    18    1    6.857634e-02
16    2    18    2    -8.211791e-02
16    2    18    3    6.857634e-02
16    3    7    1    6.857634e-02
16    3    7    2    6.857634e-02
16    3    7    3    -8.211791e-02
16    3    8    1    -6.857634e-02
16    3    8    2    -6.857634e-02
16    3    8    3    -8.211791e-02
16    3    17    1    6.857634e-02
16    3    17    2    -6.857634e-02
16    3    17    3    -8.211791e-02
16    3    18    1    -6.857634e-02
16    3    18    2    6.857634e-02
16    3    18    3    -8.211791e-02
17    1    15    1    -8.211791e-02
17    1    15    2    6.857634e-02
17    1    15    3    -6.857634e-02
17    1    16    1    -8.211791e-02
17    1    16    2    6.857634e-02
17    1    16    3    6.857634e-02
17    1    25    1    -8.211791e-02
17    1    25    2    -6.857634e-02
17    1    25    3    -6.857634e-02
17    1    26    1    -8.211791e-02
17    1    26    2    -6.857634e-02
17    1    26    3    6.857634e-02
17    2    15    1    6.857634e-02
17    2    15    2    -8.211791e-02
17    2    15    3    6.857634e-02
17    2    16    1    6.857634e-02
17    2    16    2    -8.211791e-02
17    2    16    3    -6.857634e-02
17    2    25    1    -6.857634e-02
17    2    25    2    -8.211791e-02
17    2    25    3    -6.857634e-02
17    2    26    1    -6.857634e-02
17    2    26    2    -8.211791e-02
17    2    26    3    6.857634e-02
17    3    15    1    -6.857634e-02
17    3    15    2    6.857634e-02
17    3    15    3    -8.211791e-02
17    3    16    1    6.857634e-02
17    3    16    2    -6.857634e-02
17    3    16    3    -8.211791e-02
17    3    25    1    -6.857634e-02
17    3    25    2    -6.857634e-02
17    3    25    3    -8.211791e-02
17    3    26    1    6.857634e-02
17    3    26    2    6.857634e-02
17    3    26    3    -8.211791e-02
18    1    15    1    -8.211791e-02
18    1    15    2    6.857634e-02
18    1    15    3    6.857634e-02
18    1    16    1    -8.211791e-02
18    1    16    2    6.857634e-02
18    1    16    3    -6.857634e-02
18    1    25    1    -8.211791e-02
18    1    25    2    -6.857634e-02
18    1    25    3    6.857634e-02
18    1    26    1    -8.211791e-02
18    1    26    2    -6.857634e-02
18    1    26    3    -6.857634e-02
18    2    15    1    6.857634e-02
18    2    15    2    -8.211791e-02
18    2    15    3    -6.857634e-02
18    2    16    1    6.857634e-02
18    2    16    2    -8.211791e-02
18    2    16    3    6.857634e-02
18    2    25    1    -6.857634e-02
18    2    25    2    -8.211791e-02
18    2    25    3    6.857634e-02
18    2    26    1    -6.857634e-02
18    2    26    2    -8.211791e-02
18    2    26    3    -6.857634e-02
18    3    15    1    6.857634e-02
18    3    15    2    -6.857634e-02
18    3    15    3    -8.211791e-02
18    3    16    1    -6.857634e-02
18    3    16    2    6.857634e-02
18    3    16    3    -8.211791e-02
18    3    25    1    6.857634e-02
18    3    25    2    6.857634e-02
18    3    25    3    -8.211791e-02
18    3    26    1    -6.857634e-02
18    3    26    2    -6.857634e-02
18    3    26    3    -8.211791e-02
19    1    25    1    -8.211791e-02
19    1    25    2    6.857634e-02
19    1    25    3    -6.857634e-02
19    1    26    1    -8.211791e-02
19    1    26    2    6.857634e-02
19    1    26    3    6.857634e-02
19    1    27    1    -8.211791e-02
19    1    27    2    -6.857634e-02
19    1    27    3    -6.857634e-02
19    1    28    1    -8.211791e-02
19    1    28    2    -6.857634e-02
19    1    28    3    6.857634e-02
19    2    25    1    6.857634e-02
19    2    25    2    -8.211791e-02
19    2    25    3    6.857634e-02
19    2    26    1    6.857634e-02
19    2    26    2    -8.211791e-02
19    2    26    3    -6.857634e-02
19    2    27    1    -6.857634e-02
19    2    27    2    -8.211791e-02
19    2    27    3    -6.857634e-02
19    2    28    1    -6.857634e-02
19    2    28    2    -8.211791e-02
19    2    28    3    6.857634e-02
19    3    25    1    -6.857634e-02
19    3    25    2    6.857634e-02
19    3    25    3    -8.211791e-02
19    3    26    1    6.857634e-02
19    3    26    2    -6.857634e-02
19    3    26    3    -8.211791e-02
19    3    27    1    -6.857634e-02
19    3    27    2    -6.857634e-02
19    3    27    3    -8.211791e-02
19    3    28    1    6.857634e-02
19    3    28    2    6.857634e-02
19    3    28    3    -8.211791e-02
20    1    25    1    -8.211791e-02
20    1    25    2    6.857634e-02
20    1    25    3    6.857634e-02
20    1    26    1    -8.211791e-02
20    1    26    2    6.857634e-02
20    1    26    3    -6.857634e-02
20    1    27    1    -8.211791e-02
20    1    27    2    -6.857634e-02
20    1    27    3    6.857634e-02
20    1    28    1    -8.211791e-02
20    1    28    2    -6.857634e-02
20    1    28    3    -6.857634e-02
20    2    25    1    6.857634e-02
20    2    25    2    -8.211791e-02
20    2    25    3    -6.857634e-02
20    2    26    1    6.857634e-02
20    2    26    2    -8.211791e-02
20    2    26    3    6.857634e-02
20    2    27    1    -6.857634e-02
20    2    27    2    -8.211791e-02
20    2    27    3    6.857634e-02
20    2    28    1    -6.857634e-02
20    2    28    2    -8.211791e-02
20    2    28    3    -6.857634e-02
20    3    25    1    6.857634e-02
20    3    25    2    -6.857634e-02
20    3    25    3    -8.211791e-02
20    3    26    1    -6.857634e-02
20    3    26    2    6.857634e-02
20    3    26    3    -8.211791e-02
20    3    27    1    6.857634e-02
20    3    27    2    6.857634e-02
20    3    27    3    -8.211791e-02
20    3    28    1    -6.857634e-02
20    3    28    2    -6.857634e-02
20    3    28    3    -8.211791e-02
21    1    27    1    -8.211791e-02
21    1    27    2    6.857634e-02
21    1    27    3    -6.857634e-02
21    1    28    1    -8.211791e-02
21    1    28    2    6.857634e-02
21    1    28    3    6.857634e-02
21    1    29    1    -8.211791e-02
21    1    29    2    -6.857634e-02
21    1    29    3    -6.857634e-02
21    1    30    1    -8.211791e-02
21    1    30    2    -6.857634e-02
21    1    30    3    6.857634e-02
21    2    27    1    6.857634e-02
21    2    27    2    -8.211791e-02
21    2    27    3    6.857634e-02
21    2    28    1    6.857634e-02
21    2    28    2    -8.211791e-02
21    2    28    3    -6.857634e-02
21    2    29    1    -6.857634e-02
21    2    29    2    -8.211791e-02
21    2    29    3    -6.857634e-02
21    2    30    1    -6.857634e-02
21    2    30    2    -8.211791e-02
21    2    30    3    6.857634e-02
21    3    27    1    -6.857634e-02
21    3    27    2    6.857634e-02
21    3    27    3    -8.211791e-02
21    3    28    1    6.857634e-02
21    3    28    2    -6.857634e-02
21    3    28    3    -8.211791e-02
21    3    29    1    -6.857634e-02
21    3    29    2    -6.857634e-02
21    3    29    3    -8.211791e-02
21    3    30    1    6.857634e-02
21    3    30    2    6.857634e-02
21    3    30    3    -8.211791e-02
22    1    27    1    -8.211791e-02
22    1    27    2    6.857634e-02
22    1    27    3    6.857634e-02
22    1    28    1    -8.211791e-02
22    1    28    2    6.857634e-02
22    1    28    3    -6.857634e-02
22    1    29    1    -8.211791e-02
22    1    29    2    -6.857634e-02
22    1    29    3    6.857634e-02
22    1    30    1    -8.211791e-02
22    1    30    2    -6.857634e-02
22    1    30    3    -6.857634e-02
22    2    27    1    6.857634e-02
22    2    27    2    -8.211791e-02
22    2    27    3    -6.857634e-02
22    2    28    1    6.857634e-02
22    2    28    2    -8.211791e-02
22    2    28    3    6.857634e-02
22    2    29    1    -6.857634e-02
22    2    29    2    -8.211791e-02
22    2    29    3    6.857634e-02
22    2    30    1    -6.857634e-02
22    2    30    2    -8.211791e-02
22    2    30    3    -6.857634e-02
22    3    27    1    6.857634e-02
22    3    27    2    -6.857634e-02
22    3    27    3    -8.211791e-02
22    3    28    1    -6.857634e-02
22    3    28    2    6.857634e-02
22    3    28    3    -8.211791e-02
22    3    29    1    6.857634e-02
22    3    29    2    6.857634e-02
22    3    29    3    -8.211791e-02
22    3    30    1    -6.857634e-02
22    3    30    2    -6.857634e-02
22    3    30    3    -8.211791e-02
23    1    29    1    -8.211791e-02
23    1    29    2    6.857634e-02
23    1    29    3    -6.857634e-02
23    1    30    1    -8.211791e-02
23    1    30    2    6.857634e-02
23    1    30    3    6.857634e-02
23    1    31    1    -8.211791e-02
23    1    31    2    -6.857634e-02
23    1    31    3    -6.857634e-02
23    1    32    1    -8.211791e-02
23    1    32    2    -6.857634e-02
23    1    32    3    6.857634e-02
23    2    29    1    6.857634e-02
23    2    29    2    -8.211791e-02
23    2    29    3    6.857634e-02
23    2    30    1    6.857634e-02
23    2    30    2    -8.211791e-02
23    2    30    3    -6.857634e-02
23    2    31    1    -6.857634e-02
23    2    31    2    -8.211791e-02
23    2    31    3    -6.857634e-02
23    2    32    1    -6.857634e-02
23    2    32    2    -8.211791e-02
23    2    32    3    6.857634e-02
23    3    29    1    -6.857634e-02
23    3    29    2    6.857634e-02
23    3    29    3    -8.211791e-02
23    3    30    1    6.857634e-02
23    3    30    2    -6.857634e-02
23    3    30    3    -8.211791e-02
23    3    31    1    -6.857634e-02
23    3    31    2    -6.857634e-02
23    3    31    3    -8.211791e-02
23    3    32    1    6.857634e-02
23    3    32    2    6.857634e-02
23    3    32    3    -8.211791e-02
24    1    29    1    -8.211791e-02
24    1    29    2    6.857634e-02
24    1    29    3    6.857634e-02
24    1    30    1    -8.211791e-02
24    1    30    2    6.857634e-02
24    1    30    3    -6.857634e-02
24    1    31    1    -8.211791e-02
24    1    31    2    -6.857634e-02
24    1    31    3    6.857634e-02
24    1    32    1    -8.211791e-02
24    1    32    2    -6.857634e-02
24    1    32    3    -6.857634e-02
24    2    29    1    6.857634e-02
24    2    29    2    -8.211791e-02
24    2    29    3    -6.857634e-02
24    2    30    1    6.857634e-02
24    2    30    2    -8.211791e-02
24    2    30    3    6.857634e-02
24    2    31    1    -6.857634e-02
24    2    31    2    -8.211791e-02
24    2    31    3    6.857634e-02
24    2    32    1    -6.857634e-02
24    2    32    2    -8.211791e-02
24    2    32    3    -6.857634e-02
24    3    29    1    6.857634e-02
24    3    29    2    -6.857634e-02
24    3    29    3    -8.211791e-02
24    3    30    1    -6.857634e-02
24    3    30    2    6.857634e-02
24    3    30    3    -8.211791e-02
24    3    31    1    6.857634e-02
24    3    31    2    6.857634e-02
24    3    31    3    -8.211791e-02
24    3    32    1    -6.857634e-02
24    3    32    2    -6.857634e-02
24    3    32    3    -8.211791e-02
25    1    17    1    -8.211791e-02
25    1    17    2    -6.857634e-02
25    1    17    3    -6.857634e-02
25    1    18    1    -8.211791e-02
25    1    18    2    -6.857634e-02
25    1    18    3    6.857634e-02
25    1    19    1    -8.211791e-02
25    1    19    2    6.857634e-02
25    1    19    3    -6.857634e-02
25    1    20    1    -8.211791e-02
25    1    20    2    6.857634e-02
25    1    20    3    6.857634e-02
25    2    17    1    -6.857634e-02
25    2    17    2    -8.211791e-02
25    2    17    3    -6.857634e-02
25    2    18    1    -6.857634e-02
25    2    18    2    -8.211791e-02
25    2    18    3    6.857634e-02
25    2    19    1    6.857634e-02
25    2    19    2    -8.211791e-02
25    2    19    3    6.857634e-02
25    2    20    1    6.857634e-02
25    2    20    2    -8.211791e-02
25    2    20    3    -6.857634e-02
25    3    17    1    -6.857634e-02
25    3    17    2    -6.857634e-02
25    3    17    3    -8.211791e-02
25    3    18    1    6.857634e-02
25    3    18    2    6.857634e-02
25    3    18    3    -8.211791e-02
25    3    19    1    -6.857634e-02
25    3    19    2    6.857634e-02
25    3    19    3    -8.211791e-02
25    3    20    1    6.857634e-02
25    3    20    2    -6.857634e-02
25    3    20    3    -8.211791e-02
26    1    17    1    -8.211791e-02
26    1    17    2    -6.857634e-02
26    1    17    3    6.857634e-02
26    1    18    1    -8.211791e-02
26    1    18    2    -6.857634e-02
26    1    18    3    -6.857634e-02
26    1    19    1    -8.211791e-02
26    1    19    2    6.857634e-02
26    1    19    3    6.857634e-02
26    1    20    1    -8.211791e-02
26    1    20    2    6.857634e-02
26    1    20    3    -6.857634e-02
26    2    17    1    -6.857634e-02
26    2    17    2    -8.211791e-02
26    2    17    3    6.857634e-02
26    2    18    1    -6.857634e-02
26    2    18    2    -8.211791e-02
26    2    18    3    -6.857634e-02
26    2    19    1    6.857634e-02
26    2    19    2    -8.211791e-02
26    2    19    3    -6.857634e-02
26    2    20    1    6.857634e-02
26    2    20    2    -8.211791e-02
26    2    20    3    6.857634e-02
26    3    17    1    6.857634e-02
26    3    17    2    6.857634e-02
26    3    17    3    -8.211791e-02
26    3    18    1    -6.857634e-02
26    3    18    2    -6.857634e-02
26    3    18    3    -8.211791e-02
26    3    19    1    6.857634e-02
26    3    19    2    -6.857634e-02
26    3    19    3    -8.211791e-02
26    3    20    1    -6.857634e-02
26    3    20    2    6.857634e-02
26    3    20    3    -8.211791e-02
27    1    19    1    -8.211791e-02
27    1    19    2    -6.857634e-02
27    1    19    3    -6.857634e-02
27    1    20    1    -8.211791e-02
27    1    20    2    -6.857634e-02
27    1    20    3    6.857634e-02
27    1    21    1    -8.211791e-02
27    1    21    2    6.857634e-02
27    1    21    3    -6.857634e-02
27    1    22    1    -8.211791e-02
27    1    22    2    6.857634e-02
27    1    22    3    6.857634e-02
27    2    19    1    -6.857634e-02
27    2    19    2    -8.211791e-02
27    2    19    3    -6.857634e-02
27    2    20    1    -6.857634e-02
27    2    20    2    -8.211791e-02
27    2    20    3    6.857634e-02
27    2    21    1    6.857634e-02
27    2    21    2    -8.211791e-02
27    2    21    3    6.857634e-02
27    2    22    1    6.857634e-02
27    2    22    2    -8.211791e-02
27    2    22    3    -6.857634e-02
27    3    19    1    -6.857634e-02
27    3    19    2    -6.857634e-02
27    3    19    3    -8.211791e-02
27    3    20    1    6.857634e-02
27    3    20    2    6.857634e-02
27    3    20    3    -8.211791e-02
27    3    21    1    -6.857634e-02
27    3    21    2    6.857634e-02
27    3    21    3    -8.211791e-02
27    3    22    1    6.857634e-02
27    3    22    2    -6.857634e-02
27    3    22    3    -8.211791e-02
28    1    19    1    -8.211791e-02
28    1    19    2    -6.857634e-02
28    1    19    3    6.857634e-02
28    1    20    1    -8.211791e-02
28    1    20    2    -6.857634e-02
28    1    20    3    -6.857634e-02
28    1    21    1    -8.211791e-02
28    1    21    2    6.857634e-02
28    1    21    3    6.857634e-02
28    1    22    1    -8.211791e-02
28    1    22    2    6.857634e-02
28    1    22    3    -6.857634e-02
28    2    19    1    -6.857634e-02
28    2    19    2    -8.211791e-02
28    2    19    3    6.857634e-02
28    2    20    1    -6.857634e-02
28    2    20    2    -8.211791e-02
28    2    20    3    -6.857634e-02
28    2    21    1    6.857634e-02
28    2    21    2    -8.211791e-02
28    2    21    3    -6.857634e-02
28    2    22    1    6.857634e-02
28    2    22    2    -8.211791e-02
28    2    22    3    6.857634e-02
28    3    19    1    6.857634e-02
28    3    19    2    6.857634e-02
28    3    19    3    -8.211791e-02
28    3    20    1    -6.857634e-02
28    3    20    2    -6.857634e-02
28    3    20    3    -8.211791e-02
28    3    21    1    6.857634e-02
28    3    21    2    -6.857634e-02
28    3    21    3    -8.211791e-02
28    3    22    1    -6.857634e-02
28    3    22    2    6.857634e-02
28    3    22    3    -8.211791e-02
29    1    21    1    -8.211791e-02
29    1    21    2    -6.857634e-02
29    1    21    3    -6.857634e-02
29    1    22    1    -8.211791e-02
29    1    22    2    -6.857634e-02
29    1    22    3    6.857634e-02
29    1    23    1    -8.211791e-02
29    1    23    2    6.857634e-02
29    1    23    3    -6.857634e-02
29    1    24    1    -8.211791e-02
29    1    24    2    6.857634e-02
29    1    24    3    6.857634e-02
29    2    21    1    -6.857634e-02
29    2    21    2    -8.211791e-02
29    2    21    3    -6.857634e-02
29    2    22    1    -6.857634e-02
29    2    22    2    -8.211791e-02
29    2    22    3    6.857634e-02
29    2    23    1    6.857634e-02
29    2    23    2    -8.211791e-02
29    2    23    3    6.857634e-02
29    2    24    1    6.857634e-02
29    2    24    2    -8.211791e-02
29    2    24    3    -6.857634e-02
29    3    21    1    -6.857634e-02
29    3    21    2    -6.857634e-02
29    3    21    3    -8.211791e-02
29    3    22    1    6.857634e-02
29    3    22    2    6.857634e-02
29    3    22    3    -8.211791e-02
29    3    23    1    -6.857634e-02
29    3    23    2    6.857634e-02
29    3    23    3    -8.211791e-02
29    3    24    1    6.857634e-02
29    3    24    2    -6.857634e-02
29    3    24    3    -8.211791e-02
30    1    21    1    -8.211791e-02
30    1    21    2    -6.857634e-02
30    1    21    3    6.857634e-02
30    1    22    1    -8.211791e-02
30    1    22    2    -6.857634e-02
30    1    22    3    -6.857634e-02
30    1    23    1    -8.211791e-02
30    1    23    2    6.857634e-02
30    1    23    3    6.857634e-02
30    1    24    1    -8.211791e-02
30    1    24    2    6.857634e-02
30    1    24    3    -6.857634e-02
30    2    21    1    -6.857634e-02
30    2    21    2    -8.211791e-02
30    2    21    3    6.857634e-02
30    2    22    1    -6.857634e-02
30    2    22    2    -8.211791e-02
30    2    22    3    -6.857634e-02
30    2    23    1    6.857634e-02
30    2    23    2    -8.211791e-02
30    2    23    3    -6.857634e-02
30    2    24    1    6.857634e-02
30    2    24    2    -8.211791e-02
30    2    24    3    6.857634e-02
30    3    21    1    6.857634e-02
30    3    21    2    6.857634e-02
30    3    21    3    -8.211791e-02
30    3    22    1    -6.857634e-02
30    3    22    2    -6.857634e-02
30    3    22    3    -8.211791e-02
30    3    23    1    6.857634e-02
30    3    23    2    -6.857634e-02
30    3    23    3    -8.211791e-02
30    3    24    1    -6.857634e-02
30    3    24    2    6.857634e-02
30    3    24    3    -8.211791e-02
31    1    1    1    -8.211791e-02
31    1    1    2    6.857634e-02
31    1    1    3    -6.857634e-02
31    1    2    1    -8.211791e-02
31    1    2    2    6.857634e-02
31    1    2    3    6.857634e-02
31    1    23    1    -8.211791e-02
31    1    23    2    -6.857634e-02
31    1    23    3    -6.857634e-02
31    1    24    1    -8.211791e-02
31    1    24    2    -6.857634e-02
31    1    24    3    6.857634e-02
31    2    1    1    6.857634e-02
31    2    1    2    -8.211791e-02
31    2    1    3    6.857634e-02
31    2    2    1    6.857634e-02
31    2    2    2    -8.211791e-02
31    2    2    3    -6.857634e-02
31    2    23    1    -6.857634e-02
31    2    23    2    -8.211791e-02
31    2    23    3    -6.857634e-02
31    2    24    1    -6.857634e-02
31    2    24    2    -8.211791e-02
31    2    24    3    6.857634e-02
31    3    1    1    -6.857634e-02
31    3    1    2    6.857634e-02
31    3    1    3    -8.211791e-02
31    3    2    1    6.857634e-02
31    3    2    2    -6.857634e-02
31    3    2    3    -8.211791e-02
31    3    23    1    -6.857634e-02
31    3    23    2    -6.857634e-02
31    3    23    3    -8.211791e-02
31    3    24    1    6.857634e-02
31    3    24    2    6.857634e-02
31    3    24    3    -8.211791e-02
32    1    1    1    -8.211791e-02
32    1    1    2    6.857634e-02
32    1    1    3    6.857634e-02
32    1    2    1    -8.211791e-02
32    1    2    2    6.857634e-02
32    1    2    3    -6.857634e-02
32    1    23    1    -8.211791e-02
32    1    23    2    -6.857634e-02
32    1    23    3    6.857634e-02
32    1    24    1    -8.211791e-02
32    1    24    2    -6.857634e-02
32    1    24    3    -6.857634e-02
32    2    1    1    6.857634e-02
32    2    1    2    -8.211791e-02
32    2    1    3    -6.857634e-02
32    2    2    1    6.857634e-02
32    2    2    2    -8.211791e-02
32    2    2    3    6.857634e-02
32    2    23    1    -6.857634e-02
32    2    23    2    -8.211791e-02
32    2    23    3    6.857634e-02
32    2    24    1    -6.857634e-02
32    2    24    2    -8.211791e-02
32    2    24    3    -6.857634e-02
32    3    1    1    6.857634e-02
32    3    1    2    -6.857634e-02
32    3    1    3    -8.211791e-02
32    3    2    1    -6.857634e-02
32    3    2    2    6.857634e-02
32    3    2    3    -8.211791e-02
32    3    23    1    6.857634e-02
32    3    23    2    6.857634e-02
32    3    23    3    -8.211791e-02
32    3    24    1    -6.857634e-02
32    3    24    2    -6.857634e-02
32    3    24    3    -8.211791e-02
