3 3 6.435359e+25
4 4 6.587367e+25
5 5 7.810705e+25
6 6 8.061558e+25
7 7 2.193978e+26
8 8 2.214505e+26
9 9 2.404751e+26
10 10 2.448654e+26
11 11 2.684907e+26
12 12 2.720756e+26
13 13 3.496706e+26
14 14 3.496706e+26
15 15 3.496706e+26
16 16 3.496706e+26
17 17 3.496706e+26
18 18 3.496706e+26
19 19 3.652094e+26
20 20 3.845312e+26
21 21 4.068708e+26
22 22 4.068708e+26
23 23 5.351668e+26
24 24 6.119840e+26
25 25 6.217527e+26
26 26 6.217527e+26
27 27 7.890558e+26
28 28 8.216415e+26
29 29 8.618064e+26
30 30 9.043838e+26
31 31 9.043838e+26
32 32 9.043838e+26
33 33 9.043838e+26
34 34 9.043838e+26
35 35 9.043838e+26
36 36 1.014585e+27
37 37 1.866458e+27
38 38 2.010847e+27
39 39 2.120450e+27
40 40 2.120450e+27
41 41 2.120450e+27
42 42 2.120450e+27
43 43 2.120450e+27
44 44 2.120450e+27
45 45 2.824134e+27
46 46 2.824134e+27
47 47 2.994126e+27
48 48 3.153610e+27
49 49 3.437785e+27
50 50 3.437785e+27
51 51 3.825671e+27
52 52 3.891229e+27
53 53 3.891229e+27
54 54 3.891229e+27
55 55 3.891229e+27
56 56 3.891229e+27
57 57 3.891229e+27
58 58 3.927134e+27
59 59 3.945462e+27
60 60 4.018257e+27
61 61 4.060235e+27
62 62 4.071720e+27
63 63 4.125894e+27
64 64 4.192348e+27
65 65 4.209619e+27
66 66 5.012382e+27
67 67 5.484306e+27
68 68 5.484306e+27
69 69 5.484306e+27
70 70 5.484306e+27
71 71 5.484306e+27
72 72 5.484306e+27
73 73 6.494200e+27
74 74 6.494200e+27
75 75 6.730409e+27
76 76 7.343245e+27
77 77 7.343989e+27
78 78 8.394775e+27
79 79 9.029524e+27
80 80 9.029524e+27
81 81 9.762225e+27
82 82 1.006423e+28
83 83 1.006423e+28
84 84 1.006423e+28
85 85 1.006423e+28
86 86 1.006423e+28
87 87 1.006423e+28
88 88 1.015656e+28
89 89 1.021729e+28
90 90 1.039166e+28
91 91 1.055274e+28
92 92 1.065739e+28
93 93 1.067041e+28
94 94 1.085250e+28
95 95 1.088750e+28
