0.000000000000000000e+00
7.339074571831713235e-08
2.749701798115275966e-07
4.781610712218963499e+00
4.781610712218964387e+00
4.781610712218969717e+00
4.781610712218971493e+00
4.781610712218976822e+00
4.781610712218978598e+00
1.179508447956168737e+01
1.179508447956169093e+01
1.179508447956169448e+01
1.179508447956169626e+01
1.179508447956169981e+01
1.179508447956170336e+01
1.598074575095877492e+01
1.598074575095877847e+01
1.598074575095877847e+01
1.598074575095877847e+01
1.598074575095878203e+01
1.598074575095878203e+01
1.668076844033254602e+01
1.668076844033254602e+01
1.668076844033254957e+01
