0.000000 0.000000 3.538533e-57
0.000000 0.000000 3.538533e-57
0.000000 2.600553 9.156042e-72
2.600553 0.000000 9.156042e-72
0.000000 2.600553 3.539148e-57
2.600553 0.000000 3.539148e-57
0.000000 2.600553 6.527437e-38
2.600553 0.000000 6.527437e-38
0.000000 2.600553 5.207497e-90
2.600553 0.000000 5.207497e-90
0.000000 2.600553 9.723852e-72
2.600553 0.000000 9.723852e-72
0.000000 2.600553 6.379857e-67
2.600553 0.000000 6.379857e-67
0.000000 11.783855 1.369893e-71
11.783855 0.000000 1.369893e-71
0.000000 11.783855 3.453744e-86
11.783855 0.000000 3.453744e-86
0.000000 11.783855 5.885550e-62
11.783855 0.000000 5.885550e-62
0.000000 11.783855 4.015846e-57
11.783855 0.000000 4.015846e-57
0.000000 11.783855 1.968046e-62
11.783855 0.000000 1.968046e-62
0.000000 11.783855 2.212571e-52
11.783855 0.000000 2.212571e-52
0.000000 15.332213 6.821325e-38
15.332213 0.000000 6.821325e-38
0.000000 15.332213 1.281954e-153
15.332213 0.000000 1.281954e-153
0.000000 15.332213 9.342853e-67
15.332213 0.000000 9.342853e-67
0.000000 15.332213 4.662246e-33
15.332213 0.000000 4.662246e-33
0.000000 15.332213 1.269316e-76
15.332213 0.000000 1.269316e-76
0.000000 15.332213 3.939916e-62
15.332213 0.000000 3.939916e-62
0.000000 16.485976 4.670114e-62
16.485976 0.000000 4.670114e-62
0.000000 16.485976 5.200751e-90
16.485976 0.000000 5.200751e-90
0.000000 16.485976 2.577707e-57
16.485976 0.000000 2.577707e-57
0.000000 2.600553 1.176604e-47
2.600553 0.000000 1.176604e-47
0.000000 2.600553 6.231259e-38
2.600553 0.000000 6.231259e-38
0.000000 2.600553 3.443585e-86
2.600553 0.000000 3.443585e-86
0.000000 2.600553 1.918239e-76
2.600553 0.000000 1.918239e-76
0.000000 2.600553 1.109786e-47
2.600553 0.000000 1.109786e-47
0.000000 2.600553 3.003000e-67
2.600553 0.000000 3.003000e-67
0.000000 11.783855 7.109449e-38
11.783855 0.000000 7.109449e-38
0.000000 11.783855 1.312852e-71
11.783855 0.000000 1.312852e-71
0.000000 11.783855 1.281954e-153
11.783855 0.000000 1.281954e-153
0.000000 11.783855 5.402233e-62
11.783855 0.000000 5.402233e-62
0.000000 11.783855 2.633459e-52
11.783855 0.000000 2.633459e-52
0.000000 11.783855 1.269314e-76
11.783855 0.000000 1.269314e-76
0.000000 15.332213 6.131482e-62
15.332213 0.000000 6.131482e-62
0.000000 15.332213 1.086684e-71
15.332213 0.000000 1.086684e-71
0.000000 15.332213 5.200755e-90
15.332213 0.000000 5.200755e-90
0.000000 15.332213 1.656459e-76
15.332213 0.000000 1.656459e-76
0.000000 15.332213 9.348671e-67
15.332213 0.000000 9.348671e-67
0.000000 15.332213 1.725857e-47
15.332213 0.000000 1.725857e-47
0.000000 16.485976 4.056974e-86
16.485976 0.000000 4.056974e-86
0.000000 16.485976 4.472680e-33
16.485976 0.000000 4.472680e-33
0.000000 16.485976 6.233555e-38
16.485976 0.000000 6.233555e-38
2.600553 2.600553 4.253250e-33
2.600553 2.600553 4.253250e-33
2.600553 2.600553 9.175508e-72
2.600553 2.600553 9.175508e-72
2.600553 2.600553 5.209411e-90
2.600553 2.600553 5.209411e-90
2.600553 2.600553 9.946052e-43
2.600553 2.600553 9.946052e-43
2.600553 2.600553 7.117340e-67
2.600553 2.600553 7.117340e-67
2.600553 11.783855 6.747874e-67
11.783855 2.600553 6.747874e-67
2.600553 11.783855 4.436301e-38
11.783855 2.600553 4.436301e-38
2.600553 11.783855 8.616598e-43
11.783855 2.600553 8.616598e-43
2.600553 11.783855 6.755108e-67
11.783855 2.600553 6.755108e-67
2.600553 11.783855 5.401671e-67
11.783855 2.600553 5.401671e-67
2.600553 11.783855 1.381610e-47
11.783855 2.600553 1.381610e-47
2.600553 15.332213 9.511643e-43
15.332213 2.600553 9.511643e-43
2.600553 15.332213 1.281954e-153
15.332213 2.600553 1.281954e-153
2.600553 15.332213 4.659989e-33
15.332213 2.600553 4.659989e-33
2.600553 15.332213 4.760748e-38
15.332213 2.600553 4.760748e-38
2.600553 15.332213 9.156042e-72
15.332213 2.600553 9.156042e-72
2.600553 15.332213 8.606835e-67
15.332213 2.600553 8.606835e-67
2.600553 16.485976 1.586613e-47
16.485976 2.600553 1.586613e-47
2.600553 16.485976 5.209407e-90
16.485976 2.600553 5.209407e-90
2.600553 16.485976 9.511630e-43
16.485976 2.600553 9.511630e-43
2.600553 2.600553 6.769258e-43
2.600553 2.600553 6.769258e-43
2.600553 2.600553 8.620088e-43
2.600553 2.600553 8.620088e-43
2.600553 2.600553 4.427977e-62
2.600553 2.600553 4.427977e-62
2.600553 2.600553 3.644662e-86
2.600553 2.600553 3.644662e-86
2.600553 11.783855 1.831549e-76
11.783855 2.600553 1.831549e-76
2.600553 11.783855 8.606102e-43
11.783855 2.600553 8.606102e-43
2.600553 11.783855 7.958696e-63
11.783855 2.600553 7.958696e-63
2.600553 11.783855 1.656095e-47
11.783855 2.600553 1.656095e-47
2.600553 11.783855 2.003927e-76
11.783855 2.600553 2.003927e-76
2.600553 11.783855 1.281954e-153
11.783855 2.600553 1.281954e-153
2.600553 15.332213 3.535412e-57
15.332213 2.600553 3.535412e-57
2.600553 15.332213 7.870762e-67
15.332213 2.600553 7.870762e-67
2.600553 15.332213 1.269318e-76
15.332213 2.600553 1.269318e-76
2.600553 15.332213 5.155345e-62
15.332213 2.600553 5.155345e-62
2.600553 15.332213 3.698547e-33
15.332213 2.600553 3.698547e-33
2.600553 15.332213 5.206527e-90
15.332213 2.600553 5.206527e-90
2.600553 16.485976 4.280064e-33
16.485976 2.600553 4.280064e-33
2.600553 16.485976 8.161142e-43
16.485976 2.600553 8.161142e-43
2.600553 16.485976 3.278041e+179
16.485976 2.600553 3.278041e+179
2.600553 2.600553 4.582214e-72
2.600553 2.600553 4.582214e-72
2.600553 2.600553 8.601034e-67
2.600553 2.600553 8.601034e-67
2.600553 2.600553 7.118812e-67
2.600553 2.600553 7.118812e-67
2.600553 11.783855 1.281954e-153
11.783855 2.600553 1.281954e-153
2.600553 11.783855 2.743845e-57
11.783855 2.600553 2.743845e-57
2.600553 11.783855 1.485766e-76
11.783855 2.600553 1.485766e-76
2.600553 11.783855 9.156042e-72
11.783855 2.600553 9.156042e-72
2.600553 11.783855 3.377987e-57
11.783855 2.600553 3.377987e-57
2.600553 11.783855 6.758000e-67
11.783855 2.600553 6.758000e-67
2.600553 15.332213 5.202669e-90
15.332213 2.600553 5.202669e-90
2.600553 15.332213 4.663745e-33
15.332213 2.600553 4.663745e-33
2.600553 15.332213 9.344313e-67
15.332213 2.600553 9.344313e-67
2.600553 15.332213 3.114669e+179
15.332213 2.600553 3.114669e+179
2.600553 15.332213 9.049221e-43
15.332213 2.600553 9.049221e-43
2.600553 15.332213 7.264345e-43
15.332213 2.600553 7.264345e-43
2.600553 16.485976 4.856350e-33
16.485976 2.600553 4.856350e-33
2.600553 16.485976 4.459127e-86
16.485976 2.600553 4.459127e-86
2.600553 16.485976 5.879868e-62
16.485976 2.600553 5.879868e-62
2.600553 2.600553 9.156042e-72
2.600553 2.600553 9.156042e-72
2.600553 2.600553 1.314791e-47
2.600553 2.600553 1.314791e-47
2.600553 11.783855 1.030749e-71
11.783855 2.600553 1.030749e-71
2.600553 11.783855 5.207497e-90
11.783855 2.600553 5.207497e-90
2.600553 11.783855 3.116242e-33
11.783855 2.600553 3.116242e-33
2.600553 11.783855 4.014587e-57
11.783855 2.600553 4.014587e-57
2.600553 11.783855 4.085234e-33
11.783855 2.600553 4.085234e-33
2.600553 11.783855 4.861279e-86
11.783855 2.600553 4.861279e-86
2.600553 15.332213 6.525137e-38
15.332213 2.600553 6.525137e-38
2.600553 15.332213 1.518986e-47
15.332213 2.600553 1.518986e-47
2.600553 15.332213 3.631279e-43
15.332213 2.600553 3.631279e-43
2.600553 15.332213 3.539161e-57
15.332213 2.600553 3.539161e-57
2.600553 15.332213 3.700809e-33
15.332213 2.600553 3.700809e-33
2.600553 15.332213 1.356537e-153
15.332213 2.600553 1.356537e-153
2.600553 16.485976 3.379859e-57
16.485976 2.600553 3.379859e-57
2.600553 16.485976 1.745863e-76
16.485976 2.600553 1.745863e-76
2.600553 16.485976 1.269312e-76
16.485976 2.600553 1.269312e-76
2.600553 2.600553 2.738254e-57
2.600553 2.600553 2.738254e-57
2.600553 11.783855 2.484622e-91
11.783855 2.600553 2.484622e-91
2.600553 11.783855 1.571453e-76
11.783855 2.600553 1.571453e-76
2.600553 11.783855 7.130358e-67
11.783855 2.600553 7.130358e-67
2.600553 11.783855 9.156042e-72
11.783855 2.600553 9.156042e-72
2.600553 11.783855 1.246628e-47
11.783855 2.600553 1.246628e-47
2.600553 11.783855 6.759449e-67
11.783855 2.600553 6.759449e-67
2.600553 15.332213 1.269312e-76
15.332213 2.600553 1.269312e-76
2.600553 15.332213 1.657430e-47
15.332213 2.600553 1.657430e-47
2.600553 15.332213 2.003763e-52
15.332213 2.600553 2.003763e-52
2.600553 15.332213 3.438848e+179
15.332213 2.600553 3.438848e+179
2.600553 15.332213 1.304057e-76
15.332213 2.600553 1.304057e-76
2.600553 15.332213 6.824746e-38
15.332213 2.600553 6.824746e-38
2.600553 16.485976 7.860631e-67
16.485976 2.600553 7.860631e-67
2.600553 16.485976 8.242295e-72
16.485976 2.600553 8.242295e-72
2.600553 16.485976 1.084991e-42
16.485976 2.600553 1.084991e-42
2.600553 11.783855 3.377350e-57
11.783855 2.600553 3.377350e-57
2.600553 11.783855 3.599689e+179
11.783855 2.600553 3.599689e+179
2.600553 11.783855 1.483737e-76
11.783855 2.600553 1.483737e-76
2.600553 11.783855 5.350804e-38
11.783855 2.600553 5.350804e-38
2.600553 11.783855 3.508202e-33
11.783855 2.600553 3.508202e-33
2.600553 11.783855 8.545110e-72
11.783855 2.600553 8.545110e-72
2.600553 15.332213 2.316571e-52
15.332213 2.600553 2.316571e-52
2.600553 15.332213 7.108315e-38
15.332213 2.600553 7.108315e-38
2.600553 15.332213 3.443585e-86
15.332213 2.600553 3.443585e-86
2.600553 15.332213 9.949590e-43
15.332213 2.600553 9.949590e-43
2.600553 15.332213 1.314399e-71
15.332213 2.600553 1.314399e-71
2.600553 15.332213 1.289778e-57
15.332213 2.600553 1.289778e-57
2.600553 16.485976 1.832214e-76
16.485976 2.600553 1.832214e-76
2.600553 16.485976 8.169934e-43
16.485976 2.600553 8.169934e-43
2.600553 16.485976 1.356537e-153
16.485976 2.600553 1.356537e-153
11.783855 11.783855 2.838013e-34
11.783855 11.783855 2.838013e-34
11.783855 11.783855 1.427595e-71
11.783855 11.783855 1.427595e-71
11.783855 11.783855 5.401671e-67
11.783855 11.783855 5.401671e-67
11.783855 11.783855 1.130007e-42
11.783855 11.783855 1.130007e-42
11.783855 11.783855 8.230119e-67
11.783855 11.783855 8.230119e-67
11.783855 15.332213 1.281954e-153
15.332213 11.783855 1.281954e-153
11.783855 15.332213 2.175298e-76
15.332213 11.783855 2.175298e-76
11.783855 15.332213 7.709250e-43
15.332213 11.783855 7.709250e-43
11.783855 15.332213 9.156042e-72
15.332213 11.783855 9.156042e-72
11.783855 15.332213 2.583918e-57
15.332213 11.783855 2.583918e-57
11.783855 15.332213 3.060599e-57
15.332213 11.783855 3.060599e-57
11.783855 16.485976 5.209381e-90
16.485976 11.783855 5.209381e-90
11.783855 16.485976 7.856278e-67
16.485976 11.783855 7.856278e-67
11.783855 16.485976 7.260814e-43
16.485976 11.783855 7.260814e-43
11.783855 11.783855 3.221145e-57
11.783855 11.783855 3.221145e-57
11.783855 11.783855 1.200325e-71
11.783855 11.783855 1.200325e-71
11.783855 11.783855 3.272333e+179
11.783855 11.783855 3.272333e+179
11.783855 11.783855 6.769302e-43
11.783855 11.783855 6.769302e-43
11.783855 15.332213 6.759460e-67
15.332213 11.783855 6.759460e-67
11.783855 15.332213 3.700045e-33
15.332213 11.783855 3.700045e-33
11.783855 15.332213 8.242295e-72
15.332213 11.783855 8.242295e-72
11.783855 15.332213 2.004604e-76
15.332213 11.783855 2.004604e-76
11.783855 15.332213 2.527422e-52
15.332213 11.783855 2.527422e-52
11.783855 15.332213 1.397378e-259
15.332213 11.783855 1.397378e-259
11.783855 16.485976 2.316561e-52
16.485976 11.783855 2.316561e-52
11.783855 16.485976 1.040674e-42
16.485976 11.783855 1.040674e-42
11.783855 16.485976 1.269314e-76
16.485976 11.783855 1.269314e-76
11.783855 11.783855 8.714700e-34
11.783855 11.783855 8.714700e-34
11.783855 11.783855 3.697048e-33
11.783855 11.783855 3.697048e-33
11.783855 11.783855 5.347369e-38
11.783855 11.783855 5.347369e-38
11.783855 15.332213 3.932490e-62
15.332213 11.783855 3.932490e-62
11.783855 15.332213 4.857096e-33
15.332213 11.783855 4.857096e-33
11.783855 15.332213 5.649274e-38
15.332213 11.783855 5.649274e-38
11.783855 15.332213 5.200763e-90
15.332213 11.783855 5.200763e-90
11.783855 15.332213 1.311966e-71
15.332213 11.783855 1.311966e-71
11.783855 15.332213 2.738259e-57
15.332213 11.783855 2.738259e-57
11.783855 16.485976 3.940865e-62
16.485976 11.783855 3.940865e-62
11.783855 16.485976 3.654821e-86
16.485976 11.783855 3.654821e-86
11.783855 16.485976 8.983512e-67
16.485976 11.783855 8.983512e-67
11.783855 11.783855 3.121505e-33
11.783855 11.783855 3.121505e-33
11.783855 11.783855 5.401673e-67
11.783855 11.783855 5.401673e-67
11.783855 15.332213 1.029860e-71
15.332213 11.783855 1.029860e-71
11.783855 15.332213 4.427031e-62
15.332213 11.783855 4.427031e-62
11.783855 15.332213 1.281954e-153
15.332213 11.783855 1.281954e-153
11.783855 15.332213 4.855600e-33
15.332213 11.783855 4.855600e-33
11.783855 15.332213 7.707512e-43
15.332213 11.783855 7.707512e-43
11.783855 15.332213 1.269318e-76
15.332213 11.783855 1.269318e-76
11.783855 16.485976 5.886503e-62
16.485976 11.783855 5.886503e-62
11.783855 16.485976 4.759604e-38
16.485976 11.783855 4.759604e-38
11.783855 16.485976 5.207471e-90
16.485976 11.783855 5.207471e-90
11.783855 11.783855 1.724251e-47
11.783855 11.783855 1.724251e-47
11.783855 15.332213 5.209407e-90
15.332213 11.783855 5.209407e-90
11.783855 15.332213 1.244487e-47
15.332213 11.783855 1.244487e-47
11.783855 15.332213 6.131474e-62
15.332213 11.783855 6.131474e-62
11.783855 15.332213 3.110250e+179
15.332213 11.783855 3.110250e+179
11.783855 15.332213 2.420151e-52
15.332213 11.783855 2.420151e-52
11.783855 15.332213 2.003599e-76
15.332213 11.783855 2.003599e-76
11.783855 16.485976 3.701553e-33
16.485976 11.783855 3.701553e-33
11.783855 16.485976 3.670097e-62
16.485976 11.783855 3.670097e-62
11.783855 16.485976 4.763057e-38
16.485976 11.783855 4.763057e-38
11.783855 15.332213 1.257362e-71
15.332213 11.783855 1.257362e-71
11.783855 15.332213 7.120221e-67
15.332213 11.783855 7.120221e-67
11.783855 15.332213 5.401671e-67
15.332213 11.783855 5.401671e-67
11.783855 15.332213 6.824741e-38
15.332213 11.783855 6.824741e-38
11.783855 15.332213 1.108446e-47
15.332213 11.783855 1.108446e-47
11.783855 15.332213 1.281954e-153
15.332213 11.783855 1.281954e-153
11.783855 16.485976 5.349652e-38
16.485976 11.783855 5.349652e-38
11.783855 16.485976 6.815580e-38
16.485976 11.783855 6.815580e-38
11.783855 16.485976 1.269317e-76
16.485976 11.783855 1.269317e-76
15.332213 15.332213 3.219302e-57
15.332213 15.332213 3.219302e-57
15.332213 15.332213 1.693807e-52
15.332213 15.332213 1.693807e-52
15.332213 15.332213 1.269315e-76
15.332213 15.332213 1.269315e-76
15.332213 15.332213 1.086237e-71
15.332213 15.332213 1.086237e-71
15.332213 15.332213 2.213385e-52
15.332213 15.332213 2.213385e-52
15.332213 16.485976 5.206534e-90
16.485976 15.332213 5.206534e-90
15.332213 16.485976 2.526998e-52
16.485976 15.332213 2.526998e-52
15.332213 16.485976 2.091638e-76
16.485976 15.332213 2.091638e-76
15.332213 15.332213 4.459127e-86
15.332213 15.332213 4.459127e-86
15.332213 15.332213 3.697213e-57
15.332213 15.332213 3.697213e-57
15.332213 15.332213 3.694731e-57
15.332213 15.332213 3.694731e-57
15.332213 15.332213 2.484622e-91
15.332213 15.332213 2.484622e-91
15.332213 16.485976 2.316974e-52
16.485976 15.332213 2.316974e-52
15.332213 16.485976 1.657440e-47
16.485976 15.332213 1.657440e-47
15.332213 16.485976 9.156042e-72
16.485976 15.332213 9.156042e-72
15.332213 15.332213 9.156042e-72
15.332213 15.332213 9.156042e-72
15.332213 15.332213 1.086681e-71
15.332213 15.332213 1.086681e-71
15.332213 15.332213 6.131489e-62
15.332213 15.332213 6.131489e-62
15.332213 16.485976 1.269315e-76
16.485976 15.332213 1.269315e-76
15.332213 16.485976 6.822477e-38
16.485976 15.332213 6.822477e-38
15.332213 16.485976 1.200544e-71
16.485976 15.332213 1.200544e-71
15.332213 15.332213 1.199212e-71
15.332213 15.332213 1.199212e-71
15.332213 15.332213 5.062356e-86
15.332213 15.332213 5.062356e-86
15.332213 16.485976 1.659158e-76
16.485976 15.332213 1.659158e-76
15.332213 16.485976 1.426491e-71
16.485976 15.332213 1.426491e-71
15.332213 16.485976 2.484622e-91
16.485976 15.332213 2.484622e-91
15.332213 15.332213 1.314785e-47
15.332213 15.332213 1.314785e-47
15.332213 16.485976 9.156042e-72
16.485976 15.332213 9.156042e-72
15.332213 16.485976 1.746191e-76
16.485976 15.332213 1.746191e-76
15.332213 16.485976 3.537279e-57
16.485976 15.332213 3.537279e-57
15.332213 16.485976 1.130356e-42
16.485976 15.332213 1.130356e-42
15.332213 16.485976 3.758614e+179
16.485976 15.332213 3.758614e+179
15.332213 16.485976 2.106936e-52
16.485976 15.332213 2.106936e-52
16.485976 16.485976 7.491176e-67
16.485976 16.485976 7.491176e-67
16.485976 16.485976 1.129832e-42
16.485976 16.485976 1.129832e-42
16.485976 16.485976 1.398043e-76
16.485976 16.485976 1.398043e-76
