321
1    1    1    3    -2.2850388054e-16
1    1    5    1    -8.2219756335e-02
1    1    5    2    -6.8711155786e-02
1    1    5    3    -6.8711155786e-02
1    1    6    1    -8.2219756335e-02
1    1    6    2    -6.8711155786e-02
1    1    6    3    6.8711155786e-02
1    1    7    1    -8.2219756335e-02
1    1    7    2    6.8711155786e-02
1    1    7    3    -6.8711155786e-02
1    1    8    1    -8.2219756335e-02
1    1    8    2    6.8711155786e-02
1    1    8    3    6.8711155786e-02
1    2    1    1    -1.8280310443e-15
1    2    5    1    -6.8711155786e-02
1    2    5    2    -8.2219756335e-02
1    2    5    3    -6.8711155786e-02
1    2    6    1    -6.8711155786e-02
1    2    6    2    -8.2219756335e-02
1    2    6    3    6.8711155786e-02
1    2    7    1    6.8711155786e-02
1    2    7    2    -8.2219756335e-02
1    2    7    3    6.8711155786e-02
1    2    8    1    6.8711155786e-02
1    2    8    2    -8.2219756335e-02
1    2    8    3    -6.8711155786e-02
1    3    1    2    4.5700776109e-16
1    3    5    1    -6.8711155786e-02
1    3    5    2    -6.8711155786e-02
1    3    5    3    -8.2219756335e-02
1    3    6    1    6.8711155786e-02
1    3    6    2    6.8711155786e-02
1    3    6    3    -8.2219756335e-02
1    3    7    1    -6.8711155786e-02
1    3    7    2    6.8711155786e-02
1    3    7    3    -8.2219756335e-02
1    3    8    1    6.8711155786e-02
1    3    8    2    -6.8711155786e-02
1    3    8    3    -8.2219756335e-02
2    1    2    2    -4.5700776109e-16
2    1    5    1    -8.2219756335e-02
2    1    5    2    -6.8711155786e-02
2    1    5    3    6.8711155786e-02
2    1    6    1    -8.2219756335e-02
2    1    6    2    -6.8711155786e-02
2    1    6    3    -6.8711155786e-02
2    1    7    1    -8.2219756335e-02
2    1    7    2    6.8711155786e-02
2    1    7    3    6.8711155786e-02
2    1    8    1    -8.2219756335e-02
2    1    8    2    6.8711155786e-02
2    1    8    3    -6.8711155786e-02
2    2    5    1    -6.8711155786e-02
2    2    5    2    -8.2219756335e-02
2    2    5    3    6.8711155786e-02
2    2    6    1    -6.8711155786e-02
2    2    6    2    -8.2219756335e-02
2    2    6    3    -6.8711155786e-02
2    2    7    1    6.8711155786e-02
2    2    7    2    -8.2219756335e-02
2    2    7    3    -6.8711155786e-02
2    2    8    1    6.8711155786e-02
2    2    8    2    -8.2219756335e-02
2    2    8    3    6.8711155786e-02
2    3    2    1    -2.6420761188e-16
2    3    2    2    5.4983746256e-16
2    3    5    1    6.8711155786e-02
2    3    5    2    6.8711155786e-02
2    3    5    3    -8.2219756335e-02
2    3    6    1    -6.8711155786e-02
2    3    6    2    -6.8711155786e-02
2    3    6    3    -8.2219756335e-02
2    3    7    1    6.8711155786e-02
2    3    7    2    -6.8711155786e-02
2    3    7    3    -8.2219756335e-02
2    3    8    1    -6.8711155786e-02
2    3    8    2    6.8711155786e-02
2    3    8    3    -8.2219756335e-02
3    1    3    2    2.1422238801e-16
3    1    3    3    -3.4275582082e-16
3    1    5    1    -8.2219756335e-02
3    1    5    2    6.8711155786e-02
3    1    5    3    -6.8711155786e-02
3    1    6    1    -8.2219756335e-02
3    1    6    2    6.8711155786e-02
3    1    6    3    6.8711155786e-02
3    1    7    1    -8.2219756335e-02
3    1    7    2    -6.8711155786e-02
3    1    7    3    -6.8711155786e-02
3    1    8    1    -8.2219756335e-02
3    1    8    2    -6.8711155786e-02
3    1    8    3    6.8711155786e-02
3    2    3    1    1.3710232833e-15
3    2    3    3    1.3710232833e-15
3    2    5    1    6.8711155786e-02
3    2    5    2    -8.2219756335e-02
3    2    5    3    6.8711155786e-02
3    2    6    1    6.8711155786e-02
3    2    6    2    -8.2219756335e-02
3    2    6    3    -6.8711155786e-02
3    2    7    1    -6.8711155786e-02
3    2    7    2    -8.2219756335e-02
3    2    7    3    -6.8711155786e-02
3    2    8    1    -6.8711155786e-02
3    2    8    2    -8.2219756335e-02
3    2    8    3    6.8711155786e-02
3    3    3    1    -5.8554119389e-16
3    3    3    2    2.7848910441e-16
3    3    5    1    -6.8711155786e-02
3    3    5    2    6.8711155786e-02
3    3    5    3    -8.2219756335e-02
3    3    6    1    6.8711155786e-02
3    3    6    2    -6.8711155786e-02
3    3    6    3    -8.2219756335e-02
3    3    7    1    -6.8711155786e-02
3    3    7    2    -6.8711155786e-02
3    3    7    3    -8.2219756335e-02
3    3    8    1    6.8711155786e-02
3    3    8    2    6.8711155786e-02
3    3    8    3    -8.2219756335e-02
4    1    4    3    -1.2853343281e-16
4    1    5    1    -8.2219756335e-02
4    1    5    2    6.8711155786e-02
4    1    5    3    6.8711155786e-02
4    1    6    1    -8.2219756335e-02
4    1    6    2    6.8711155786e-02
4    1    6    3    -6.8711155786e-02
4    1    7    1    -8.2219756335e-02
4    1    7    2    -6.8711155786e-02
4    1    7    3    6.8711155786e-02
4    1    8    1    -8.2219756335e-02
4    1    8    2    -6.8711155786e-02
4    1    8    3    -6.8711155786e-02
4    2    4    1    -4.5700776109e-16
4    2    4    3    1.3710232833e-15
4    2    5    1    6.8711155786e-02
4    2    5    2    -8.2219756335e-02
4    2    5    3    -6.8711155786e-02
4    2    6    1    6.8711155786e-02
4    2    6    2    -8.2219756335e-02
4    2    6    3    6.8711155786e-02
4    2    7    1    -6.8711155786e-02
4    2    7    2    -8.2219756335e-02
4    2    7    3    6.8711155786e-02
4    2    8    1    -6.8711155786e-02
4    2    8    2    -8.2219756335e-02
4    2    8    3    -6.8711155786e-02
4    3    4    1    -4.5700776109e-16
4    3    4    2    1.3710232833e-15
4    3    5    1    6.8711155786e-02
4    3    5    2    -6.8711155786e-02
4    3    5    3    -8.2219756335e-02
4    3    6    1    -6.8711155786e-02
4    3    6    2    6.8711155786e-02
4    3    6    3    -8.2219756335e-02
4    3    7    1    6.8711155786e-02
4    3    7    2    6.8711155786e-02
4    3    7    3    -8.2219756335e-02
4    3    8    1    -6.8711155786e-02
4    3    8    2    -6.8711155786e-02
4    3    8    3    -8.2219756335e-02
5    1    1    1    -8.2219756335e-02
5    1    1    2    -6.8711155786e-02
5    1    1    3    -6.8711155786e-02
5    1    2    1    -8.2219756335e-02
5    1    2    2    -6.8711155786e-02
5    1    2    3    6.8711155786e-02
5    1    3    1    -8.2219756335e-02
5    1    3    2    6.8711155786e-02
5    1    3    3    -6.8711155786e-02
5    1    4    1    -8.2219756335e-02
5    1    4    2    6.8711155786e-02
5    1    4    3    6.8711155786e-02
5    1    5    2    6.9399127782e-16
5    1    5    3    2.2850388054e-16
5    2    1    1    -6.8711155786e-02
5    2    1    2    -8.2219756335e-02
5    2    1    3    -6.8711155786e-02
5    2    2    1    -6.8711155786e-02
5    2    2    2    -8.2219756335e-02
5    2    2    3    6.8711155786e-02
5    2    3    1    6.8711155786e-02
5    2    3    2    -8.2219756335e-02
5    2    3    3    6.8711155786e-02
5    2    4    1    6.8711155786e-02
5    2    4    2    -8.2219756335e-02
5    2    4    3    -6.8711155786e-02
5    2    5    1    9.1401552217e-16
5    3    1    1    -6.8711155786e-02
5    3    1    2    -6.8711155786e-02
5    3    1    3    -8.2219756335e-02
5    3    2    1    6.8711155786e-02
5    3    2    2    6.8711155786e-02
5    3    2    3    -8.2219756335e-02
5    3    3    1    -6.8711155786e-02
5    3    3    2    6.8711155786e-02
5    3    3    3    -8.2219756335e-02
5    3    4    1    6.8711155786e-02
5    3    4    2    -6.8711155786e-02
5    3    4    3    -8.2219756335e-02
5    3    5    1    -1.4281492534e-16
5    3    5    2    1.8565940294e-16
6    1    1    1    -8.2219756335e-02
6    1    1    2    -6.8711155786e-02
6    1    1    3    6.8711155786e-02
6    1    2    1    -8.2219756335e-02
6    1    2    2    -6.8711155786e-02
6    1    2    3    -6.8711155786e-02
6    1    3    1    -8.2219756335e-02
6    1    3    2    6.8711155786e-02
6    1    3    3    6.8711155786e-02
6    1    4    1    -8.2219756335e-02
6    1    4    2    6.8711155786e-02
6    1    4    3    -6.8711155786e-02
6    1    6    2    2.2850388054e-16
6    1    6    3    4.5700776109e-16
6    2    1    1    -6.8711155786e-02
6    2    1    2    -8.2219756335e-02
6    2    1    3    6.8711155786e-02
6    2    2    1    -6.8711155786e-02
6    2    2    2    -8.2219756335e-02
6    2    2    3    -6.8711155786e-02
6    2    3    1    6.8711155786e-02
6    2    3    2    -8.2219756335e-02
6    2    3    3    -6.8711155786e-02
6    2    4    1    6.8711155786e-02
6    2    4    2    -8.2219756335e-02
6    2    4    3    6.8711155786e-02
6    3    1    1    6.8711155786e-02
6    3    1    2    6.8711155786e-02
6    3    1    3    -8.2219756335e-02
6    3    2    1    -6.8711155786e-02
6    3    2    2    -6.8711155786e-02
6    3    2    3    -8.2219756335e-02
6    3    3    1    6.8711155786e-02
6    3    3    2    -6.8711155786e-02
6    3    3    3    -8.2219756335e-02
6    3    4    1    -6.8711155786e-02
6    3    4    2    6.8711155786e-02
6    3    4    3    -8.2219756335e-02
6    3    6    1    9.1401552217e-16
7    1    1    1    -8.2219756335e-02
7    1    1    2    6.8711155786e-02
7    1    1    3    -6.8711155786e-02
7    1    2    1    -8.2219756335e-02
7    1    2    2    6.8711155786e-02
7    1    2    3    6.8711155786e-02
7    1    3    1    -8.2219756335e-02
7    1    3    2    -6.8711155786e-02
7    1    3    3    -6.8711155786e-02
7    1    4    1    -8.2219756335e-02
7    1    4    2    -6.8711155786e-02
7    1    4    3    6.8711155786e-02
7    1    7    2    2.2850388054e-16
7    1    7    3    6.8551164163e-16
7    2    1    1    6.8711155786e-02
7    2    1    2    -8.2219756335e-02
7    2    1    3    6.8711155786e-02
7    2    2    1    6.8711155786e-02
7    2    2    2    -8.2219756335e-02
7    2    2    3    -6.8711155786e-02
7    2    3    1    -6.8711155786e-02
7    2    3    2    -8.2219756335e-02
7    2    3    3    -6.8711155786e-02
7    2    4    1    -6.8711155786e-02
7    2    4    2    -8.2219756335e-02
7    2    4    3    6.8711155786e-02
7    2    7    3    -4.5700776109e-16
7    3    1    1    -6.8711155786e-02
7    3    1    2    6.8711155786e-02
7    3    1    3    -8.2219756335e-02
7    3    2    1    6.8711155786e-02
7    3    2    2    -6.8711155786e-02
7    3    2    3    -8.2219756335e-02
7    3    3    1    -6.8711155786e-02
7    3    3    2    -6.8711155786e-02
7    3    3    3    -8.2219756335e-02
7    3    4    1    6.8711155786e-02
7    3    4    2    6.8711155786e-02
7    3    4    3    -8.2219756335e-02
7    3    7    1    9.1401552217e-16
8    1    1    1    -8.2219756335e-02
8    1    1    2    6.8711155786e-02
8    1    1    3    6.8711155786e-02
8    1    2    1    -8.2219756335e-02
8    1    2    2    6.8711155786e-02
8    1    2    3    -6.8711155786e-02
8    1    3    1    -8.2219756335e-02
8    1    3    2    -6.8711155786e-02
8    1    3    3    6.8711155786e-02
8    1    4    1    -8.2219756335e-02
8    1    4    2    -6.8711155786e-02
8    1    4    3    -6.8711155786e-02
8    1    8    2    2.2850388054e-16
8    1    8    3    6.8551164163e-16
8    2    1    1    6.8711155786e-02
8    2    1    2    -8.2219756335e-02
8    2    1    3    -6.8711155786e-02
8    2    2    1    6.8711155786e-02
8    2    2    2    -8.2219756335e-02
8    2    2    3    6.8711155786e-02
8    2    3    1    -6.8711155786e-02
8    2    3    2    -8.2219756335e-02
8    2    3    3    6.8711155786e-02
8    2    4    1    -6.8711155786e-02
8    2    4    2    -8.2219756335e-02
8    2    4    3    -6.8711155786e-02
8    2    8    1    1.3710232833e-15
8    2    8    3    -9.1401552217e-16
8    3    1    1    6.8711155786e-02
8    3    1    2    -6.8711155786e-02
8    3    1    3    -8.2219756335e-02
8    3    2    1    -6.8711155786e-02
8    3    2    2    6.8711155786e-02
8    3    2    3    -8.2219756335e-02
8    3    3    1    6.8711155786e-02
8    3    3    2    6.8711155786e-02
8    3    3    3    -8.2219756335e-02
8    3    4    1    -6.8711155786e-02
8    3    4    2    -6.8711155786e-02
8    3    4    3    -8.2219756335e-02
