0.000000000000000000e+00
0.000000000000000000e+00
0.000000000000000000e+00
1.276450940587151361e+00
1.291439040720961495e+00
1.406250400336861217e+00
1.428654923816673250e+00
2.356850343728976949e+00
2.368140680721765978e+00
2.467467879266284747e+00
2.489883609053459956e+00
2.607234710288327761e+00
2.624907065050488431e+00
2.975383992121879206e+00
2.975383992121884980e+00
2.975383992121885868e+00
2.975383992121886312e+00
2.975383992121889420e+00
2.975383992121890753e+00
3.040781495789109723e+00
3.120188146107119920e+00
3.209538921702499881e+00
3.209538921702502545e+00
3.680954377285472923e+00
3.936270292478095900e+00
3.967574286127037997e+00
3.967574286127040661e+00
4.469595727363658177e+00
4.560947643289567921e+00
4.671689811522556468e+00
4.785087238189275283e+00
4.785087238189280612e+00
4.785087238189281500e+00
4.785087238189285053e+00
4.785087238189285053e+00
4.785087238189285053e+00
5.068895508038647968e+00
6.875087861278976753e+00
7.136062229940934643e+00
7.327960683417203747e+00
7.327960683417204635e+00
7.327960683417204635e+00
7.327960683417208188e+00
7.327960683417210852e+00
7.327960683417211740e+00
8.456934705533530661e+00
8.456934705533530661e+00
8.707714281240274801e+00
8.936616986823814557e+00
9.330528186465699036e+00
9.330528186465702589e+00
9.842897255595097761e+00
9.926988750615240775e+00
9.926988750615240775e+00
9.926988750615242552e+00
9.926988750615244328e+00
9.926988750615244328e+00
9.926988750615246104e+00
9.972669529782244524e+00
9.995906134410716959e+00
1.008767300535384770e+01
1.014015774418923499e+01
1.015454194726138049e+01
1.022185322119996087e+01
1.030382296109440432e+01
1.032502023044390072e+01
1.126655717600479889e+01
1.178501035194651614e+01
1.178501035194651614e+01
1.178501035194651614e+01
1.178501035194651791e+01
1.178501035194652147e+01
1.178501035194652147e+01
1.282433623418079627e+01
1.282433623418079627e+01
1.305539063624447316e+01
1.363688607143100384e+01
1.363757648189466387e+01
1.458054205126277658e+01
1.512188955832948167e+01
1.512188955832948345e+01
1.572329442397577282e+01
1.596483254261976370e+01
1.596483254261976725e+01
1.596483254261976903e+01
1.596483254261976903e+01
1.596483254261977258e+01
1.596483254261977613e+01
1.603787522144815370e+01
1.608573833200277647e+01
1.622238007013170247e+01
1.634758773505548035e+01
1.642837229412528899e+01
1.643846213943630374e+01
1.657809072826480090e+01
1.660479659946448905e+01
