0.000000000000000000e+00
0.000000000000000000e+00
4.279500527951684257e-07
2.600552735129139759e+00
2.600552735129145976e+00
2.600552735129171289e+00
2.600552735129185944e+00
2.600552735129198378e+00
2.600552735129233906e+00
1.178385516180466297e+01
1.178385516180466652e+01
1.178385516180467008e+01
1.178385516180467008e+01
1.178385516180467363e+01
1.178385516180467540e+01
1.533221346355388448e+01
1.533221346355388626e+01
1.533221346355388626e+01
1.533221346355388803e+01
1.533221346355388981e+01
1.533221346355389691e+01
1.648597560946132035e+01
1.648597560946132745e+01
1.648597560946133100e+01
