585
1 1 1 1 3.053684322580e-01
1 1 1 2 8.326672684689e-17
1 1 1 3 -1.110223024625e-16
1 2 1 2 3.053684322580e-01
1 2 1 3 9.714451465470e-17
1 3 1 1 -4.163336342344e-17
1 3 1 3 3.053684322580e-01
2 1 2 1 3.053684322580e-01
2 1 2 2 8.326672684689e-17
2 1 2 3 9.714451465470e-17
2 2 2 1 -2.775557561563e-17
2 2 2 2 3.053684322580e-01
2 2 2 3 1.387778780781e-16
2 3 2 1 -6.938893903907e-17
2 3 2 3 3.053684322580e-01
3 1 3 1 3.053684322580e-01
3 1 3 2 8.326672684689e-17
3 1 3 3 -1.387778780781e-17
3 2 3 1 8.326672684689e-17
3 2 3 2 3.053684322580e-01
3 2 3 3 9.714451465470e-17
3 3 3 1 -6.938893903907e-17
3 3 3 2 4.163336342344e-17
3 3 3 3 3.053684322580e-01
4 1 4 1 3.053684322580e-01
4 1 4 2 -2.775557561563e-17
4 2 4 1 2.220446049250e-16
4 2 4 2 3.053684322580e-01
4 2 4 3 4.163336342344e-17
4 3 4 1 -2.775557561563e-17
4 3 4 2 -4.163336342344e-17
4 3 4 3 3.053684322580e-01
5 1 5 1 3.053684322580e-01
5 1 5 2 4.284447761000e-18
5 1 5 3 4.284447760200e-18
5 2 5 1 4.000017827536e-27
5 2 5 2 3.053684322580e-01
5 3 5 1 1.453141865330e-16
5 3 5 2 1.110386044523e-16
5 3 5 3 3.053684322580e-01
6 1 6 1 3.053684322580e-01
6 1 6 2 1.570964178700e-17
6 1 6 3 9.854229848500e-17
6 2 6 1 4.570077610900e-17
6 2 6 2 3.053684322580e-01
6 2 6 3 -4.570077610800e-17
6 3 6 1 2.927705969500e-17
6 3 6 2 -2.142223879000e-18
6 3 6 3 3.053684322580e-01
7 1 7 1 3.053684322580e-01
7 1 7 2 -3.856002984200e-17
7 1 7 3 6.141041789600e-17
7 2 7 2 3.053684322580e-01
7 2 7 3 -4.570077610800e-17
7 3 7 1 1.642371641500e-17
7 3 7 2 3.784595521530e-17
7 3 7 3 3.053684322580e-01
8 1 8 1 3.053684322580e-01
8 1 8 2 -1.856594029400e-17
8 1 8 3 7.283561192320e-17
8 2 8 1 -1.371023283210e-16
8 2 8 2 3.053684322580e-01
8 3 8 1 9.961341042500e-17
8 3 8 2 -1.606667910000e-17
8 3 8 3 3.053684322580e-01
1 1 1 2 -4.570077610900e-17
1 1 1 3 4.570077610900e-16
1 1 2 1 -1.752995183000e-03
1 1 2 2 -2.285038805400e-17
1 1 3 1 -1.752995183000e-03
1 1 3 2 -6.855116416300e-17
1 1 3 3 6.855116416300e-17
1 1 4 1 1.945572076400e-02
1 1 4 2 2.285038805400e-17
1 1 4 3 4.570077610900e-17
1 1 5 1 -8.032954066400e-02
1 1 5 2 -6.748050453900e-02
1 1 5 3 -6.748050453900e-02
1 1 6 1 -8.032954066400e-02
1 1 6 2 -6.748050453900e-02
1 1 6 3 6.748050453900e-02
1 1 7 1 -8.032954066400e-02
1 1 7 2 6.748050453900e-02
1 1 7 3 -6.748050453900e-02
1 1 8 1 -8.032954066400e-02
1 1 8 2 6.748050453900e-02
1 1 8 3 6.748050453900e-02
1 2 1 1 -2.285038805400e-16
1 2 1 3 -4.113069849800e-16
1 2 2 1 4.570077610900e-17
1 2 2 2 -1.752995183000e-03
1 2 2 3 -4.570077610900e-17
1 2 3 1 4.570077610900e-17
1 2 3 2 1.945572076400e-02
1 2 3 3 -4.570077610900e-17
1 2 4 1 -9.140155221700e-17
1 2 4 2 -1.752995183000e-03
1 2 5 1 -6.748050453900e-02
1 2 5 2 -8.032954066400e-02
1 2 5 3 -6.748050453900e-02
1 2 6 1 -6.748050453900e-02
1 2 6 2 -8.032954066400e-02
1 2 6 3 6.748050453900e-02
1 2 7 1 6.748050453900e-02
1 2 7 2 -8.032954066400e-02
1 2 7 3 6.748050453900e-02
1 2 8 1 6.748050453900e-02
1 2 8 2 -8.032954066400e-02
1 2 8 3 -6.748050453900e-02
1 3 1 1 5.484093133000e-16
1 3 2 1 4.570077610900e-17
1 3 2 3 1.945572076400e-02
1 3 3 1 4.570077610900e-17
1 3 3 3 -1.752995183000e-03
1 3 4 1 -4.570077610900e-17
1 3 4 3 -1.752995183000e-03
1 3 5 1 -6.748050453900e-02
1 3 5 2 -6.748050453900e-02
1 3 5 3 -8.032954066400e-02
1 3 6 1 6.748050453900e-02
1 3 6 2 6.748050453900e-02
1 3 6 3 -8.032954066400e-02
1 3 7 1 -6.748050453900e-02
1 3 7 2 6.748050453900e-02
1 3 7 3 -8.032954066400e-02
1 3 8 1 6.748050453900e-02
1 3 8 2 -6.748050453900e-02
1 3 8 3 -8.032954066400e-02
2 1 1 1 -1.752995183000e-03
2 1 1 2 4.570077610900e-17
2 1 2 2 4.570077610900e-17
2 1 2 3 5.484093133000e-16
2 1 3 1 1.945572076400e-02
2 1 3 2 -4.570077610900e-17
2 1 3 3 -4.570077610900e-17
2 1 4 1 -1.752995183000e-03
2 1 4 3 -4.570077610900e-17
2 1 5 1 -8.032954066400e-02
2 1 5 2 -6.748050453900e-02
2 1 5 3 6.748050453900e-02
2 1 6 1 -8.032954066400e-02
2 1 6 2 -6.748050453900e-02
2 1 6 3 -6.748050453900e-02
2 1 7 1 -8.032954066400e-02
2 1 7 2 6.748050453900e-02
2 1 7 3 6.748050453900e-02
2 1 8 1 -8.032954066400e-02
2 1 8 2 6.748050453900e-02
2 1 8 3 -6.748050453900e-02
2 2 1 1 4.570077610900e-17
2 2 1 2 -1.752995183000e-03
2 2 1 3 2.285038805400e-16
2 2 2 1 3.199054327600e-16
2 2 2 3 -3.199054327600e-16
2 2 3 2 -1.752995183000e-03
2 2 3 3 -4.570077610900e-17
2 2 4 2 1.945572076400e-02
2 2 4 3 -4.570077610900e-17
2 2 5 1 -6.748050453900e-02
2 2 5 2 -8.032954066400e-02
2 2 5 3 6.748050453900e-02
2 2 6 1 -6.748050453900e-02
2 2 6 2 -8.032954066400e-02
2 2 6 3 -6.748050453900e-02
2 2 7 1 6.748050453900e-02
2 2 7 2 -8.032954066400e-02
2 2 7 3 -6.748050453900e-02
2 2 8 1 6.748050453900e-02
2 2 8 2 -8.032954066400e-02
2 2 8 3 6.748050453900e-02
2 3 1 1 1.570964178700e-17
2 3 1 2 -2.285038805400e-17
2 3 1 3 1.945572076400e-02
2 3 2 1 1.142519402700e-16
2 3 2 2 2.285038805400e-17
2 3 3 1 -1.285334328100e-17
2 3 3 2 -4.141632834900e-17
2 3 3 3 -1.752995183000e-03
2 3 4 1 3.856002984200e-17
2 3 4 2 4.427262685500e-17
2 3 4 3 -1.752995183000e-03
2 3 5 1 6.748050453900e-02
2 3 5 2 6.748050453900e-02
2 3 5 3 -8.032954066400e-02
2 3 6 1 -6.748050453900e-02
2 3 6 2 -6.748050453900e-02
2 3 6 3 -8.032954066400e-02
2 3 7 1 6.748050453900e-02
2 3 7 2 -6.748050453900e-02
2 3 7 3 -8.032954066400e-02
2 3 8 1 -6.748050453900e-02
2 3 8 2 6.748050453900e-02
2 3 8 3 -8.032954066400e-02
3 1 1 1 -1.752995183000e-03
3 1 1 2 -1.856594029400e-17
3 1 1 3 4.070225372200e-17
3 1 2 1 1.945572076400e-02
3 1 2 2 1.570964178700e-17
3 1 2 3 -3.570373133500e-18
3 1 3 2 -2.142223880100e-18
3 1 3 3 2.285038805400e-17
3 1 4 1 -1.752995183000e-03
3 1 4 2 1.999408954800e-17
3 1 4 3 -5.712597013600e-18
3 1 5 1 -8.032954066400e-02
3 1 5 2 6.748050453900e-02
3 1 5 3 -6.748050453900e-02
3 1 6 1 -8.032954066400e-02
3 1 6 2 6.748050453900e-02
3 1 6 3 6.748050453900e-02
3 1 7 1 -8.032954066400e-02
3 1 7 2 -6.748050453900e-02
3 1 7 3 -6.748050453900e-02
3 1 8 1 -8.032954066400e-02
3 1 8 2 -6.748050453900e-02
3 1 8 3 6.748050453900e-02
3 2 1 2 1.945572076400e-02
3 2 1 3 -9.140155221700e-17
3 2 2 1 -9.140155221700e-17
3 2 2 2 -1.752995183000e-03
3 2 2 3 -1.828031044300e-16
3 2 3 1 3.199054327600e-16
3 2 4 1 -1.371023283300e-16
3 2 4 2 -1.752995183000e-03
3 2 5 1 6.748050453900e-02
3 2 5 2 -8.032954066400e-02
3 2 5 3 6.748050453900e-02
3 2 6 1 6.748050453900e-02
3 2 6 2 -8.032954066400e-02
3 2 6 3 -6.748050453900e-02
3 2 7 1 -6.748050453900e-02
3 2 7 2 -8.032954066400e-02
3 2 7 3 -6.748050453900e-02
3 2 8 1 -6.748050453900e-02
3 2 8 2 -8.032954066400e-02
3 2 8 3 6.748050453900e-02
3 3 1 1 4.141632834900e-17
3 3 1 2 3.998817909500e-17
3 3 1 3 -1.752995183000e-03
3 3 2 1 -2.070816417400e-17
3 3 2 2 2.856298506800e-18
3 3 2 3 -1.752995183000e-03
3 3 3 1 9.140155221700e-17
3 3 3 2 4.213040297500e-17
3 3 4 1 3.998817909500e-17
3 3 4 2 -2.856298506800e-18
3 3 4 3 1.945572076400e-02
3 3 5 1 -6.748050453900e-02
3 3 5 2 6.748050453900e-02
3 3 5 3 -8.032954066400e-02
3 3 6 1 6.748050453900e-02
3 3 6 2 -6.748050453900e-02
3 3 6 3 -8.032954066400e-02
3 3 7 1 -6.748050453900e-02
3 3 7 2 -6.748050453900e-02
3 3 7 3 -8.032954066400e-02
3 3 8 1 6.748050453900e-02
3 3 8 2 6.748050453900e-02
3 3 8 3 -8.032954066400e-02
4 1 1 1 1.945572076400e-02
4 1 1 2 1.285334328100e-17
4 1 1 3 -3.570373133500e-18
4 1 2 1 -1.752995183000e-03
4 1 2 2 -2.606372387500e-17
4 1 2 3 4.070225372200e-17
4 1 3 1 -1.752995183000e-03
4 1 3 2 3.427558208200e-17
4 1 3 3 -5.712597013600e-18
4 1 4 2 1.142519402700e-17
4 1 4 3 7.997635819000e-17
4 1 5 1 -8.032954066400e-02
4 1 5 2 6.748050453900e-02
4 1 5 3 6.748050453900e-02
4 1 6 1 -8.032954066400e-02
4 1 6 2 6.748050453900e-02
4 1 6 3 -6.748050453900e-02
4 1 7 1 -8.032954066400e-02
4 1 7 2 -6.748050453900e-02
4 1 7 3 6.748050453900e-02
4 1 8 1 -8.032954066400e-02
4 1 8 2 -6.748050453900e-02
4 1 8 3 -6.748050453900e-02
4 2 1 1 -1.828031044300e-16
4 2 1 2 -1.752995183000e-03
4 2 1 3 -2.742046566500e-16
4 2 2 1 -4.570077610900e-17
4 2 2 2 1.945572076400e-02
4 2 2 3 -1.828031044300e-16
4 2 3 1 -4.570077610900e-17
4 2 3 2 -1.752995183000e-03
4 2 3 3 -9.140155221700e-17
4 2 4 1 -1.828031044300e-16
4 2 4 3 9.140155221700e-17
4 2 5 1 6.748050453900e-02
4 2 5 2 -8.032954066400e-02
4 2 5 3 -6.748050453900e-02
4 2 6 1 6.748050453900e-02
4 2 6 2 -8.032954066400e-02
4 2 6 3 6.748050453900e-02
4 2 7 1 -6.748050453900e-02
4 2 7 2 -8.032954066400e-02
4 2 7 3 6.748050453900e-02
4 2 8 1 -6.748050453900e-02
4 2 8 2 -8.032954066400e-02
4 2 8 3 -6.748050453900e-02
4 3 1 1 9.140155221700e-17
4 3 1 2 4.570077610900e-17
4 3 1 3 -1.752995183000e-03
4 3 2 1 4.570077610900e-17
4 3 2 2 4.570077610900e-17
4 3 2 3 -1.752995183000e-03
4 3 3 1 9.140155221700e-17
4 3 3 2 4.570077610900e-17
4 3 3 3 1.945572076400e-02
4 3 4 1 4.570077610900e-16
4 3 5 1 6.748050453900e-02
4 3 5 2 -6.748050453900e-02
4 3 5 3 -8.032954066400e-02
4 3 6 1 -6.748050453900e-02
4 3 6 2 6.748050453900e-02
4 3 6 3 -8.032954066400e-02
4 3 7 1 6.748050453900e-02
4 3 7 2 6.748050453900e-02
4 3 7 3 -8.032954066400e-02
4 3 8 1 -6.748050453900e-02
4 3 8 2 -6.748050453900e-02
4 3 8 3 -8.032954066400e-02
5 1 1 1 -8.032954066400e-02
5 1 1 2 -6.748050453900e-02
5 1 1 3 -6.748050453900e-02
5 1 2 1 -8.032954066400e-02
5 1 2 2 -6.748050453900e-02
5 1 2 3 6.748050453900e-02
5 1 3 1 -8.032954066400e-02
5 1 3 2 6.748050453900e-02
5 1 3 3 -6.748050453900e-02
5 1 4 1 -8.032954066400e-02
5 1 4 2 6.748050453900e-02
5 1 4 3 6.748050453900e-02
5 1 5 2 -3.998817909500e-17
5 1 5 3 -2.285038805400e-17
5 1 6 1 -1.752995183000e-03
5 1 6 2 -3.856002984200e-17
5 1 6 3 1.570964178700e-17
5 1 7 1 -1.752995183000e-03
5 1 7 2 6.141041789600e-17
5 1 7 3 -1.570964178700e-17
5 1 8 1 1.945572076400e-02
5 1 8 2 -2.713483581500e-17
5 1 8 3 -4.284447760200e-18
5 2 1 1 -6.748050453900e-02
5 2 1 2 -8.032954066400e-02
5 2 1 3 -6.748050453900e-02
5 2 2 1 -6.748050453900e-02
5 2 2 2 -8.032954066400e-02
5 2 2 3 6.748050453900e-02
5 2 3 1 6.748050453900e-02
5 2 3 2 -8.032954066400e-02
5 2 3 3 6.748050453900e-02
5 2 4 1 6.748050453900e-02
5 2 4 2 -8.032954066400e-02
5 2 4 3 -6.748050453900e-02
5 2 5 1 -9.140155221700e-17
5 2 5 3 -9.140155221700e-17
5 2 6 1 -9.140155221700e-17
5 2 6 2 -1.752995183000e-03
5 2 6 3 9.140155221700e-17
5 2 7 1 -9.140155221700e-17
5 2 7 2 1.945572076400e-02
5 2 8 1 1.828031044300e-16
5 2 8 2 -1.752995183000e-03
5 2 8 3 -9.140155221700e-17
5 3 1 1 -6.748050453900e-02
5 3 1 2 -6.748050453900e-02
5 3 1 3 -8.032954066400e-02
5 3 2 1 6.748050453900e-02
5 3 2 2 6.748050453900e-02
5 3 2 3 -8.032954066400e-02
5 3 3 1 -6.748050453900e-02
5 3 3 2 6.748050453900e-02
5 3 3 3 -8.032954066400e-02
5 3 4 1 6.748050453900e-02
5 3 4 2 -6.748050453900e-02
5 3 4 3 -8.032954066400e-02
5 3 5 1 -2.285038805400e-17
5 3 5 2 1.342460298200e-16
5 3 6 1 -7.497783580300e-17
5 3 6 2 -4.355855222900e-17
5 3 6 3 1.945572076400e-02
5 3 7 1 -6.212449252300e-17
5 3 7 2 7.854820893700e-18
5 3 7 3 -1.752995183000e-03
5 3 8 1 -8.211858207000e-18
5 3 8 2 -7.533487311700e-17
5 3 8 3 -1.752995183000e-03
6 1 1 1 -8.032954066400e-02
6 1 1 2 -6.748050453900e-02
6 1 1 3 6.748050453900e-02
6 1 2 1 -8.032954066400e-02
6 1 2 2 -6.748050453900e-02
6 1 2 3 -6.748050453900e-02
6 1 3 1 -8.032954066400e-02
6 1 3 2 6.748050453900e-02
6 1 3 3 6.748050453900e-02
6 1 4 1 -8.032954066400e-02
6 1 4 2 6.748050453900e-02
6 1 4 3 -6.748050453900e-02
6 1 5 1 -1.752995183000e-03
6 1 5 2 2.285038805400e-17
6 1 5 3 2.285038805400e-17
6 1 6 2 -4.570077610900e-17
6 1 7 1 1.945572076400e-02
6 1 7 2 -2.285038805400e-17
6 1 7 3 -4.570077610900e-17
6 1 8 1 -1.752995183000e-03
6 1 8 2 4.570077610900e-17
6 1 8 3 -6.855116416300e-17
6 2 1 1 -6.748050453900e-02
6 2 1 2 -8.032954066400e-02
6 2 1 3 6.748050453900e-02
6 2 2 1 -6.748050453900e-02
6 2 2 2 -8.032954066400e-02
6 2 2 3 -6.748050453900e-02
6 2 3 1 6.748050453900e-02
6 2 3 2 -8.032954066400e-02
6 2 3 3 -6.748050453900e-02
6 2 4 1 6.748050453900e-02
6 2 4 2 -8.032954066400e-02
6 2 4 3 6.748050453900e-02
6 2 5 2 -1.752995183000e-03
6 2 6 1 4.570077610900e-17
6 2 6 3 4.570077610900e-17
6 2 7 1 9.140155221700e-17
6 2 7 2 -1.752995183000e-03
6 2 7 3 -4.570077610900e-17
6 2 8 1 -4.570077610900e-17
6 2 8 2 1.945572076400e-02
6 3 1 1 6.748050453900e-02
6 3 1 2 6.748050453900e-02
6 3 1 3 -8.032954066400e-02
6 3 2 1 -6.748050453900e-02
6 3 2 2 -6.748050453900e-02
6 3 2 3 -8.032954066400e-02
6 3 3 1 6.748050453900e-02
6 3 3 2 -6.748050453900e-02
6 3 3 3 -8.032954066400e-02
6 3 4 1 -6.748050453900e-02
6 3 4 2 6.748050453900e-02
6 3 4 3 -8.032954066400e-02
6 3 5 1 -4.570077610900e-17
6 3 5 3 1.945572076400e-02
6 3 6 1 -4.570077610900e-17
6 3 7 1 9.140155221700e-17
6 3 7 2 -4.570077610900e-17
6 3 7 3 -1.752995183000e-03
6 3 8 1 -4.570077610900e-17
6 3 8 2 9.140155221700e-17
6 3 8 3 -1.752995183000e-03
7 1 1 1 -8.032954066400e-02
7 1 1 2 6.748050453900e-02
7 1 1 3 -6.748050453900e-02
7 1 2 1 -8.032954066400e-02
7 1 2 2 6.748050453900e-02
7 1 2 3 6.748050453900e-02
7 1 3 1 -8.032954066400e-02
7 1 3 2 -6.748050453900e-02
7 1 3 3 -6.748050453900e-02
7 1 4 1 -8.032954066400e-02
7 1 4 2 -6.748050453900e-02
7 1 4 3 6.748050453900e-02
7 1 5 1 -1.752995183000e-03
7 1 5 2 4.570077610900e-17
7 1 5 3 -6.855116416300e-17
7 1 6 1 1.945572076400e-02
7 1 6 2 -4.570077610900e-17
7 1 6 3 -4.570077610900e-17
7 1 7 3 -9.140155221700e-17
7 1 8 1 -1.752995183000e-03
7 2 1 1 6.748050453900e-02
7 2 1 2 -8.032954066400e-02
7 2 1 3 6.748050453900e-02
7 2 2 1 6.748050453900e-02
7 2 2 2 -8.032954066400e-02
7 2 2 3 -6.748050453900e-02
7 2 3 1 -6.748050453900e-02
7 2 3 2 -8.032954066400e-02
7 2 3 3 -6.748050453900e-02
7 2 4 1 -6.748050453900e-02
7 2 4 2 -8.032954066400e-02
7 2 4 3 6.748050453900e-02
7 2 5 1 -4.570077610900e-17
7 2 5 2 1.945572076400e-02
7 2 5 3 -4.570077610900e-17
7 2 6 1 9.140155221700e-17
7 2 6 2 -1.752995183000e-03
7 2 6 3 -1.371023283300e-16
7 2 7 1 4.570077610900e-17
7 2 8 2 -1.752995183000e-03
7 2 8 3 9.140155221700e-17
7 3 1 1 -6.748050453900e-02
7 3 1 2 6.748050453900e-02
7 3 1 3 -8.032954066400e-02
7 3 2 1 6.748050453900e-02
7 3 2 2 -6.748050453900e-02
7 3 2 3 -8.032954066400e-02
7 3 3 1 -6.748050453900e-02
7 3 3 2 -6.748050453900e-02
7 3 3 3 -8.032954066400e-02
7 3 4 1 6.748050453900e-02
7 3 4 2 6.748050453900e-02
7 3 4 3 -8.032954066400e-02
7 3 5 1 -4.570077610900e-17
7 3 5 3 -1.752995183000e-03
7 3 6 1 9.140155221700e-17
7 3 6 3 -1.752995183000e-03
7 3 7 1 -4.570077610900e-17
7 3 7 2 -4.570077610900e-17
7 3 8 1 -4.570077610900e-17
7 3 8 3 1.945572076400e-02
8 1 1 1 -8.032954066400e-02
8 1 1 2 6.748050453900e-02
8 1 1 3 6.748050453900e-02
8 1 2 1 -8.032954066400e-02
8 1 2 2 6.748050453900e-02
8 1 2 3 -6.748050453900e-02
8 1 3 1 -8.032954066400e-02
8 1 3 2 -6.748050453900e-02
8 1 3 3 6.748050453900e-02
8 1 4 1 -8.032954066400e-02
8 1 4 2 -6.748050453900e-02
8 1 4 3 -6.748050453900e-02
8 1 5 1 1.945572076400e-02
8 1 5 2 -2.285038805400e-17
8 1 5 3 -4.570077610900e-17
8 1 6 1 -1.752995183000e-03
8 1 6 2 4.570077610900e-17
8 1 6 3 -6.855116416300e-17
8 1 7 1 -1.752995183000e-03
8 1 7 2 2.285038805400e-17
8 1 8 2 -4.570077610900e-17
8 1 8 3 -9.140155221700e-17
8 2 1 1 6.748050453900e-02
8 2 1 2 -8.032954066400e-02
8 2 1 3 -6.748050453900e-02
8 2 2 1 6.748050453900e-02
8 2 2 2 -8.032954066400e-02
8 2 2 3 6.748050453900e-02
8 2 3 1 -6.748050453900e-02
8 2 3 2 -8.032954066400e-02
8 2 3 3 6.748050453900e-02
8 2 4 1 -6.748050453900e-02
8 2 4 2 -8.032954066400e-02
8 2 4 3 -6.748050453900e-02
8 2 5 1 4.570077610900e-17
8 2 5 2 -1.752995183000e-03
8 2 5 3 -9.140155221700e-17
8 2 6 1 -9.140155221700e-17
8 2 6 2 1.945572076400e-02
8 2 6 3 -4.570077610900e-17
8 2 7 1 -4.570077610900e-17
8 2 7 2 -1.752995183000e-03
8 2 7 3 4.570077610900e-17
8 2 8 3 -4.570077610900e-17
8 3 1 1 6.748050453900e-02
8 3 1 2 -6.748050453900e-02
8 3 1 3 -8.032954066400e-02
8 3 2 1 -6.748050453900e-02
8 3 2 2 6.748050453900e-02
8 3 2 3 -8.032954066400e-02
8 3 3 1 6.748050453900e-02
8 3 3 2 6.748050453900e-02
8 3 3 3 -8.032954066400e-02
8 3 4 1 -6.748050453900e-02
8 3 4 2 -6.748050453900e-02
8 3 4 3 -8.032954066400e-02
8 3 5 1 6.855116416300e-17
8 3 5 2 -4.570077610900e-17
8 3 5 3 -1.752995183000e-03
8 3 6 1 -2.285038805400e-17
8 3 6 2 2.285038805400e-17
8 3 6 3 -1.752995183000e-03
8 3 7 1 -6.855116416300e-17
8 3 7 2 -2.285038805400e-17
8 3 7 3 1.945572076400e-02
8 3 8 1 -6.855116416300e-17
