2662
1 1 1 1 5 1 -5.0770031826e-02
1 1 1 1 5 2 -9.6740768897e-02
1 1 1 1 5 3 -9.6740768897e-02
1 1 1 1 6 1 5.0770031802e-02
1 1 1 1 6 2 9.6740768969e-02
1 1 1 1 6 3 -9.6740768940e-02
1 1 1 1 7 1 5.0770031872e-02
1 1 1 1 7 2 -9.6740768940e-02
1 1 1 1 7 3 9.6740768977e-02
1 1 1 1 8 1 -5.0770031862e-02
1 1 1 1 8 2 9.6740768955e-02
1 1 1 1 8 3 9.6740768957e-02
1 1 1 2 1 3 5.0186953723e-01
1 1 1 2 5 1 -9.6456956487e-02
1 1 1 2 5 2 -9.6456946889e-02
1 1 1 2 5 3 -1.2850029539e-01
1 1 1 2 6 1 9.6456956550e-02
1 1 1 2 6 2 9.6456946855e-02
1 1 1 2 6 3 -1.2850029545e-01
1 1 1 2 7 1 -9.6456956548e-02
1 1 1 2 7 2 9.6456946882e-02
1 1 1 2 7 3 -1.2850029545e-01
1 1 1 2 8 1 9.6456956533e-02
1 1 1 2 8 2 -9.6456946850e-02
1 1 1 2 8 3 -1.2850029545e-01
1 1 1 3 1 2 5.0186953723e-01
1 1 1 3 5 1 -9.6456956490e-02
1 1 1 3 5 2 -1.2850029539e-01
1 1 1 3 5 3 -9.6456946882e-02
1 1 1 3 6 1 -9.6456956548e-02
1 1 1 3 6 2 -1.2850029545e-01
1 1 1 3 6 3 9.6456946918e-02
1 1 1 3 7 1 9.6456956492e-02
1 1 1 3 7 2 -1.2850029545e-01
1 1 1 3 7 3 9.6456946930e-02
1 1 1 3 8 1 9.6456956528e-02
1 1 1 3 8 2 -1.2850029546e-01
1 1 1 3 8 3 -9.6456946853e-02
1 1 5 1 1 1 -5.0770031826e-02
1 1 5 1 1 2 -9.6456956487e-02
1 1 5 1 1 3 -9.6456956490e-02
1 1 5 1 5 1 5.0770030114e-02
1 1 5 1 5 2 9.6456954758e-02
1 1 5 1 5 3 9.6456954761e-02
1 1 5 2 1 1 -9.6740768897e-02
1 1 5 2 1 2 -9.6456946889e-02
1 1 5 2 1 3 -1.2850029539e-01
1 1 5 2 5 1 9.6456954758e-02
1 1 5 2 5 2 9.6740739463e-02
1 1 5 2 5 3 1.2850030499e-01
1 1 5 3 1 1 -9.6740768897e-02
1 1 5 3 1 2 -1.2850029539e-01
1 1 5 3 1 3 -9.6456946882e-02
1 1 5 3 5 1 9.6456954761e-02
1 1 5 3 5 2 1.2850030499e-01
1 1 5 3 5 3 9.6740739465e-02
1 1 6 1 1 1 5.0770031802e-02
1 1 6 1 1 2 9.6456956550e-02
1 1 6 1 1 3 -9.6456956548e-02
1 1 6 1 6 1 -5.0770030167e-02
1 1 6 1 6 2 -9.6456954872e-02
1 1 6 1 6 3 9.6456954804e-02
1 1 6 2 1 1 9.6740768969e-02
1 1 6 2 1 2 9.6456946855e-02
1 1 6 2 1 3 -1.2850029545e-01
1 1 6 2 6 1 -9.6456954872e-02
1 1 6 2 6 2 -9.6740739504e-02
1 1 6 2 6 3 1.2850030504e-01
1 1 6 3 1 1 -9.6740768940e-02
1 1 6 3 1 2 -1.2850029545e-01
1 1 6 3 1 3 9.6456946918e-02
1 1 6 3 6 1 9.6456954804e-02
1 1 6 3 6 2 1.2850030504e-01
1 1 6 3 6 3 -9.6740739463e-02
1 1 7 1 1 1 5.0770031872e-02
1 1 7 1 1 2 -9.6456956548e-02
1 1 7 1 1 3 9.6456956492e-02
1 1 7 1 7 1 -5.0770030172e-02
1 1 7 1 7 2 9.6456954794e-02
1 1 7 1 7 3 -9.6456954867e-02
1 1 7 2 1 1 -9.6740768940e-02
1 1 7 2 1 2 9.6456946882e-02
1 1 7 2 1 3 -1.2850029545e-01
1 1 7 2 7 1 9.6456954794e-02
1 1 7 2 7 2 -9.6740739470e-02
1 1 7 2 7 3 1.2850030503e-01
1 1 7 3 1 1 9.6740768977e-02
1 1 7 3 1 2 -1.2850029545e-01
1 1 7 3 1 3 9.6456946930e-02
1 1 7 3 7 1 -9.6456954867e-02
1 1 7 3 7 2 1.2850030503e-01
1 1 7 3 7 3 -9.6740739511e-02
1 1 8 1 1 1 -5.0770031862e-02
1 1 8 1 1 2 9.6456956533e-02
1 1 8 1 1 3 9.6456956528e-02
1 1 8 1 8 1 5.0770030126e-02
1 1 8 1 8 2 -9.6456954814e-02
1 1 8 1 8 3 -9.6456954804e-02
1 1 8 2 1 1 9.6740768955e-02
1 1 8 2 1 2 -9.6456946850e-02
1 1 8 2 1 3 -1.2850029546e-01
1 1 8 2 8 1 -9.6456954814e-02
1 1 8 2 8 2 9.6740739513e-02
1 1 8 2 8 3 1.2850030507e-01
1 1 8 3 1 1 9.6740768957e-02
1 1 8 3 1 2 -1.2850029545e-01
1 1 8 3 1 3 -9.6456946853e-02
1 1 8 3 8 1 -9.6456954804e-02
1 1 8 3 8 2 1.2850030507e-01
1 1 8 3 8 3 9.6740739513e-02
1 2 1 1 1 3 5.0186953734e-01
1 2 1 1 5 1 -9.6456946906e-02
1 2 1 1 5 2 -9.6456956512e-02
1 2 1 1 5 3 -1.2850029537e-01
1 2 1 1 6 1 9.6456946857e-02
1 2 1 1 6 2 9.6456956545e-02
1 2 1 1 6 3 -1.2850029544e-01
1 2 1 1 7 1 -9.6456946940e-02
1 2 1 1 7 2 9.6456956565e-02
1 2 1 1 7 3 -1.2850029546e-01
1 2 1 1 8 1 9.6456946930e-02
1 2 1 1 8 2 -9.6456956550e-02
1 2 1 1 8 3 -1.2850029547e-01
1 2 1 2 5 1 -9.6740768902e-02
1 2 1 2 5 2 -5.0770031838e-02
1 2 1 2 5 3 -9.6740768873e-02
1 2 1 2 6 1 9.6740768955e-02
1 2 1 2 6 2 5.0770031814e-02
1 2 1 2 6 3 -9.6740768916e-02
1 2 1 2 7 1 9.6740768950e-02
1 2 1 2 7 2 -5.0770031843e-02
1 2 1 2 7 3 9.6740768940e-02
1 2 1 2 8 1 -9.6740768902e-02
1 2 1 2 8 2 5.0770031838e-02
1 2 1 2 8 3 9.6740768935e-02
1 2 1 3 1 1 5.0186953734e-01
1 2 1 3 5 1 -1.2850029540e-01
1 2 1 3 5 2 -9.6456956516e-02
1 2 1 3 5 3 -9.6456946891e-02
1 2 1 3 6 1 -1.2850029545e-01
1 2 1 3 6 2 -9.6456956541e-02
1 2 1 3 6 3 9.6456946930e-02
1 2 1 3 7 1 -1.2850029538e-01
1 2 1 3 7 2 9.6456956560e-02
1 2 1 3 7 3 -9.6456946901e-02
1 2 1 3 8 1 -1.2850029545e-01
1 2 1 3 8 2 9.6456956565e-02
1 2 1 3 8 3 9.6456946853e-02
1 2 5 1 1 1 -9.6456946906e-02
1 2 5 1 1 2 -9.6740768902e-02
1 2 5 1 1 3 -1.2850029540e-01
1 2 5 1 5 1 9.6740739484e-02
1 2 5 1 5 2 9.6456954746e-02
1 2 5 1 5 3 1.2850030500e-01
1 2 5 2 1 1 -9.6456956512e-02
1 2 5 2 1 2 -5.0770031838e-02
1 2 5 2 1 3 -9.6456956516e-02
1 2 5 2 5 1 9.6456954746e-02
1 2 5 2 5 2 5.0770030116e-02
1 2 5 2 5 3 9.6456954756e-02
1 2 5 3 1 1 -1.2850029537e-01
1 2 5 3 1 2 -9.6740768873e-02
1 2 5 3 1 3 -9.6456946891e-02
1 2 5 3 5 1 1.2850030500e-01
1 2 5 3 5 2 9.6456954756e-02
1 2 5 3 5 3 9.6740739504e-02
1 2 6 1 1 1 9.6456946857e-02
1 2 6 1 1 2 9.6740768955e-02
1 2 6 1 1 3 -1.2850029545e-01
1 2 6 1 6 1 -9.6740739533e-02
1 2 6 1 6 2 -9.6456954886e-02
1 2 6 1 6 3 1.2850030499e-01
1 2 6 2 1 1 9.6456956545e-02
1 2 6 2 1 2 5.0770031814e-02
1 2 6 2 1 3 -9.6456956541e-02
1 2 6 2 6 1 -9.6456954886e-02
1 2 6 2 6 2 -5.0770030174e-02
1 2 6 2 6 3 9.6456954799e-02
1 2 6 3 1 1 -1.2850029544e-01
1 2 6 3 1 2 -9.6740768916e-02
1 2 6 3 1 3 9.6456946930e-02
1 2 6 3 6 1 1.2850030499e-01
1 2 6 3 6 2 9.6456954799e-02
1 2 6 3 6 3 -9.6740739465e-02
1 2 7 1 1 1 -9.6456946940e-02
1 2 7 1 1 2 9.6740768950e-02
1 2 7 1 1 3 -1.2850029538e-01
1 2 7 1 7 1 9.6740739538e-02
1 2 7 1 7 2 -9.6456954804e-02
1 2 7 1 7 3 1.2850030507e-01
1 2 7 2 1 1 9.6456956565e-02
1 2 7 2 1 2 -5.0770031843e-02
1 2 7 2 1 3 9.6456956560e-02
1 2 7 2 7 1 -9.6456954804e-02
1 2 7 2 7 2 5.0770030097e-02
1 2 7 2 7 3 -9.6456954804e-02
1 2 7 3 1 1 -1.2850029546e-01
1 2 7 3 1 2 9.6740768940e-02
1 2 7 3 1 3 -9.6456946901e-02
1 2 7 3 7 1 1.2850030507e-01
1 2 7 3 7 2 -9.6456954804e-02
1 2 7 3 7 3 9.6740739538e-02
1 2 8 1 1 1 9.6456946930e-02
1 2 8 1 1 2 -9.6740768902e-02
1 2 8 1 1 3 -1.2850029545e-01
1 2 8 1 8 1 -9.6740739475e-02
1 2 8 1 8 2 9.6456954799e-02
1 2 8 1 8 3 1.2850030499e-01
1 2 8 2 1 1 -9.6456956550e-02
1 2 8 2 1 2 5.0770031838e-02
1 2 8 2 1 3 9.6456956565e-02
1 2 8 2 8 1 9.6456954799e-02
1 2 8 2 8 2 -5.0770030189e-02
1 2 8 2 8 3 -9.6456954886e-02
1 2 8 3 1 1 -1.2850029547e-01
1 2 8 3 1 2 9.6740768935e-02
1 2 8 3 1 3 9.6456946853e-02
1 2 8 3 8 1 1.2850030499e-01
1 2 8 3 8 2 -9.6456954886e-02
1 2 8 3 8 3 -9.6740739538e-02
1 3 1 1 1 2 5.0186953729e-01
1 3 1 1 5 1 -9.6456946872e-02
1 3 1 1 5 2 -1.2850029538e-01
1 3 1 1 5 3 -9.6456956483e-02
1 3 1 1 6 1 -9.6456946862e-02
1 3 1 1 6 2 -1.2850029545e-01
1 3 1 1 6 3 9.6456956531e-02
1 3 1 1 7 1 9.6456946935e-02
1 3 1 1 7 2 -1.2850029546e-01
1 3 1 1 7 3 9.6456956550e-02
1 3 1 1 8 1 9.6456946925e-02
1 3 1 1 8 2 -1.2850029544e-01
1 3 1 1 8 3 -9.6456956545e-02
1 3 1 2 1 1 5.0186953729e-01
1 3 1 2 5 1 -1.2850029539e-01
1 3 1 2 5 2 -9.6456946896e-02
1 3 1 2 5 3 -9.6456956497e-02
1 3 1 2 6 1 -1.2850029545e-01
1 3 1 2 6 2 -9.6456946843e-02
1 3 1 2 6 3 9.6456956526e-02
1 3 1 2 7 1 -1.2850029544e-01
1 3 1 2 7 2 9.6456946896e-02
1 3 1 2 7 3 -9.6456956550e-02
1 3 1 2 8 1 -1.2850029544e-01
1 3 1 2 8 2 9.6456946853e-02
1 3 1 2 8 3 9.6456956555e-02
1 3 1 3 5 1 -9.6740768892e-02
1 3 1 3 5 2 -9.6740768897e-02
1 3 1 3 5 3 -5.0770031828e-02
1 3 1 3 6 1 9.6740768969e-02
1 3 1 3 6 2 9.6740768955e-02
1 3 1 3 6 3 -5.0770031848e-02
1 3 1 3 7 1 9.6740768921e-02
1 3 1 3 7 2 -9.6740768931e-02
1 3 1 3 7 3 5.0770031872e-02
1 3 1 3 8 1 -9.6740768940e-02
1 3 1 3 8 2 9.6740768969e-02
1 3 1 3 8 3 5.0770031819e-02
1 3 5 1 1 1 -9.6456946872e-02
1 3 5 1 1 2 -1.2850029539e-01
1 3 5 1 1 3 -9.6740768892e-02
1 3 5 1 5 1 9.6740739465e-02
1 3 5 1 5 2 1.2850030498e-01
1 3 5 1 5 3 9.6456954761e-02
1 3 5 2 1 1 -1.2850029538e-01
1 3 5 2 1 2 -9.6456946896e-02
1 3 5 2 1 3 -9.6740768897e-02
1 3 5 2 5 1 1.2850030498e-01
1 3 5 2 5 2 9.6740739470e-02
1 3 5 2 5 3 9.6456954761e-02
1 3 5 3 1 1 -9.6456956483e-02
1 3 5 3 1 2 -9.6456956497e-02
1 3 5 3 1 3 -5.0770031828e-02
1 3 5 3 5 1 9.6456954761e-02
1 3 5 3 5 2 9.6456954761e-02
1 3 5 3 5 3 5.0770030116e-02
1 3 6 1 1 1 -9.6456946862e-02
1 3 6 1 1 2 -1.2850029545e-01
1 3 6 1 1 3 9.6740768969e-02
1 3 6 1 6 1 9.6740739504e-02
1 3 6 1 6 2 1.2850030508e-01
1 3 6 1 6 3 -9.6456954785e-02
1 3 6 2 1 1 -1.2850029545e-01
1 3 6 2 1 2 -9.6456946843e-02
1 3 6 2 1 3 9.6740768955e-02
1 3 6 2 6 1 1.2850030508e-01
1 3 6 2 6 2 9.6740739513e-02
1 3 6 2 6 3 -9.6456954794e-02
1 3 6 3 1 1 9.6456956531e-02
1 3 6 3 1 2 9.6456956526e-02
1 3 6 3 1 3 -5.0770031848e-02
1 3 6 3 6 1 -9.6456954785e-02
1 3 6 3 6 2 -9.6456954794e-02
1 3 6 3 6 3 5.0770030111e-02
1 3 7 1 1 1 9.6456946935e-02
1 3 7 1 1 2 -1.2850029544e-01
1 3 7 1 1 3 9.6740768921e-02
1 3 7 1 7 1 -9.6740739504e-02
1 3 7 1 7 2 1.2850030504e-01
1 3 7 1 7 3 -9.6456954882e-02
1 3 7 2 1 1 -1.2850029546e-01
1 3 7 2 1 2 9.6456946896e-02
1 3 7 2 1 3 -9.6740768931e-02
1 3 7 2 7 1 1.2850030504e-01
1 3 7 2 7 2 -9.6740739455e-02
1 3 7 2 7 3 9.6456954790e-02
1 3 7 3 1 1 9.6456956550e-02
1 3 7 3 1 2 -9.6456956550e-02
1 3 7 3 1 3 5.0770031872e-02
1 3 7 3 7 1 -9.6456954882e-02
1 3 7 3 7 2 9.6456954790e-02
1 3 7 3 7 3 -5.0770030159e-02
1 3 8 1 1 1 9.6456946925e-02
1 3 8 1 1 2 -1.2850029544e-01
1 3 8 1 1 3 -9.6740768940e-02
1 3 8 1 8 1 -9.6740739475e-02
1 3 8 1 8 2 1.2850030504e-01
1 3 8 1 8 3 9.6456954804e-02
1 3 8 2 1 1 -1.2850029544e-01
1 3 8 2 1 2 9.6456946853e-02
1 3 8 2 1 3 9.6740768969e-02
1 3 8 2 8 1 1.2850030504e-01
1 3 8 2 8 2 -9.6740739504e-02
1 3 8 2 8 3 -9.6456954872e-02
1 3 8 3 1 1 -9.6456956545e-02
1 3 8 3 1 2 9.6456956555e-02
1 3 8 3 1 3 5.0770031819e-02
1 3 8 3 8 1 9.6456954804e-02
1 3 8 3 8 2 -9.6456954872e-02
1 3 8 3 8 3 -5.0770030179e-02
2 1 2 1 2 1 1.2575575791e-10
2 1 2 1 5 1 5.0770031838e-02
2 1 2 1 5 2 9.6740768892e-02
2 1 2 1 5 3 -9.6740768940e-02
2 1 2 1 6 1 -5.0770031838e-02
2 1 2 1 6 2 -9.6740768940e-02
2 1 2 1 6 3 -9.6740768926e-02
2 1 2 1 7 1 -5.0770031838e-02
2 1 2 1 7 2 9.6740768960e-02
2 1 2 1 7 3 9.6740768940e-02
2 1 2 1 8 1 5.0770031838e-02
2 1 2 1 8 2 -9.6740768979e-02
2 1 2 1 8 3 9.6740768945e-02
2 1 2 2 2 3 5.0186953719e-01
2 1 2 2 5 1 9.6456956487e-02
2 1 2 2 5 2 9.6456946886e-02
2 1 2 2 5 3 -1.2850029544e-01
2 1 2 2 6 1 -9.6456956536e-02
2 1 2 2 6 2 -9.6456946901e-02
2 1 2 2 6 3 -1.2850029543e-01
2 1 2 2 7 1 9.6456956574e-02
2 1 2 2 7 2 -9.6456946886e-02
2 1 2 2 7 3 -1.2850029543e-01
2 1 2 2 8 1 -9.6456956589e-02
2 1 2 2 8 2 9.6456946886e-02
2 1 2 2 8 3 -1.2850029544e-01
2 1 2 3 2 2 5.0186953719e-01
2 1 2 3 5 1 -9.6456956565e-02
2 1 2 3 5 2 -1.2850029546e-01
2 1 2 3 5 3 9.6456946915e-02
2 1 2 3 6 1 -9.6456956531e-02
2 1 2 3 6 2 -1.2850029546e-01
2 1 2 3 6 3 -9.6456946886e-02
2 1 2 3 7 1 9.6456956502e-02
2 1 2 3 7 2 -1.2850029545e-01
2 1 2 3 7 3 -9.6456946848e-02
2 1 2 3 8 1 9.6456956483e-02
2 1 2 3 8 2 -1.2850029548e-01
2 1 2 3 8 3 9.6456946925e-02
2 1 5 1 2 1 5.0770031838e-02
2 1 5 1 2 2 9.6456956487e-02
2 1 5 1 2 3 -9.6456956565e-02
2 1 5 1 5 1 -5.0770030145e-02
2 1 5 1 5 2 -9.6456954814e-02
2 1 5 1 5 3 9.6456954804e-02
2 1 5 2 2 1 9.6740768892e-02
2 1 5 2 2 2 9.6456946886e-02
2 1 5 2 2 3 -1.2850029546e-01
2 1 5 2 5 1 -9.6456954814e-02
2 1 5 2 5 2 -9.6740739494e-02
2 1 5 2 5 3 1.2850030502e-01
2 1 5 3 2 1 -9.6740768940e-02
2 1 5 3 2 2 -1.2850029544e-01
2 1 5 3 2 3 9.6456946915e-02
2 1 5 3 5 1 9.6456954804e-02
2 1 5 3 5 2 1.2850030502e-01
2 1 5 3 5 3 -9.6740739455e-02
2 1 6 1 2 1 -5.0770031838e-02
2 1 6 1 2 2 -9.6456956536e-02
2 1 6 1 2 3 -9.6456956531e-02
2 1 6 1 6 1 5.0770030072e-02
2 1 6 1 6 2 9.6456954848e-02
2 1 6 1 6 3 9.6456954838e-02
2 1 6 2 2 1 -9.6740768940e-02
2 1 6 2 2 2 -9.6456946901e-02
2 1 6 2 2 3 -1.2850029546e-01
2 1 6 2 6 1 9.6456954848e-02
2 1 6 2 6 2 9.6740739431e-02
2 1 6 2 6 3 1.2850030506e-01
2 1 6 3 2 1 -9.6740768926e-02
2 1 6 3 2 2 -1.2850029543e-01
2 1 6 3 2 3 -9.6456946886e-02
2 1 6 3 6 1 9.6456954838e-02
2 1 6 3 6 2 1.2850030506e-01
2 1 6 3 6 3 9.6740739494e-02
2 1 7 1 2 1 -5.0770031838e-02
2 1 7 1 2 2 9.6456956574e-02
2 1 7 1 2 3 9.6456956502e-02
2 1 7 1 7 1 5.0770030068e-02
2 1 7 1 7 2 -9.6456954814e-02
2 1 7 1 7 3 -9.6456954794e-02
2 1 7 2 2 1 9.6740768960e-02
2 1 7 2 2 2 -9.6456946886e-02
2 1 7 2 2 3 -1.2850029545e-01
2 1 7 2 7 1 -9.6456954814e-02
2 1 7 2 7 2 9.6740739523e-02
2 1 7 2 7 3 1.2850030504e-01
2 1 7 3 2 1 9.6740768940e-02
2 1 7 3 2 2 -1.2850029543e-01
2 1 7 3 2 3 -9.6456946848e-02
2 1 7 3 7 1 -9.6456954794e-02
2 1 7 3 7 2 1.2850030504e-01
2 1 7 3 7 3 9.6740739523e-02
2 1 8 1 2 1 5.0770031838e-02
2 1 8 1 2 2 -9.6456956589e-02
2 1 8 1 2 3 9.6456956483e-02
2 1 8 1 8 1 -5.0770030159e-02
2 1 8 1 8 2 9.6456954799e-02
2 1 8 1 8 3 -9.6456954838e-02
2 1 8 2 2 1 -9.6740768979e-02
2 1 8 2 2 2 9.6456946886e-02
2 1 8 2 2 3 -1.2850029548e-01
2 1 8 2 8 1 9.6456954799e-02
2 1 8 2 8 2 -9.6740739402e-02
2 1 8 2 8 3 1.2850030502e-01
2 1 8 3 2 1 9.6740768945e-02
2 1 8 3 2 2 -1.2850029544e-01
2 1 8 3 2 3 9.6456946925e-02
2 1 8 3 8 1 -9.6456954838e-02
2 1 8 3 8 2 1.2850030502e-01
2 1 8 3 8 3 -9.6740739509e-02
2 2 2 1 2 3 5.0186953736e-01
2 2 2 1 5 1 9.6456946882e-02
2 2 2 1 5 2 9.6456956487e-02
2 2 2 1 5 3 -1.2850029544e-01
2 2 2 1 6 1 -9.6456946906e-02
2 2 2 1 6 2 -9.6456956555e-02
2 2 2 1 6 3 -1.2850029541e-01
2 2 2 1 7 1 9.6456946906e-02
2 2 2 1 7 2 -9.6456956594e-02
2 2 2 1 7 3 -1.2850029547e-01
2 2 2 1 8 1 -9.6456946882e-02
2 2 2 1 8 2 9.6456956608e-02
2 2 2 1 8 3 -1.2850029540e-01
2 2 2 2 2 2 1.1124547815e-10
2 2 2 2 2 3 1.1608223807e-10
2 2 2 2 5 1 9.6740768863e-02
2 2 2 2 5 2 5.0770031877e-02
2 2 2 2 5 3 -9.6740768892e-02
2 2 2 2 6 1 -9.6740768902e-02
2 2 2 2 6 2 -5.0770031828e-02
2 2 2 2 6 3 -9.6740768877e-02
2 2 2 2 7 1 -9.6740768940e-02
2 2 2 2 7 2 5.0770031881e-02
2 2 2 2 7 3 9.6740768892e-02
2 2 2 2 8 1 9.6740768945e-02
2 2 2 2 8 2 -5.0770031848e-02
2 2 2 2 8 3 9.6740768926e-02
2 2 2 3 2 1 5.0186953736e-01
2 2 2 3 2 2 1.1608223807e-10
2 2 2 3 5 1 -1.2850029546e-01
2 2 2 3 5 2 -9.6456956584e-02
2 2 2 3 5 3 9.6456946944e-02
2 2 2 3 6 1 -1.2850029546e-01
2 2 2 3 6 2 -9.6456956560e-02
2 2 2 3 6 3 -9.6456946886e-02
2 2 2 3 7 1 -1.2850029543e-01
2 2 2 3 7 2 9.6456956589e-02
2 2 2 3 7 3 9.6456946848e-02
2 2 2 3 8 1 -1.2850029537e-01
2 2 2 3 8 2 9.6456956599e-02
2 2 2 3 8 3 -9.6456946901e-02
2 2 5 1 2 1 9.6456946882e-02
2 2 5 1 2 2 9.6740768863e-02
2 2 5 1 2 3 -1.2850029546e-01
2 2 5 1 5 1 -9.6740739504e-02
2 2 5 1 5 2 -9.6456954824e-02
2 2 5 1 5 3 1.2850030501e-01
2 2 5 2 2 1 9.6456956487e-02
2 2 5 2 2 2 5.0770031877e-02
2 2 5 2 2 3 -9.6456956584e-02
2 2 5 2 5 1 -9.6456954824e-02
2 2 5 2 5 2 -5.0770030155e-02
2 2 5 2 5 3 9.6456954814e-02
2 2 5 3 2 1 -1.2850029544e-01
2 2 5 3 2 2 -9.6740768892e-02
2 2 5 3 2 3 9.6456946944e-02
2 2 5 3 5 1 1.2850030501e-01
2 2 5 3 5 2 9.6456954814e-02
2 2 5 3 5 3 -9.6740739465e-02
2 2 6 1 2 1 -9.6456946906e-02
2 2 6 1 2 2 -9.6740768902e-02
2 2 6 1 2 3 -1.2850029546e-01
2 2 6 1 6 1 9.6740739455e-02
2 2 6 1 6 2 9.6456954857e-02
2 2 6 1 6 3 1.2850030504e-01
2 2 6 2 2 1 -9.6456956555e-02
2 2 6 2 2 2 -5.0770031828e-02
2 2 6 2 2 3 -9.6456956560e-02
2 2 6 2 6 1 9.6456954857e-02
2 2 6 2 6 2 5.0770030082e-02
2 2 6 2 6 3 9.6456954838e-02
2 2 6 3 2 1 -1.2850029541e-01
2 2 6 3 2 2 -9.6740768877e-02
2 2 6 3 2 3 -9.6456946886e-02
2 2 6 3 6 1 1.2850030504e-01
2 2 6 3 6 2 9.6456954838e-02
2 2 6 3 6 3 9.6740739504e-02
2 2 7 1 2 1 9.6456946906e-02
2 2 7 1 2 2 -9.6740768940e-02
2 2 7 1 2 3 -1.2850029543e-01
2 2 7 1 7 1 -9.6740739407e-02
2 2 7 1 7 2 9.6456954824e-02
2 2 7 1 7 3 1.2850030503e-01
2 2 7 2 2 1 -9.6456956594e-02
2 2 7 2 2 2 5.0770031881e-02
2 2 7 2 2 3 9.6456956589e-02
2 2 7 2 7 1 9.6456954824e-02
2 2 7 2 7 2 -5.0770030164e-02
2 2 7 2 7 3 -9.6456954843e-02
2 2 7 3 2 1 -1.2850029547e-01
2 2 7 3 2 2 9.6740768892e-02
2 2 7 3 2 3 9.6456946848e-02
2 2 7 3 7 1 1.2850030503e-01
2 2 7 3 7 2 -9.6456954843e-02
2 2 7 3 7 3 -9.6740739513e-02
2 2 8 1 2 1 -9.6456946882e-02
2 2 8 1 2 2 9.6740768945e-02
2 2 8 1 2 3 -1.2850029537e-01
2 2 8 1 8 1 9.6740739528e-02
2 2 8 1 8 2 -9.6456954804e-02
2 2 8 1 8 3 1.2850030506e-01
2 2 8 2 2 1 9.6456956608e-02
2 2 8 2 2 2 -5.0770031848e-02
2 2 8 2 2 3 9.6456956599e-02
2 2 8 2 8 1 -9.6456954804e-02
2 2 8 2 8 2 5.0770030068e-02
2 2 8 2 8 3 -9.6456954785e-02
2 2 8 3 2 1 -1.2850029540e-01
2 2 8 3 2 2 9.6740768926e-02
2 2 8 3 2 3 -9.6456946901e-02
2 2 8 3 8 1 1.2850030506e-01
2 2 8 3 8 2 -9.6456954785e-02
2 2 8 3 8 3 9.6740739528e-02
2 3 2 1 2 2 5.0186953724e-01
2 3 2 1 5 1 -9.6456946898e-02
2 3 2 1 5 2 -1.2850029539e-01
2 3 2 1 5 3 9.6456956528e-02
2 3 2 1 6 1 -9.6456946884e-02
2 3 2 1 6 2 -1.2850029543e-01
2 3 2 1 6 3 -9.6456956511e-02
2 3 2 1 7 1 9.6456946889e-02
2 3 2 1 7 2 -1.2850029548e-01
2 3 2 1 7 3 -9.6456956545e-02
2 3 2 1 8 1 9.6456946888e-02
2 3 2 1 8 2 -1.2850029547e-01
2 3 2 1 8 3 9.6456956517e-02
2 3 2 2 2 1 5.0186953724e-01
2 3 2 2 5 1 -1.2850029539e-01
2 3 2 2 5 2 -9.6456946879e-02
2 3 2 2 5 3 9.6456956519e-02
2 3 2 2 6 1 -1.2850029544e-01
2 3 2 2 6 2 -9.6456946898e-02
2 3 2 2 6 3 -9.6456956531e-02
2 3 2 2 7 1 -1.2850029547e-01
2 3 2 2 7 2 9.6456946889e-02
2 3 2 2 7 3 9.6456956524e-02
2 3 2 2 8 1 -1.2850029547e-01
2 3 2 2 8 2 9.6456946890e-02
2 3 2 2 8 3 -9.6456956552e-02
2 3 2 3 5 1 9.6740768969e-02
2 3 2 3 5 2 9.6740768965e-02
2 3 2 3 5 3 -5.0770031850e-02
2 3 2 3 6 1 -9.6740768937e-02
2 3 2 3 6 2 -9.6740768945e-02
2 3 2 3 6 3 -5.0770031829e-02
2 3 2 3 7 1 -9.6740768916e-02
2 3 2 3 7 2 9.6740768935e-02
2 3 2 3 7 3 5.0770031821e-02
2 3 2 3 8 1 9.6740768888e-02
2 3 2 3 8 2 -9.6740768990e-02
2 3 2 3 8 3 5.0770031879e-02
2 3 5 1 2 1 -9.6456946898e-02
2 3 5 1 2 2 -1.2850029539e-01
2 3 5 1 2 3 9.6740768969e-02
2 3 5 1 5 1 9.6740739511e-02
2 3 5 1 5 2 1.2850030501e-01
2 3 5 1 5 3 -9.6456954799e-02
2 3 5 2 2 1 -1.2850029539e-01
2 3 5 2 2 2 -9.6456946879e-02
2 3 5 2 2 3 9.6740768965e-02
2 3 5 2 5 1 1.2850030501e-01
2 3 5 2 5 2 9.6740739499e-02
2 3 5 2 5 3 -9.6456954797e-02
2 3 5 3 2 1 9.6456956528e-02
2 3 5 3 2 2 9.6456956519e-02
2 3 5 3 2 3 -5.0770031850e-02
2 3 5 3 5 1 -9.6456954799e-02
2 3 5 3 5 2 -9.6456954797e-02
2 3 5 3 5 3 5.0770030109e-02
2 3 6 1 2 1 -9.6456946884e-02
2 3 6 1 2 2 -1.2850029544e-01
2 3 6 1 2 3 -9.6740768937e-02
2 3 6 1 6 1 9.6740739414e-02
2 3 6 1 6 2 1.2850030505e-01
2 3 6 1 6 3 9.6456954830e-02
2 3 6 2 2 1 -1.2850029543e-01
2 3 6 2 2 2 -9.6456946898e-02
2 3 6 2 2 3 -9.6740768945e-02
2 3 6 2 6 1 1.2850030505e-01
2 3 6 2 6 2 9.6740739414e-02
2 3 6 2 6 3 9.6456954832e-02
2 3 6 3 2 1 -9.6456956511e-02
2 3 6 3 2 2 -9.6456956531e-02
2 3 6 3 2 3 -5.0770031829e-02
2 3 6 3 6 1 9.6456954830e-02
2 3 6 3 6 2 9.6456954832e-02
2 3 6 3 6 3 5.0770030117e-02
2 3 7 1 2 1 9.6456946889e-02
2 3 7 1 2 2 -1.2850029547e-01
2 3 7 1 2 3 -9.6740768916e-02
2 3 7 1 7 1 -9.6740739409e-02
2 3 7 1 7 2 1.2850030504e-01
2 3 7 1 7 3 9.6456954802e-02
2 3 7 2 2 1 -1.2850029548e-01
2 3 7 2 2 2 9.6456946889e-02
2 3 7 2 2 3 9.6740768935e-02
2 3 7 2 7 1 1.2850030504e-01
2 3 7 2 7 2 -9.6740739504e-02
2 3 7 2 7 3 -9.6456954831e-02
2 3 7 3 2 1 -9.6456956545e-02
2 3 7 3 2 2 9.6456956524e-02
2 3 7 3 2 3 5.0770031821e-02
2 3 7 3 7 1 9.6456954802e-02
2 3 7 3 7 2 -9.6456954831e-02
2 3 7 3 7 3 -5.0770030176e-02
2 3 8 1 2 1 9.6456946888e-02
2 3 8 1 2 2 -1.2850029547e-01
2 3 8 1 2 3 9.6740768888e-02
2 3 8 1 8 1 -9.6740739498e-02
2 3 8 1 8 2 1.2850030504e-01
2 3 8 1 8 3 -9.6456954829e-02
2 3 8 2 2 1 -1.2850029547e-01
2 3 8 2 2 2 9.6456946890e-02
2 3 8 2 2 3 -9.6740768990e-02
2 3 8 2 8 1 1.2850030504e-01
2 3 8 2 8 2 -9.6740739395e-02
2 3 8 2 8 3 9.6456954785e-02
2 3 8 3 2 1 9.6456956517e-02
2 3 8 3 2 2 -9.6456956552e-02
2 3 8 3 2 3 5.0770031879e-02
2 3 8 3 8 1 -9.6456954829e-02
2 3 8 3 8 2 9.6456954785e-02
2 3 8 3 8 3 -5.0770030161e-02
3 1 3 1 3 1 1.0240327643e-10
3 1 3 1 5 1 5.0770031826e-02
3 1 3 1 5 2 -9.6740768940e-02
3 1 3 1 5 3 9.6740768945e-02
3 1 3 1 6 1 -5.0770031835e-02
3 1 3 1 6 2 9.6740768948e-02
3 1 3 1 6 3 9.6740768923e-02
3 1 3 1 7 1 -5.0770031825e-02
3 1 3 1 7 2 -9.6740768928e-02
3 1 3 1 7 3 -9.6740768942e-02
3 1 3 1 8 1 5.0770031831e-02
3 1 3 1 8 2 9.6740768938e-02
3 1 3 1 8 3 -9.6740769005e-02
3 1 3 2 3 3 5.0186953726e-01
3 1 3 2 5 1 -9.6456956572e-02
3 1 3 2 5 2 9.6456946874e-02
3 1 3 2 5 3 -1.2850029543e-01
3 1 3 2 6 1 9.6456956533e-02
3 1 3 2 6 2 -9.6456946853e-02
3 1 3 2 6 3 -1.2850029545e-01
3 1 3 2 7 1 -9.6456956526e-02
3 1 3 2 7 2 -9.6456946891e-02
3 1 3 2 7 3 -1.2850029545e-01
3 1 3 2 8 1 9.6456956549e-02
3 1 3 2 8 2 9.6456946853e-02
3 1 3 2 8 3 -1.2850029547e-01
3 1 3 3 3 2 5.0186953726e-01
3 1 3 3 5 1 9.6456956490e-02
3 1 3 3 5 2 -1.2850029545e-01
3 1 3 3 5 3 9.6456946886e-02
3 1 3 3 6 1 9.6456956560e-02
3 1 3 3 6 2 -1.2850029543e-01
3 1 3 3 6 3 -9.6456946884e-02
3 1 3 3 7 1 -9.6456956528e-02
3 1 3 3 7 2 -1.2850029543e-01
3 1 3 3 7 3 -9.6456946888e-02
3 1 3 3 8 1 -9.6456956566e-02
3 1 3 3 8 2 -1.2850029545e-01
3 1 3 3 8 3 9.6456946887e-02
3 1 5 1 3 1 5.0770031826e-02
3 1 5 1 3 2 -9.6456956572e-02
3 1 5 1 3 3 9.6456956490e-02
3 1 5 1 5 1 -5.0770030155e-02
3 1 5 1 5 2 9.6456954797e-02
3 1 5 1 5 3 -9.6456954802e-02
3 1 5 2 3 1 -9.6740768940e-02
3 1 5 2 3 2 9.6456946874e-02
3 1 5 2 3 3 -1.2850029545e-01
3 1 5 2 5 1 9.6456954797e-02
3 1 5 2 5 2 -9.6740739470e-02
3 1 5 2 5 3 1.2850030503e-01
3 1 5 3 3 1 9.6740768945e-02
3 1 5 3 3 2 -1.2850029543e-01
3 1 5 3 3 3 9.6456946886e-02
3 1 5 3 5 1 -9.6456954802e-02
3 1 5 3 5 2 1.2850030503e-01
3 1 5 3 5 3 -9.6740739511e-02
3 1 6 1 3 1 -5.0770031835e-02
3 1 6 1 3 2 9.6456956533e-02
3 1 6 1 3 3 9.6456956560e-02
3 1 6 1 6 1 5.0770030058e-02
3 1 6 1 6 2 -9.6456954814e-02
3 1 6 1 6 3 -9.6456954853e-02
3 1 6 2 3 1 9.6740768948e-02
3 1 6 2 3 2 -9.6456946853e-02
3 1 6 2 3 3 -1.2850029543e-01
3 1 6 2 6 1 -9.6456954814e-02
3 1 6 2 6 2 9.6740739516e-02
3 1 6 2 6 3 1.2850030500e-01
3 1 6 3 3 1 9.6740768923e-02
3 1 6 3 3 2 -1.2850029545e-01
3 1 6 3 3 3 -9.6456946884e-02
3 1 6 3 6 1 -9.6456954853e-02
3 1 6 3 6 2 1.2850030500e-01
3 1 6 3 6 3 9.6740739513e-02
3 1 7 1 3 1 -5.0770031825e-02
3 1 7 1 3 2 -9.6456956526e-02
3 1 7 1 3 3 -9.6456956528e-02
3 1 7 1 7 1 5.0770030048e-02
3 1 7 1 7 2 9.6456954837e-02
3 1 7 1 7 3 9.6456954877e-02
3 1 7 2 3 1 -9.6740768928e-02
3 1 7 2 3 2 -9.6456946891e-02
3 1 7 2 3 3 -1.2850029543e-01
3 1 7 2 7 1 9.6456954837e-02
3 1 7 2 7 2 9.6740739466e-02
3 1 7 2 7 3 1.2850030508e-01
3 1 7 3 3 1 -9.6740768942e-02
3 1 7 3 3 2 -1.2850029545e-01
3 1 7 3 3 3 -9.6456946888e-02
3 1 7 3 7 1 9.6456954877e-02
3 1 7 3 7 2 1.2850030508e-01
3 1 7 3 7 3 9.6740739406e-02
3 1 8 1 3 1 5.0770031831e-02
3 1 8 1 3 2 9.6456956549e-02
3 1 8 1 3 3 -9.6456956566e-02
3 1 8 1 8 1 -5.0770030149e-02
3 1 8 1 8 2 -9.6456954838e-02
3 1 8 1 8 3 9.6456954796e-02
3 1 8 2 3 1 9.6740768938e-02
3 1 8 2 3 2 9.6456946853e-02
3 1 8 2 3 3 -1.2850029545e-01
3 1 8 2 8 1 -9.6456954838e-02
3 1 8 2 8 2 -9.6740739509e-02
3 1 8 2 8 3 1.2850030502e-01
3 1 8 3 3 1 -9.6740769005e-02
3 1 8 3 3 2 -1.2850029547e-01
3 1 8 3 3 3 9.6456946887e-02
3 1 8 3 8 1 9.6456954796e-02
3 1 8 3 8 2 1.2850030502e-01
3 1 8 3 8 3 -9.6740739403e-02
3 2 3 1 3 2 1.3059251783e-10
3 2 3 1 3 3 5.0186953727e-01
3 2 3 1 5 1 -9.6456946891e-02
3 2 3 1 5 2 9.6456956555e-02
3 2 3 1 5 3 -1.2850029543e-01
3 2 3 1 6 1 9.6456946901e-02
3 2 3 1 6 2 -9.6456956545e-02
3 2 3 1 6 3 -1.2850029544e-01
3 2 3 1 7 1 -9.6456946906e-02
3 2 3 1 7 2 -9.6456956560e-02
3 2 3 1 7 3 -1.2850029543e-01
3 2 3 1 8 1 9.6456946882e-02
3 2 3 1 8 2 9.6456956536e-02
3 2 3 1 8 3 -1.2850029550e-01
3 2 3 2 3 1 1.3059251783e-10
3 2 3 2 3 3 1.4510279759e-10
3 2 3 2 5 1 9.6740768950e-02
3 2 3 2 5 2 -5.0770031857e-02
3 2 3 2 5 3 9.6740768921e-02
3 2 3 2 6 1 -9.6740768892e-02
3 2 3 2 6 2 5.0770031838e-02
3 2 3 2 6 3 9.6740768950e-02
3 2 3 2 7 1 -9.6740768911e-02
3 2 3 2 7 2 -5.0770031838e-02
3 2 3 2 7 3 -9.6740768902e-02
3 2 3 2 8 1 9.6740768931e-02
3 2 3 2 8 2 5.0770031823e-02
3 2 3 2 8 3 -9.6740768950e-02
3 2 3 3 3 1 5.0186953727e-01
3 2 3 3 3 2 1.4510279759e-10
3 2 3 3 5 1 -1.2850029539e-01
3 2 3 3 5 2 9.6456956545e-02
3 2 3 3 5 3 -9.6456946872e-02
3 2 3 3 6 1 -1.2850029548e-01
3 2 3 3 6 2 9.6456956507e-02
3 2 3 3 6 3 9.6456946891e-02
3 2 3 3 7 1 -1.2850029545e-01
3 2 3 3 7 2 -9.6456956560e-02
3 2 3 3 7 3 -9.6456946896e-02
3 2 3 3 8 1 -1.2850029547e-01
3 2 3 3 8 2 -9.6456956531e-02
3 2 3 3 8 3 9.6456946901e-02
3 2 5 1 3 1 -9.6456946891e-02
3 2 5 1 3 2 9.6740768950e-02
3 2 5 1 3 3 -1.2850029539e-01
3 2 5 1 5 1 9.6740739562e-02
3 2 5 1 5 2 -9.6456954814e-02
3 2 5 1 5 3 1.2850030503e-01
3 2 5 2 3 1 9.6456956555e-02
3 2 5 2 3 2 -5.0770031857e-02
3 2 5 2 3 3 9.6456956545e-02
3 2 5 2 5 1 -9.6456954814e-02
3 2 5 2 5 2 5.0770030135e-02
3 2 5 2 5 3 -9.6456954804e-02
3 2 5 3 3 1 -1.2850029543e-01
3 2 5 3 3 2 9.6740768921e-02
3 2 5 3 3 3 -9.6456946872e-02
3 2 5 3 5 1 1.2850030503e-01
3 2 5 3 5 2 -9.6456954804e-02
3 2 5 3 5 3 9.6740739552e-02
3 2 6 1 3 1 9.6456946901e-02
3 2 6 1 3 2 -9.6740768892e-02
3 2 6 1 3 3 -1.2850029548e-01
3 2 6 1 6 1 -9.6740739388e-02
3 2 6 1 6 2 9.6456954833e-02
3 2 6 1 6 3 1.2850030505e-01
3 2 6 2 3 1 -9.6456956545e-02
3 2 6 2 3 2 5.0770031838e-02
3 2 6 2 3 3 9.6456956507e-02
3 2 6 2 6 1 9.6456954833e-02
3 2 6 2 6 2 -5.0770030184e-02
3 2 6 2 6 3 -9.6456954824e-02
3 2 6 3 3 1 -1.2850029544e-01
3 2 6 3 3 2 9.6740768950e-02
3 2 6 3 3 3 9.6456946891e-02
3 2 6 3 6 1 1.2850030505e-01
3 2 6 3 6 2 -9.6456954824e-02
3 2 6 3 6 3 -9.6740739494e-02
3 2 7 1 3 1 -9.6456946906e-02
3 2 7 1 3 2 -9.6740768911e-02
3 2 7 1 3 3 -1.2850029545e-01
3 2 7 1 7 1 9.6740739455e-02
3 2 7 1 7 2 9.6456954867e-02
3 2 7 1 7 3 1.2850030503e-01
3 2 7 2 3 1 -9.6456956560e-02
3 2 7 2 3 2 -5.0770031838e-02
3 2 7 2 3 3 -9.6456956560e-02
3 2 7 2 7 1 9.6456954867e-02
3 2 7 2 7 2 5.0770030145e-02
3 2 7 2 7 3 9.6456954872e-02
3 2 7 3 3 1 -1.2850029543e-01
3 2 7 3 3 2 -9.6740768902e-02
3 2 7 3 3 3 -9.6456946896e-02
3 2 7 3 7 1 1.2850030503e-01
3 2 7 3 7 2 9.6456954872e-02
3 2 7 3 7 3 9.6740739431e-02
3 2 8 1 3 1 9.6456946882e-02
3 2 8 1 3 2 9.6740768931e-02
3 2 8 1 3 3 -1.2850029547e-01
3 2 8 1 8 1 -9.6740739494e-02
3 2 8 1 8 2 -9.6456954828e-02
3 2 8 1 8 3 1.2850030503e-01
3 2 8 2 3 1 9.6456956536e-02
3 2 8 2 3 2 5.0770031823e-02
3 2 8 2 3 3 -9.6456956531e-02
3 2 8 2 8 1 -9.6456954828e-02
3 2 8 2 8 2 -5.0770030189e-02
3 2 8 2 8 3 9.6456954809e-02
3 2 8 3 3 1 -1.2850029550e-01
3 2 8 3 3 2 -9.6740768950e-02
3 2 8 3 3 3 9.6456946901e-02
3 2 8 3 8 1 1.2850030503e-01
3 2 8 3 8 2 9.6456954809e-02
3 2 8 3 8 3 -9.6740739422e-02
3 3 3 1 3 2 5.0186953726e-01
3 3 3 1 5 1 9.6456946886e-02
3 3 3 1 5 2 -1.2850029545e-01
3 3 3 1 5 3 9.6456956526e-02
3 3 3 1 6 1 9.6456946891e-02
3 3 3 1 6 2 -1.2850029545e-01
3 3 3 1 6 3 -9.6456956524e-02
3 3 3 1 7 1 -9.6456946884e-02
3 3 3 1 7 2 -1.2850029542e-01
3 3 3 1 7 3 -9.6456956530e-02
3 3 3 1 8 1 -9.6456946897e-02
3 3 3 1 8 2 -1.2850029543e-01
3 3 3 1 8 3 9.6456956604e-02
3 3 3 2 3 1 5.0186953726e-01
3 3 3 2 5 1 -1.2850029546e-01
3 3 3 2 5 2 9.6456946896e-02
3 3 3 2 5 3 -9.6456956533e-02
3 3 3 2 6 1 -1.2850029545e-01
3 3 3 2 6 2 9.6456946853e-02
3 3 3 2 6 3 9.6456956516e-02
3 3 3 2 7 1 -1.2850029544e-01
3 3 3 2 7 2 -9.6456946898e-02
3 3 3 2 7 3 -9.6456956533e-02
3 3 3 2 8 1 -1.2850029544e-01
3 3 3 2 8 2 -9.6456946854e-02
3 3 3 2 8 3 9.6456956546e-02
3 3 3 3 3 3 1.0323459454e-10
3 3 3 3 5 1 9.6740768911e-02
3 3 3 3 5 2 -9.6740768943e-02
3 3 3 3 5 3 5.0770031826e-02
3 3 3 3 6 1 -9.6740768952e-02
3 3 3 3 6 2 9.6740768923e-02
3 3 3 3 6 3 5.0770031845e-02
3 3 3 3 7 1 -9.6740768937e-02
3 3 3 3 7 2 -9.6740768935e-02
3 3 3 3 7 3 -5.0770031835e-02
3 3 3 3 8 1 9.6740768970e-02
3 3 3 3 8 2 9.6740768940e-02
3 3 3 3 8 3 -5.0770031834e-02
3 3 5 1 3 1 9.6456946886e-02
3 3 5 1 3 2 -1.2850029546e-01
3 3 5 1 3 3 9.6740768911e-02
3 3 5 1 5 1 -9.6740739501e-02
3 3 5 1 5 2 1.2850030503e-01
3 3 5 1 5 3 -9.6456954802e-02
3 3 5 2 3 1 -1.2850029545e-01
3 3 5 2 3 2 9.6456946896e-02
3 3 5 2 3 3 -9.6740768943e-02
3 3 5 2 5 1 1.2850030503e-01
3 3 5 2 5 2 -9.6740739455e-02
3 3 5 2 5 3 9.6456954797e-02
3 3 5 3 3 1 9.6456956526e-02
3 3 5 3 3 2 -9.6456956533e-02
3 3 5 3 3 3 5.0770031826e-02
3 3 5 3 5 1 -9.6456954802e-02
3 3 5 3 5 2 9.6456954797e-02
3 3 5 3 5 3 -5.0770030147e-02
3 3 6 1 3 1 9.6456946891e-02
3 3 6 1 3 2 -1.2850029545e-01
3 3 6 1 3 3 -9.6740768952e-02
3 3 6 1 6 1 -9.6740739412e-02
3 3 6 1 6 2 1.2850030504e-01
3 3 6 1 6 3 9.6456954845e-02
3 3 6 2 3 1 -1.2850029545e-01
3 3 6 2 3 2 9.6456946853e-02
3 3 6 2 3 3 9.6740768923e-02
3 3 6 2 6 1 1.2850030504e-01
3 3 6 2 6 2 -9.6740739506e-02
3 3 6 2 6 3 -9.6456954780e-02
3 3 6 3 3 1 -9.6456956524e-02
3 3 6 3 3 2 9.6456956516e-02
3 3 6 3 3 3 5.0770031845e-02
3 3 6 3 6 1 9.6456954845e-02
3 3 6 3 6 2 -9.6456954780e-02
3 3 6 3 6 3 -5.0770030155e-02
3 3 7 1 3 1 -9.6456946884e-02
3 3 7 1 3 2 -1.2850029544e-01
3 3 7 1 3 3 -9.6740768937e-02
3 3 7 1 7 1 9.6740739416e-02
3 3 7 1 7 2 1.2850030504e-01
3 3 7 1 7 3 9.6456954864e-02
3 3 7 2 3 1 -1.2850029542e-01
3 3 7 2 3 2 -9.6456946898e-02
3 3 7 2 3 3 -9.6740768935e-02
3 3 7 2 7 1 1.2850030504e-01
3 3 7 2 7 2 9.6740739473e-02
3 3 7 2 7 3 9.6456954847e-02
3 3 7 3 3 1 -9.6456956530e-02
3 3 7 3 3 2 -9.6456956533e-02
3 3 7 3 3 3 -5.0770031835e-02
3 3 7 3 7 1 9.6456954864e-02
3 3 7 3 7 2 9.6456954847e-02
3 3 7 3 7 3 5.0770030048e-02
3 3 8 1 3 1 -9.6456946897e-02
3 3 8 1 3 2 -1.2850029544e-01
3 3 8 1 3 3 9.6740768970e-02
3 3 8 1 8 1 9.6740739515e-02
3 3 8 1 8 2 1.2850030504e-01
3 3 8 1 8 3 -9.6456954799e-02
3 3 8 2 3 1 -1.2850029543e-01
3 3 8 2 3 2 -9.6456946854e-02
3 3 8 2 3 3 9.6740768940e-02
3 3 8 2 8 1 1.2850030504e-01
3 3 8 2 8 2 9.6740739510e-02
3 3 8 2 8 3 -9.6456954797e-02
3 3 8 3 3 1 9.6456956604e-02
3 3 8 3 3 2 9.6456956546e-02
3 3 8 3 3 3 -5.0770031834e-02
3 3 8 3 8 1 -9.6456954799e-02
3 3 8 3 8 2 -9.6456954797e-02
3 3 8 3 8 3 5.0770030044e-02
4 1 4 1 5 1 -5.0770031862e-02
4 1 4 1 5 2 9.6740768965e-02
4 1 4 1 5 3 9.6740768919e-02
4 1 4 1 6 1 5.0770031872e-02
4 1 4 1 6 2 -9.6740768948e-02
4 1 4 1 6 3 9.6740768940e-02
4 1 4 1 7 1 5.0770031804e-02
4 1 4 1 7 2 9.6740768952e-02
4 1 4 1 7 3 -9.6740768973e-02
4 1 4 1 8 1 -5.0770031824e-02
4 1 4 1 8 2 -9.6740768940e-02
4 1 4 1 8 3 -9.6740768935e-02
4 1 4 2 4 3 5.0186953725e-01
4 1 4 2 5 1 9.6456956528e-02
4 1 4 2 5 2 -9.6456946879e-02
4 1 4 2 5 3 -1.2850029543e-01
4 1 4 2 6 1 -9.6456956557e-02
4 1 4 2 6 2 9.6456946884e-02
4 1 4 2 6 3 -1.2850029543e-01
4 1 4 2 7 1 9.6456956517e-02
4 1 4 2 7 2 9.6456946887e-02
4 1 4 2 7 3 -1.2850029552e-01
4 1 4 2 8 1 -9.6456956519e-02
4 1 4 2 8 2 -9.6456946893e-02
4 1 4 2 8 3 -1.2850029545e-01
4 1 4 3 4 2 5.0186953725e-01
4 1 4 3 5 1 9.6456956519e-02
4 1 4 3 5 2 -1.2850029540e-01
4 1 4 3 5 3 -9.6456946879e-02
4 1 4 3 6 1 9.6456956521e-02
4 1 4 3 6 2 -1.2850029546e-01
4 1 4 3 6 3 9.6456946889e-02
4 1 4 3 7 1 -9.6456956544e-02
4 1 4 3 7 2 -1.2850029547e-01
4 1 4 3 7 3 9.6456946882e-02
4 1 4 3 8 1 -9.6456956519e-02
4 1 4 3 8 2 -1.2850029545e-01
4 1 4 3 8 3 -9.6456946888e-02
4 1 5 1 4 1 -5.0770031862e-02
4 1 5 1 4 2 9.6456956528e-02
4 1 5 1 4 3 9.6456956519e-02
4 1 5 1 5 1 5.0770030123e-02
4 1 5 1 5 2 -9.6456954819e-02
4 1 5 1 5 3 -9.6456954811e-02
4 1 5 2 4 1 9.6740768965e-02
4 1 5 2 4 2 -9.6456946879e-02
4 1 5 2 4 3 -1.2850029540e-01
4 1 5 2 5 1 -9.6456954819e-02
4 1 5 2 5 2 9.6740739513e-02
4 1 5 2 5 3 1.2850030501e-01
4 1 5 3 4 1 9.6740768919e-02
4 1 5 3 4 2 -1.2850029543e-01
4 1 5 3 4 3 -9.6456946879e-02
4 1 5 3 5 1 -9.6456954811e-02
4 1 5 3 5 2 1.2850030501e-01
4 1 5 3 5 3 9.6740739511e-02
4 1 6 1 4 1 5.0770031872e-02
4 1 6 1 4 2 -9.6456956557e-02
4 1 6 1 4 3 9.6456956521e-02
4 1 6 1 6 1 -5.0770030167e-02
4 1 6 1 6 2 9.6456954790e-02
4 1 6 1 6 3 -9.6456954782e-02
4 1 6 2 4 1 -9.6740768948e-02
4 1 6 2 4 2 9.6456946884e-02
4 1 6 2 4 3 -1.2850029546e-01
4 1 6 2 6 1 9.6456954790e-02
4 1 6 2 6 2 -9.6740739405e-02
4 1 6 2 6 3 1.2850030507e-01
4 1 6 3 4 1 9.6740768940e-02
4 1 6 3 4 2 -1.2850029543e-01
4 1 6 3 4 3 9.6456946889e-02
4 1 6 3 6 1 -9.6456954782e-02
4 1 6 3 6 2 1.2850030507e-01
4 1 6 3 6 3 -9.6740739506e-02
4 1 7 1 4 1 5.0770031804e-02
4 1 7 1 4 2 9.6456956517e-02
4 1 7 1 4 3 -9.6456956544e-02
4 1 7 1 7 1 -5.0770030165e-02
4 1 7 1 7 2 -9.6456954829e-02
4 1 7 1 7 3 9.6456954810e-02
4 1 7 2 4 1 9.6740768952e-02
4 1 7 2 4 2 9.6456946887e-02
4 1 7 2 4 3 -1.2850029547e-01
4 1 7 2 7 1 -9.6456954829e-02
4 1 7 2 7 2 -9.6740739500e-02
4 1 7 2 7 3 1.2850030503e-01
4 1 7 3 4 1 -9.6740768973e-02
4 1 7 3 4 2 -1.2850029552e-01
4 1 7 3 4 3 9.6456946882e-02
4 1 7 3 7 1 9.6456954810e-02
4 1 7 3 7 2 1.2850030503e-01
4 1 7 3 7 3 -9.6740739398e-02
4 1 8 1 4 1 -5.0770031824e-02
4 1 8 1 4 2 -9.6456956519e-02
4 1 8 1 4 3 -9.6456956519e-02
4 1 8 1 8 1 5.0770030115e-02
4 1 8 1 8 2 9.6456954834e-02
4 1 8 1 8 3 9.6456954844e-02
4 1 8 2 4 1 -9.6740768940e-02
4 1 8 2 4 2 -9.6456946893e-02
4 1 8 2 4 3 -1.2850029545e-01
4 1 8 2 8 1 9.6456954834e-02
4 1 8 2 8 2 9.6740739413e-02
4 1 8 2 8 3 1.2850030508e-01
4 1 8 3 4 1 -9.6740768935e-02
4 1 8 3 4 2 -1.2850029545e-01
4 1 8 3 4 3 -9.6456946888e-02
4 1 8 3 8 1 9.6456954844e-02
4 1 8 3 8 2 1.2850030508e-01
4 1 8 3 8 3 9.6740739413e-02
4 2 4 1 4 3 5.0186953726e-01
4 2 4 1 5 1 9.6456946925e-02
4 2 4 1 5 2 -9.6456956589e-02
4 2 4 1 5 3 -1.2850029543e-01
4 2 4 1 6 1 -9.6456946940e-02
4 2 4 1 6 2 9.6456956555e-02
4 2 4 1 6 3 -1.2850029544e-01
4 2 4 1 7 1 9.6456946853e-02
4 2 4 1 7 2 9.6456956570e-02
4 2 4 1 7 3 -1.2850029546e-01
4 2 4 1 8 1 -9.6456946901e-02
4 2 4 1 8 2 -9.6456956560e-02
4 2 4 1 8 3 -1.2850029543e-01
4 2 4 2 5 1 -9.6740768882e-02
4 2 4 2 5 2 5.0770031877e-02
4 2 4 2 5 3 9.6740768921e-02
4 2 4 2 6 1 9.6740768931e-02
4 2 4 2 6 2 -5.0770031828e-02
4 2 4 2 6 3 9.6740768902e-02
4 2 4 2 7 1 9.6740768902e-02
4 2 4 2 7 2 5.0770031881e-02
4 2 4 2 7 3 -9.6740768960e-02
4 2 4 2 8 1 -9.6740768877e-02
4 2 4 2 8 2 -5.0770031828e-02
4 2 4 2 8 3 -9.6740768911e-02
4 2 4 3 4 1 5.0186953726e-01
4 2 4 3 5 1 -1.2850029544e-01
4 2 4 3 5 2 9.6456956536e-02
4 2 4 3 5 3 9.6456946891e-02
4 2 4 3 6 1 -1.2850029542e-01
4 2 4 3 6 2 9.6456956603e-02
4 2 4 3 6 3 -9.6456946882e-02
4 2 4 3 7 1 -1.2850029546e-01
4 2 4 3 7 2 -9.6456956574e-02
4 2 4 3 7 3 9.6456946901e-02
4 2 4 3 8 1 -1.2850029543e-01
4 2 4 3 8 2 -9.6456956555e-02
4 2 4 3 8 3 -9.6456946896e-02
4 2 5 1 4 1 9.6456946925e-02
4 2 5 1 4 2 -9.6740768882e-02
4 2 5 1 4 3 -1.2850029544e-01
4 2 5 1 5 1 -9.6740739475e-02
4 2 5 1 5 2 9.6456954814e-02
4 2 5 1 5 3 1.2850030500e-01
4 2 5 2 4 1 -9.6456956589e-02
4 2 5 2 4 2 5.0770031877e-02
4 2 5 2 4 3 9.6456956536e-02
4 2 5 2 5 1 9.6456954814e-02
4 2 5 2 5 2 -5.0770030164e-02
4 2 5 2 5 3 -9.6456954824e-02
4 2 5 3 4 1 -1.2850029543e-01
4 2 5 3 4 2 9.6740768921e-02
4 2 5 3 4 3 9.6456946891e-02
4 2 5 3 5 1 1.2850030500e-01
4 2 5 3 5 2 -9.6456954824e-02
4 2 5 3 5 3 -9.6740739513e-02
4 2 6 1 4 1 -9.6456946940e-02
4 2 6 1 4 2 9.6740768931e-02
4 2 6 1 4 3 -1.2850029542e-01
4 2 6 1 6 1 9.6740739533e-02
4 2 6 1 6 2 -9.6456954775e-02
4 2 6 1 6 3 1.2850030501e-01
4 2 6 2 4 1 9.6456956555e-02
4 2 6 2 4 2 -5.0770031828e-02
4 2 6 2 4 3 9.6456956603e-02
4 2 6 2 6 1 -9.6456954775e-02
4 2 6 2 6 2 5.0770030048e-02
4 2 6 2 6 3 -9.6456954843e-02
4 2 6 3 4 1 -1.2850029544e-01
4 2 6 3 4 2 9.6740768902e-02
4 2 6 3 4 3 -9.6456946882e-02
4 2 6 3 6 1 1.2850030501e-01
4 2 6 3 6 2 -9.6456954843e-02
4 2 6 3 6 3 9.6740739523e-02
4 2 7 1 4 1 9.6456946853e-02
4 2 7 1 4 2 9.6740768902e-02
4 2 7 1 4 3 -1.2850029546e-01
4 2 7 1 7 1 -9.6740739552e-02
4 2 7 1 7 2 -9.6456954857e-02
4 2 7 1 7 3 1.2850030500e-01
4 2 7 2 4 1 9.6456956570e-02
4 2 7 2 4 2 5.0770031881e-02
4 2 7 2 4 3 -9.6456956574e-02
4 2 7 2 7 1 -9.6456954857e-02
4 2 7 2 7 2 -5.0770030184e-02
4 2 7 2 7 3 9.6456954799e-02
4 2 7 3 4 1 -1.2850029546e-01
4 2 7 3 4 2 -9.6740768960e-02
4 2 7 3 4 3 9.6456946901e-02
4 2 7 3 7 1 1.2850030500e-01
4 2 7 3 7 2 9.6456954799e-02
4 2 7 3 7 3 -9.6740739431e-02
4 2 8 1 4 1 -9.6456946901e-02
4 2 8 1 4 2 -9.6740768877e-02
4 2 8 1 4 3 -1.2850029543e-01
4 2 8 1 8 1 9.6740739480e-02
4 2 8 1 8 2 9.6456954862e-02
4 2 8 1 8 3 1.2850030505e-01
4 2 8 2 4 1 -9.6456956560e-02
4 2 8 2 4 2 -5.0770031828e-02
4 2 8 2 4 3 -9.6456956555e-02
4 2 8 2 8 1 9.6456954862e-02
4 2 8 2 8 2 5.0770030063e-02
4 2 8 2 8 3 9.6456954886e-02
4 2 8 3 4 1 -1.2850029543e-01
4 2 8 3 4 2 -9.6740768911e-02
4 2 8 3 4 3 -9.6456946896e-02
4 2 8 3 8 1 1.2850030505e-01
4 2 8 3 8 2 9.6456954886e-02
4 2 8 3 8 3 9.6740739422e-02
4 3 4 1 4 2 5.0186953724e-01
4 3 4 1 5 1 9.6456946930e-02
4 3 4 1 5 2 -1.2850029548e-01
4 3 4 1 5 3 -9.6456956521e-02
4 3 4 1 6 1 9.6456946940e-02
4 3 4 1 6 2 -1.2850029543e-01
4 3 4 1 6 3 9.6456956521e-02
4 3 4 1 7 1 -9.6456946872e-02
4 3 4 1 7 2 -1.2850029544e-01
4 3 4 1 7 3 9.6456956555e-02
4 3 4 1 8 1 -9.6456946891e-02
4 3 4 1 8 2 -1.2850029543e-01
4 3 4 1 8 3 -9.6456956550e-02
4 3 4 2 4 1 5.0186953724e-01
4 3 4 2 5 1 -1.2850029544e-01
4 3 4 2 5 2 9.6456946891e-02
4 3 4 2 5 3 9.6456956512e-02
4 3 4 2 6 1 -1.2850029543e-01
4 3 4 2 6 2 9.6456946901e-02
4 3 4 2 6 3 -9.6456956536e-02
4 3 4 2 7 1 -1.2850029540e-01
4 3 4 2 7 2 -9.6456946891e-02
4 3 4 2 7 3 9.6456956594e-02
4 3 4 2 8 1 -1.2850029543e-01
4 3 4 2 8 2 -9.6456946901e-02
4 3 4 2 8 3 -9.6456956536e-02
4 3 4 3 4 3 1.2575575791e-10
4 3 4 3 5 1 -9.6740768931e-02
4 3 4 3 5 2 9.6740768887e-02
4 3 4 3 5 3 5.0770031848e-02
4 3 4 3 6 1 9.6740768955e-02
4 3 4 3 6 2 -9.6740768969e-02
4 3 4 3 6 3 5.0770031828e-02
4 3 4 3 7 1 9.6740768950e-02
4 3 4 3 7 2 9.6740768965e-02
4 3 4 3 7 3 -5.0770031833e-02
4 3 4 3 8 1 -9.6740768931e-02
4 3 4 3 8 2 -9.6740768950e-02
4 3 4 3 8 3 -5.0770031838e-02
4 3 5 1 4 1 9.6456946930e-02
4 3 5 1 4 2 -1.2850029544e-01
4 3 5 1 4 3 -9.6740768931e-02
4 3 5 1 5 1 -9.6740739465e-02
4 3 5 1 5 2 1.2850030503e-01
4 3 5 1 5 3 9.6456954794e-02
4 3 5 2 4 1 -1.2850029548e-01
4 3 5 2 4 2 9.6456946891e-02
4 3 5 2 4 3 9.6740768887e-02
4 3 5 2 5 1 1.2850030503e-01
4 3 5 2 5 2 -9.6740739494e-02
4 3 5 2 5 3 -9.6456954804e-02
4 3 5 3 4 1 -9.6456956521e-02
4 3 5 3 4 2 9.6456956512e-02
4 3 5 3 4 3 5.0770031848e-02
4 3 5 3 5 1 9.6456954794e-02
4 3 5 3 5 2 -9.6456954804e-02
4 3 5 3 5 3 -5.0770030145e-02
4 3 6 1 4 1 9.6456946940e-02
4 3 6 1 4 2 -1.2850029543e-01
4 3 6 1 4 3 9.6740768955e-02
4 3 6 1 6 1 -9.6740739504e-02
4 3 6 1 6 2 1.2850030500e-01
4 3 6 1 6 3 -9.6456954794e-02
4 3 6 2 4 1 -1.2850029543e-01
4 3 6 2 4 2 9.6456946901e-02
4 3 6 2 4 3 -9.6740768969e-02
4 3 6 2 6 1 1.2850030500e-01
4 3 6 2 6 2 -9.6740739388e-02
4 3 6 2 6 3 9.6456954853e-02
4 3 6 3 4 1 9.6456956521e-02
4 3 6 3 4 2 -9.6456956536e-02
4 3 6 3 4 3 5.0770031828e-02
4 3 6 3 6 1 -9.6456954794e-02
4 3 6 3 6 2 9.6456954853e-02
4 3 6 3 6 3 -5.0770030155e-02
4 3 7 1 4 1 -9.6456946872e-02
4 3 7 1 4 2 -1.2850029540e-01
4 3 7 1 4 3 9.6740768950e-02
4 3 7 1 7 1 9.6740739538e-02
4 3 7 1 7 2 1.2850030505e-01
4 3 7 1 7 3 -9.6456954809e-02
4 3 7 2 4 1 -1.2850029544e-01
4 3 7 2 4 2 -9.6456946891e-02
4 3 7 2 4 3 9.6740768965e-02
4 3 7 2 7 1 1.2850030505e-01
4 3 7 2 7 2 9.6740739509e-02
4 3 7 2 7 3 -9.6456954785e-02
4 3 7 3 4 1 9.6456956555e-02
4 3 7 3 4 2 9.6456956594e-02
4 3 7 3 4 3 -5.0770031833e-02
4 3 7 3 7 1 -9.6456954809e-02
4 3 7 3 7 2 -9.6456954785e-02
4 3 7 3 7 3 5.0770030072e-02
4 3 8 1 4 1 -9.6456946891e-02
4 3 8 1 4 2 -1.2850029543e-01
4 3 8 1 4 3 -9.6740768931e-02
4 3 8 1 8 1 9.6740739480e-02
4 3 8 1 8 2 1.2850030504e-01
4 3 8 1 8 3 9.6456954838e-02
4 3 8 2 4 1 -1.2850029543e-01
4 3 8 2 4 2 -9.6456946901e-02
4 3 8 2 4 3 -9.6740768950e-02
4 3 8 2 8 1 1.2850030504e-01
4 3 8 2 8 2 9.6740739431e-02
4 3 8 2 8 3 9.6456954872e-02
4 3 8 3 4 1 -9.6456956550e-02
4 3 8 3 4 2 -9.6456956536e-02
4 3 8 3 4 3 -5.0770031838e-02
4 3 8 3 8 1 9.6456954838e-02
4 3 8 3 8 2 9.6456954872e-02
4 3 8 3 8 3 5.0770030068e-02
5 1 1 1 1 1 -5.0770030122e-02
5 1 1 1 1 2 -9.6456954833e-02
5 1 1 1 1 3 -9.6456954829e-02
5 1 1 1 5 1 5.0770031822e-02
5 1 1 1 5 2 9.6456956479e-02
5 1 1 1 5 3 9.6456956482e-02
5 1 1 2 1 1 -9.6456954833e-02
5 1 1 2 1 2 -9.6740739481e-02
5 1 1 2 1 3 -1.2850030503e-01
5 1 1 2 5 1 9.6740768893e-02
5 1 1 2 5 2 9.6456946877e-02
5 1 1 2 5 3 1.2850029539e-01
5 1 1 3 1 1 -9.6456954829e-02
5 1 1 3 1 2 -1.2850030503e-01
5 1 1 3 1 3 -9.6740739481e-02
5 1 1 3 5 1 9.6740768884e-02
5 1 1 3 5 2 1.2850029539e-01
5 1 1 3 5 3 9.6456946884e-02
5 1 2 1 2 1 5.0770030115e-02
5 1 2 1 2 2 9.6456954855e-02
5 1 2 1 2 3 -9.6456954759e-02
5 1 2 1 5 1 -5.0770031836e-02
5 1 2 1 5 2 -9.6456956487e-02
5 1 2 1 5 3 9.6456956535e-02
5 1 2 2 2 1 9.6456954855e-02
5 1 2 2 2 2 9.6740739474e-02
5 1 2 2 2 3 -1.2850030498e-01
5 1 2 2 5 1 -9.6740768882e-02
5 1 2 2 5 2 -9.6456946881e-02
5 1 2 2 5 3 1.2850029544e-01
5 1 2 3 2 1 -9.6456954759e-02
5 1 2 3 2 2 -1.2850030498e-01
5 1 2 3 2 3 9.6740739468e-02
5 1 2 3 5 1 9.6740768956e-02
5 1 2 3 5 2 1.2850029547e-01
5 1 2 3 5 3 -9.6456946908e-02
5 1 3 1 3 1 5.0770030106e-02
5 1 3 1 3 2 -9.6456954771e-02
5 1 3 1 3 3 9.6456954853e-02
5 1 3 1 5 1 -5.0770031831e-02
5 1 3 1 5 2 9.6456956531e-02
5 1 3 1 5 3 -9.6456956530e-02
5 1 3 2 3 1 -9.6456954771e-02
5 1 3 2 3 2 9.6740739470e-02
5 1 3 2 3 3 -1.2850030499e-01
5 1 3 2 5 1 9.6740768958e-02
5 1 3 2 5 2 -9.6456946877e-02
5 1 3 2 5 3 1.2850029543e-01
5 1 3 3 3 1 9.6456954853e-02
5 1 3 3 3 2 -1.2850030499e-01
5 1 3 3 3 3 9.6740739469e-02
5 1 3 3 5 1 -9.6740768893e-02
5 1 3 3 5 2 1.2850029545e-01
5 1 3 3 5 3 -9.6456946884e-02
5 1 4 1 4 1 -5.0770030108e-02
5 1 4 1 4 2 9.6456954751e-02
5 1 4 1 4 3 9.6456954756e-02
5 1 4 1 5 1 5.0770031842e-02
5 1 4 1 5 2 -9.6456956570e-02
5 1 4 1 5 3 -9.6456956531e-02
5 1 4 2 4 1 9.6456954751e-02
5 1 4 2 4 2 -9.6740739469e-02
5 1 4 2 4 3 -1.2850030508e-01
5 1 4 2 5 1 -9.6740768942e-02
5 1 4 2 5 2 9.6456946891e-02
5 1 4 2 5 3 1.2850029544e-01
5 1 4 3 4 1 9.6456954756e-02
5 1 4 3 4 2 -1.2850030508e-01
5 1 4 3 4 3 -9.6740739470e-02
5 1 4 3 5 1 -9.6740768937e-02
5 1 4 3 5 2 1.2850029540e-01
5 1 4 3 5 3 9.6456946889e-02
5 1 5 1 1 1 5.0770031822e-02
5 1 5 1 1 2 9.6740768893e-02
5 1 5 1 1 3 9.6740768884e-02
5 1 5 1 2 1 -5.0770031836e-02
5 1 5 1 2 2 -9.6740768882e-02
5 1 5 1 2 3 9.6740768956e-02
5 1 5 1 3 1 -5.0770031831e-02
5 1 5 1 3 2 9.6740768958e-02
5 1 5 1 3 3 -9.6740768893e-02
5 1 5 1 4 1 5.0770031842e-02
5 1 5 1 4 2 -9.6740768942e-02
5 1 5 1 4 3 -9.6740768937e-02
5 1 5 2 1 1 9.6456956479e-02
5 1 5 2 1 2 9.6456946877e-02
5 1 5 2 1 3 1.2850029539e-01
5 1 5 2 2 1 -9.6456956487e-02
5 1 5 2 2 2 -9.6456946881e-02
5 1 5 2 2 3 1.2850029547e-01
5 1 5 2 3 1 9.6456956531e-02
5 1 5 2 3 2 -9.6456946877e-02
5 1 5 2 3 3 1.2850029545e-01
5 1 5 2 4 1 -9.6456956570e-02
5 1 5 2 4 2 9.6456946891e-02
5 1 5 2 4 3 1.2850029540e-01
5 1 5 2 5 3 -5.0186953720e-01
5 1 5 3 1 1 9.6456956482e-02
5 1 5 3 1 2 1.2850029539e-01
5 1 5 3 1 3 9.6456946884e-02
5 1 5 3 2 1 9.6456956535e-02
5 1 5 3 2 2 1.2850029544e-01
5 1 5 3 2 3 -9.6456946908e-02
5 1 5 3 3 1 -9.6456956530e-02
5 1 5 3 3 2 1.2850029543e-01
5 1 5 3 3 3 -9.6456946884e-02
5 1 5 3 4 1 -9.6456956531e-02
5 1 5 3 4 2 1.2850029544e-01
5 1 5 3 4 3 9.6456946889e-02
5 1 5 3 5 2 -5.0186953720e-01
5 2 1 1 1 1 -9.6740739443e-02
5 2 1 1 1 2 -9.6456954860e-02
5 2 1 1 1 3 -1.2850030505e-01
5 2 1 1 5 1 9.6456946882e-02
5 2 1 1 5 2 9.6740768856e-02
5 2 1 1 5 3 1.2850029535e-01
5 2 1 2 1 1 -9.6456954860e-02
5 2 1 2 1 2 -5.0770030077e-02
5 2 1 2 1 3 -9.6456954860e-02
5 2 1 2 5 1 9.6456956487e-02
5 2 1 2 5 2 5.0770031872e-02
5 2 1 2 5 3 9.6456956478e-02
5 2 1 3 1 1 -1.2850030505e-01
5 2 1 3 1 2 -9.6456954860e-02
5 2 1 3 1 3 -9.6740739453e-02
5 2 1 3 5 1 1.2850029537e-01
5 2 1 3 5 2 9.6740768846e-02
5 2 1 3 5 3 9.6456946862e-02
5 2 2 1 2 1 9.6740739504e-02
5 2 2 1 2 2 9.6456954862e-02
5 2 2 1 2 3 -1.2850030498e-01
5 2 2 1 5 1 -9.6456946891e-02
5 2 2 1 5 2 -9.6740768892e-02
5 2 2 1 5 3 1.2850029544e-01
5 2 2 2 2 1 9.6456954862e-02
5 2 2 2 2 2 5.0770030116e-02
5 2 2 2 2 3 -9.6456954778e-02
5 2 2 2 5 1 -9.6456956516e-02
5 2 2 2 5 2 -5.0770031848e-02
5 2 2 2 5 3 9.6456956565e-02
5 2 2 3 2 1 -1.2850030498e-01
5 2 2 3 2 2 -9.6456954778e-02
5 2 2 3 2 3 9.6740739497e-02
5 2 2 3 5 1 1.2850029546e-01
5 2 2 3 5 2 9.6740768965e-02
5 2 2 3 5 3 -9.6456946932e-02
5 2 3 1 3 1 -9.6740739475e-02
5 2 3 1 3 2 9.6456954746e-02
5 2 3 1 3 3 -1.2850030504e-01
5 2 3 1 5 1 9.6456946901e-02
5 2 3 1 5 2 -9.6740768921e-02
5 2 3 1 5 3 1.2850029544e-01
5 2 3 2 3 1 9.6456954746e-02
5 2 3 2 3 2 -5.0770030075e-02
5 2 3 2 3 3 9.6456954741e-02
5 2 3 2 5 1 -9.6456956570e-02
5 2 3 2 5 2 5.0770031857e-02
5 2 3 2 5 3 -9.6456956548e-02
5 2 3 3 3 1 -1.2850030504e-01
5 2 3 3 3 2 9.6456954741e-02
5 2 3 3 3 3 -9.6740739475e-02
5 2 3 3 5 1 1.2850029540e-01
5 2 3 3 5 2 -9.6740768921e-02
5 2 3 3 5 3 9.6456946911e-02
5 2 4 1 4 1 9.6740739497e-02
5 2 4 1 4 2 -9.6456954763e-02
5 2 4 1 4 3 -1.2850030501e-01
5 2 4 1 5 1 -9.6456946913e-02
5 2 4 1 5 2 9.6740768955e-02
5 2 4 1 5 3 1.2850029543e-01
5 2 4 2 4 1 -9.6456954763e-02
5 2 4 2 4 2 5.0770030135e-02
5 2 4 2 4 3 9.6456954833e-02
5 2 4 2 5 1 9.6456956536e-02
5 2 4 2 5 2 -5.0770031828e-02
5 2 4 2 5 3 -9.6456956545e-02
5 2 4 3 4 1 -1.2850030501e-01
5 2 4 3 4 2 9.6456954833e-02
5 2 4 3 4 3 9.6740739523e-02
5 2 4 3 5 1 1.2850029543e-01
5 2 4 3 5 2 -9.6740768911e-02
5 2 4 3 5 3 -9.6456946901e-02
5 2 5 1 1 1 9.6456946882e-02
5 2 5 1 1 2 9.6456956487e-02
5 2 5 1 1 3 1.2850029537e-01
5 2 5 1 2 1 -9.6456946891e-02
5 2 5 1 2 2 -9.6456956516e-02
5 2 5 1 2 3 1.2850029546e-01
5 2 5 1 3 1 9.6456946901e-02
5 2 5 1 3 2 -9.6456956570e-02
5 2 5 1 3 3 1.2850029540e-01
5 2 5 1 4 1 -9.6456946913e-02
5 2 5 1 4 2 9.6456956536e-02
5 2 5 1 4 3 1.2850029543e-01
5 2 5 1 5 3 -5.0186953725e-01
5 2 5 2 1 1 9.6740768856e-02
5 2 5 2 1 2 5.0770031872e-02
5 2 5 2 1 3 9.6740768846e-02
5 2 5 2 2 1 -9.6740768892e-02
5 2 5 2 2 2 -5.0770031848e-02
5 2 5 2 2 3 9.6740768965e-02
5 2 5 2 3 1 -9.6740768921e-02
5 2 5 2 3 2 5.0770031857e-02
5 2 5 2 3 3 -9.6740768921e-02
5 2 5 2 4 1 9.6740768955e-02
5 2 5 2 4 2 -5.0770031828e-02
5 2 5 2 4 3 -9.6740768911e-02
5 2 5 2 5 2 1.3542927775e-10
5 2 5 3 1 1 1.2850029535e-01
5 2 5 3 1 2 9.6456956478e-02
5 2 5 3 1 3 9.6456946862e-02
5 2 5 3 2 1 1.2850029544e-01
5 2 5 3 2 2 9.6456956565e-02
5 2 5 3 2 3 -9.6456946932e-02
5 2 5 3 3 1 1.2850029544e-01
5 2 5 3 3 2 -9.6456956548e-02
5 2 5 3 3 3 9.6456946911e-02
5 2 5 3 4 1 1.2850029543e-01
5 2 5 3 4 2 -9.6456956545e-02
5 2 5 3 4 3 -9.6456946901e-02
5 2 5 3 5 1 -5.0186953725e-01
5 3 1 1 1 1 -9.6740739477e-02
5 3 1 1 1 2 -1.2850030503e-01
5 3 1 1 1 3 -9.6456954812e-02
5 3 1 1 5 1 9.6456946900e-02
5 3 1 1 5 2 1.2850029539e-01
5 3 1 1 5 3 9.6740768891e-02
5 3 1 2 1 1 -1.2850030503e-01
5 3 1 2 1 2 -9.6740739478e-02
5 3 1 2 1 3 -9.6456954817e-02
5 3 1 2 5 1 1.2850029540e-01
5 3 1 2 5 2 9.6456946870e-02
5 3 1 2 5 3 9.6740768891e-02
5 3 1 3 1 1 -9.6456954812e-02
5 3 1 3 1 2 -9.6456954817e-02
5 3 1 3 1 3 -5.0770030119e-02
5 3 1 3 5 1 9.6456956479e-02
5 3 1 3 5 2 9.6456956476e-02
5 3 1 3 5 3 5.0770031852e-02
5 3 2 1 2 1 -9.6740739458e-02
5 3 2 1 2 2 -1.2850030507e-01
5 3 2 1 2 3 9.6456954753e-02
5 3 2 1 5 1 9.6456946875e-02
5 3 2 1 5 2 1.2850029540e-01
5 3 2 1 5 3 -9.6740768918e-02
5 3 2 2 2 1 -1.2850030507e-01
5 3 2 2 2 2 -9.6740739457e-02
5 3 2 2 2 3 9.6456954749e-02
5 3 2 2 5 1 1.2850029540e-01
5 3 2 2 5 2 9.6456946888e-02
5 3 2 2 5 3 -9.6740768919e-02
5 3 2 3 2 1 9.6456954753e-02
5 3 2 3 2 2 9.6456954749e-02
5 3 2 3 2 3 -5.0770030114e-02
5 3 2 3 5 1 -9.6456956566e-02
5 3 2 3 5 2 -9.6456956563e-02
5 3 2 3 5 3 5.0770031852e-02
5 3 3 1 3 1 9.6740739470e-02
5 3 3 1 3 2 -1.2850030498e-01
5 3 3 1 3 3 9.6456954846e-02
5 3 3 1 5 1 -9.6456946889e-02
5 3 3 1 5 2 1.2850029545e-01
5 3 3 1 5 3 -9.6740768934e-02
5 3 3 2 3 1 -1.2850030498e-01
5 3 3 2 3 2 9.6740739464e-02
5 3 3 2 3 3 -9.6456954762e-02
5 3 3 2 5 1 1.2850029548e-01
5 3 3 2 5 2 -9.6456946874e-02
5 3 3 2 5 3 9.6740768909e-02
5 3 3 3 3 1 9.6456954846e-02
5 3 3 3 3 2 -9.6456954762e-02
5 3 3 3 3 3 5.0770030107e-02
5 3 3 3 5 1 -9.6456956494e-02
5 3 3 3 5 2 9.6456956526e-02
5 3 3 3 5 3 -5.0770031836e-02
5 3 4 1 4 1 9.6740739467e-02
5 3 4 1 4 2 -1.2850030498e-01
5 3 4 1 4 3 -9.6456954762e-02
5 3 4 1 5 1 -9.6456946920e-02
5 3 4 1 5 2 1.2850029547e-01
5 3 4 1 5 3 9.6740768904e-02
5 3 4 2 4 1 -1.2850030498e-01
5 3 4 2 4 2 9.6740739474e-02
5 3 4 2 4 3 9.6456954842e-02
5 3 4 2 5 1 1.2850029543e-01
5 3 4 2 5 2 -9.6456946898e-02
5 3 4 2 5 3 -9.6740768938e-02
5 3 4 3 4 1 -9.6456954762e-02
5 3 4 3 4 2 9.6456954842e-02
5 3 4 3 4 3 5.0770030114e-02
5 3 4 3 5 1 9.6456956528e-02
5 3 4 3 5 2 -9.6456956490e-02
5 3 4 3 5 3 -5.0770031822e-02
5 3 5 1 1 1 9.6456946900e-02
5 3 5 1 1 2 1.2850029540e-01
5 3 5 1 1 3 9.6456956479e-02
5 3 5 1 2 1 9.6456946875e-02
5 3 5 1 2 2 1.2850029540e-01
5 3 5 1 2 3 -9.6456956566e-02
5 3 5 1 3 1 -9.6456946889e-02
5 3 5 1 3 2 1.2850029548e-01
5 3 5 1 3 3 -9.6456956494e-02
5 3 5 1 4 1 -9.6456946920e-02
5 3 5 1 4 2 1.2850029543e-01
5 3 5 1 4 3 9.6456956528e-02
5 3 5 1 5 2 -5.0186953719e-01
5 3 5 2 1 1 1.2850029539e-01
5 3 5 2 1 2 9.6456946870e-02
5 3 5 2 1 3 9.6456956476e-02
5 3 5 2 2 1 1.2850029540e-01
5 3 5 2 2 2 9.6456946888e-02
5 3 5 2 2 3 -9.6456956563e-02
5 3 5 2 3 1 1.2850029545e-01
5 3 5 2 3 2 -9.6456946874e-02
5 3 5 2 3 3 9.6456956526e-02
5 3 5 2 4 1 1.2850029547e-01
5 3 5 2 4 2 -9.6456946898e-02
5 3 5 2 4 3 -9.6456956490e-02
5 3 5 2 5 1 -5.0186953719e-01
5 3 5 3 1 1 9.6740768891e-02
5 3 5 3 1 2 9.6740768891e-02
5 3 5 3 1 3 5.0770031852e-02
5 3 5 3 2 1 -9.6740768918e-02
5 3 5 3 2 2 -9.6740768919e-02
5 3 5 3 2 3 5.0770031852e-02
5 3 5 3 3 1 -9.6740768934e-02
5 3 5 3 3 2 9.6740768909e-02
5 3 5 3 3 3 -5.0770031836e-02
5 3 5 3 4 1 9.6740768904e-02
5 3 5 3 4 2 -9.6740768938e-02
5 3 5 3 4 3 -5.0770031822e-02
6 1 1 1 1 1 5.0770030126e-02
6 1 1 1 1 2 9.6456954838e-02
6 1 1 1 1 3 -9.6456954819e-02
6 1 1 1 6 1 -5.0770031811e-02
6 1 1 1 6 2 -9.6456956562e-02
6 1 1 1 6 3 9.6456956538e-02
6 1 1 2 1 1 9.6456954838e-02
6 1 1 2 1 2 9.6740739463e-02
6 1 1 2 1 3 -1.2850030504e-01
6 1 1 2 6 1 -9.6740768966e-02
6 1 1 2 6 2 -9.6456946839e-02
6 1 1 2 6 3 1.2850029545e-01
6 1 1 3 1 1 -9.6456954819e-02
6 1 1 3 1 2 -1.2850030504e-01
6 1 1 3 1 3 9.6740739472e-02
6 1 1 3 6 1 9.6740768972e-02
6 1 1 3 6 2 1.2850029545e-01
6 1 1 3 6 3 -9.6456946906e-02
6 1 2 1 2 1 -5.0770030186e-02
6 1 2 1 2 2 -9.6456954865e-02
6 1 2 1 2 3 -9.6456954862e-02
6 1 2 1 6 1 5.0770031835e-02
6 1 2 1 6 2 9.6456956533e-02
6 1 2 1 6 3 9.6456956519e-02
6 1 2 2 2 1 -9.6456954865e-02
6 1 2 2 2 2 -9.6740739518e-02
6 1 2 2 2 3 -1.2850030506e-01
6 1 2 2 6 1 9.6740768931e-02
6 1 2 2 6 2 9.6456946889e-02
6 1 2 2 6 3 1.2850029543e-01
6 1 2 3 2 1 -9.6456954862e-02
6 1 2 3 2 2 -1.2850030506e-01
6 1 2 3 2 3 -9.6740739482e-02
6 1 2 3 6 1 9.6740768928e-02
6 1 2 3 6 2 1.2850029545e-01
6 1 2 3 6 3 9.6456946884e-02
6 1 3 1 3 1 -5.0770030159e-02
6 1 3 1 3 2 9.6456954815e-02
6 1 3 1 3 3 9.6456954749e-02
6 1 3 1 6 1 5.0770031828e-02
6 1 3 1 6 2 -9.6456956553e-02
6 1 3 1 6 3 -9.6456956531e-02
6 1 3 2 3 1 9.6456954815e-02
6 1 3 2 3 2 -9.6740739465e-02
6 1 3 2 3 3 -1.2850030503e-01
6 1 3 2 6 1 -9.6740768936e-02
6 1 3 2 6 2 9.6456946848e-02
6 1 3 2 6 3 1.2850029545e-01
6 1 3 3 3 1 9.6456954749e-02
6 1 3 3 3 2 -1.2850030503e-01
6 1 3 3 3 3 -9.6740739470e-02
6 1 3 3 6 1 -9.6740768960e-02
6 1 3 3 6 2 1.2850029543e-01
6 1 3 3 6 3 9.6456946884e-02
6 1 4 1 4 1 5.0770030172e-02
6 1 4 1 4 2 -9.6456954816e-02
6 1 4 1 4 3 9.6456954799e-02
6 1 4 1 6 1 -5.0770031879e-02
6 1 4 1 6 2 9.6456956531e-02
6 1 4 1 6 3 -9.6456956536e-02
6 1 4 2 4 1 -9.6456954816e-02
6 1 4 2 4 2 9.6740739504e-02
6 1 4 2 4 3 -1.2850030499e-01
6 1 4 2 6 1 9.6740768965e-02
6 1 4 2 6 2 -9.6456946884e-02
6 1 4 2 6 3 1.2850029543e-01
6 1 4 3 4 1 9.6456954799e-02
6 1 4 3 4 2 -1.2850030499e-01
6 1 4 3 4 3 9.6740739468e-02
6 1 4 3 6 1 -9.6740768933e-02
6 1 4 3 6 2 1.2850029547e-01
6 1 4 3 6 3 -9.6456946891e-02
6 1 6 1 1 1 -5.0770031811e-02
6 1 6 1 1 2 -9.6740768966e-02
6 1 6 1 1 3 9.6740768972e-02
6 1 6 1 2 1 5.0770031835e-02
6 1 6 1 2 2 9.6740768931e-02
6 1 6 1 2 3 9.6740768928e-02
6 1 6 1 3 1 5.0770031828e-02
6 1 6 1 3 2 -9.6740768936e-02
6 1 6 1 3 3 -9.6740768960e-02
6 1 6 1 4 1 -5.0770031879e-02
6 1 6 1 4 2 9.6740768965e-02
6 1 6 1 4 3 -9.6740768933e-02
6 1 6 1 6 1 2.0556229659e-10
6 1 6 2 1 1 -9.6456956562e-02
6 1 6 2 1 2 -9.6456946839e-02
6 1 6 2 1 3 1.2850029545e-01
6 1 6 2 2 1 9.6456956533e-02
6 1 6 2 2 2 9.6456946889e-02
6 1 6 2 2 3 1.2850029545e-01
6 1 6 2 3 1 -9.6456956553e-02
6 1 6 2 3 2 9.6456946848e-02
6 1 6 2 3 3 1.2850029543e-01
6 1 6 2 4 1 9.6456956531e-02
6 1 6 2 4 2 -9.6456946884e-02
6 1 6 2 4 3 1.2850029547e-01
6 1 6 2 6 3 -5.0186953730e-01
6 1 6 3 1 1 9.6456956538e-02
6 1 6 3 1 2 1.2850029545e-01
6 1 6 3 1 3 -9.6456946906e-02
6 1 6 3 2 1 9.6456956519e-02
6 1 6 3 2 2 1.2850029543e-01
6 1 6 3 2 3 9.6456946884e-02
6 1 6 3 3 1 -9.6456956531e-02
6 1 6 3 3 2 1.2850029545e-01
6 1 6 3 3 3 9.6456946884e-02
6 1 6 3 4 1 -9.6456956536e-02
6 1 6 3 4 2 1.2850029543e-01
6 1 6 3 4 3 -9.6456946891e-02
6 1 6 3 6 2 -5.0186953730e-01
6 2 1 1 1 1 9.6740739484e-02
6 2 1 1 1 2 9.6456954836e-02
6 2 1 1 1 3 -1.2850030505e-01
6 2 1 1 6 1 -9.6456946862e-02
6 2 1 1 6 2 -9.6740768931e-02
6 2 1 1 6 3 1.2850029545e-01
6 2 1 2 1 1 9.6456954836e-02
6 2 1 2 1 2 5.0770030140e-02
6 2 1 2 1 3 -9.6456954833e-02
6 2 1 2 6 1 -9.6456956574e-02
6 2 1 2 6 2 -5.0770031785e-02
6 2 1 2 6 3 9.6456956550e-02
6 2 1 3 1 1 -1.2850030505e-01
6 2 1 3 1 2 -9.6456954833e-02
6 2 1 3 1 3 9.6740739484e-02
6 2 1 3 6 1 1.2850029547e-01
6 2 1 3 6 2 9.6740768950e-02
6 2 1 3 6 3 -9.6456946901e-02
6 2 2 1 2 1 -9.6740739533e-02
6 2 2 1 2 2 -9.6456954882e-02
6 2 2 1 2 3 -1.2850030505e-01
6 2 2 1 6 1 9.6456946930e-02
6 2 2 1 6 2 9.6740768911e-02
6 2 2 1 6 3 1.2850029542e-01
6 2 2 2 2 1 -9.6456954882e-02
6 2 2 2 2 2 -5.0770030184e-02
6 2 2 2 2 3 -9.6456954882e-02
6 2 2 2 6 1 9.6456956565e-02
6 2 2 2 6 2 5.0770031857e-02
6 2 2 2 6 3 9.6456956526e-02
6 2 2 3 2 1 -1.2850030505e-01
6 2 2 3 2 2 -9.6456954882e-02
6 2 2 3 2 3 -9.6740739484e-02
6 2 2 3 6 1 1.2850029543e-01
6 2 2 3 6 2 9.6740768911e-02
6 2 2 3 6 3 9.6456946882e-02
6 2 3 1 3 1 9.6740739538e-02
6 2 3 1 3 2 -9.6456954804e-02
6 2 3 1 3 3 -1.2850030500e-01
6 2 3 1 6 1 -9.6456946925e-02
6 2 3 1 6 2 9.6740768960e-02
6 2 3 1 6 3 1.2850029543e-01
6 2 3 2 3 1 -9.6456954804e-02
6 2 3 2 3 2 5.0770030126e-02
6 2 3 2 3 3 9.6456954794e-02
6 2 3 2 6 1 9.6456956526e-02
6 2 3 2 6 2 -5.0770031785e-02
6 2 3 2 6 3 -9.6456956545e-02
6 2 3 3 3 1 -1.2850030500e-01
6 2 3 3 3 2 9.6456954794e-02
6 2 3 3 3 3 9.6740739484e-02
6 2 3 3 6 1 1.2850029549e-01
6 2 3 3 6 2 -9.6740768911e-02
6 2 3 3 6 3 -9.6456946882e-02
6 2 4 1 4 1 -9.6740739528e-02
6 2 4 1 4 2 9.6456954833e-02
6 2 4 1 4 3 -1.2850030500e-01
6 2 4 1 6 1 9.6456946932e-02
6 2 4 1 6 2 -9.6740768906e-02
6 2 4 1 6 3 1.2850029545e-01
6 2 4 2 4 1 9.6456954833e-02
6 2 4 2 4 2 -5.0770030155e-02
6 2 4 2 4 3 9.6456954761e-02
6 2 4 2 6 1 -9.6456956579e-02
6 2 4 2 6 2 5.0770031867e-02
6 2 4 2 6 3 -9.6456956526e-02
6 2 4 3 4 1 -1.2850030500e-01
6 2 4 3 4 2 9.6456954761e-02
6 2 4 3 4 3 -9.6740739460e-02
6 2 4 3 6 1 1.2850029546e-01
6 2 4 3 6 2 -9.6740768921e-02
6 2 4 3 6 3 9.6456946906e-02
6 2 6 1 1 1 -9.6456946862e-02
6 2 6 1 1 2 -9.6456956574e-02
6 2 6 1 1 3 1.2850029547e-01
6 2 6 1 2 1 9.6456946930e-02
6 2 6 1 2 2 9.6456956565e-02
6 2 6 1 2 3 1.2850029543e-01
6 2 6 1 3 1 -9.6456946925e-02
6 2 6 1 3 2 9.6456956526e-02
6 2 6 1 3 3 1.2850029549e-01
6 2 6 1 4 1 9.6456946932e-02
6 2 6 1 4 2 -9.6456956579e-02
6 2 6 1 4 3 1.2850029546e-01
6 2 6 1 6 3 -5.0186953730e-01
6 2 6 2 1 1 -9.6740768931e-02
6 2 6 2 1 2 -5.0770031785e-02
6 2 6 2 1 3 9.6740768950e-02
6 2 6 2 2 1 9.6740768911e-02
6 2 6 2 2 2 5.0770031857e-02
6 2 6 2 2 3 9.6740768911e-02
6 2 6 2 3 1 9.6740768960e-02
6 2 6 2 3 2 -5.0770031785e-02
6 2 6 2 3 3 -9.6740768911e-02
6 2 6 2 4 1 -9.6740768906e-02
6 2 6 2 4 2 5.0770031867e-02
6 2 6 2 4 3 -9.6740768921e-02
6 2 6 2 6 2 2.5151151583e-10
6 2 6 3 1 1 1.2850029545e-01
6 2 6 3 1 2 9.6456956550e-02
6 2 6 3 1 3 -9.6456946901e-02
6 2 6 3 2 1 1.2850029542e-01
6 2 6 3 2 2 9.6456956526e-02
6 2 6 3 2 3 9.6456946882e-02
6 2 6 3 3 1 1.2850029543e-01
6 2 6 3 3 2 -9.6456956545e-02
6 2 6 3 3 3 -9.6456946882e-02
6 2 6 3 4 1 1.2850029545e-01
6 2 6 3 4 2 -9.6456956526e-02
6 2 6 3 4 3 9.6456946906e-02
6 2 6 3 6 1 -5.0186953730e-01
6 3 1 1 1 1 -9.6740739455e-02
6 3 1 1 1 2 -1.2850030502e-01
6 3 1 1 1 3 9.6456954804e-02
6 3 1 1 6 1 9.6456946845e-02
6 3 1 1 6 2 1.2850029545e-01
6 3 1 1 6 3 -9.6740768933e-02
6 3 1 2 1 1 -1.2850030502e-01
6 3 1 2 1 2 -9.6740739470e-02
6 3 1 2 1 3 9.6456954819e-02
6 3 1 2 6 1 1.2850029547e-01
6 3 1 2 6 2 9.6456946862e-02
6 3 1 2 6 3 -9.6740768921e-02
6 3 1 3 1 1 9.6456954804e-02
6 3 1 3 1 2 9.6456954819e-02
6 3 1 3 1 3 -5.0770030121e-02
6 3 1 3 6 1 -9.6456956555e-02
6 3 1 3 6 2 -9.6456956560e-02
6 3 1 3 6 3 5.0770031848e-02
6 3 2 1 2 1 -9.6740739504e-02
6 3 2 1 2 2 -1.2850030507e-01
6 3 2 1 2 3 -9.6456954853e-02
6 3 2 1 6 1 9.6456946891e-02
6 3 2 1 6 2 1.2850029545e-01
6 3 2 1 6 3 9.6740768921e-02
6 3 2 2 2 1 -1.2850030507e-01
6 3 2 2 2 2 -9.6740739504e-02
6 3 2 2 2 3 -9.6456954862e-02
6 3 2 2 6 1 1.2850029545e-01
6 3 2 2 6 2 9.6456946886e-02
6 3 2 2 6 3 9.6740768921e-02
6 3 2 3 2 1 -9.6456954853e-02
6 3 2 3 2 2 -9.6456954862e-02
6 3 2 3 2 3 -5.0770030116e-02
6 3 2 3 6 1 9.6456956526e-02
6 3 2 3 6 2 9.6456956536e-02
6 3 2 3 6 3 5.0770031838e-02
6 3 3 1 3 1 9.6740739513e-02
6 3 3 1 3 2 -1.2850030504e-01
6 3 3 1 3 3 -9.6456954761e-02
6 3 3 1 6 1 -9.6456946877e-02
6 3 3 1 6 2 1.2850029544e-01
6 3 3 1 6 3 9.6740768897e-02
6 3 3 2 3 1 -1.2850030504e-01
6 3 3 2 3 2 9.6740739475e-02
6 3 3 2 3 3 9.6456954794e-02
6 3 3 2 6 1 1.2850029544e-01
6 3 3 2 6 2 -9.6456946867e-02
6 3 3 2 6 3 -9.6740768935e-02
6 3 3 3 3 1 -9.6456954761e-02
6 3 3 3 3 2 9.6456954794e-02
6 3 3 3 3 3 5.0770030106e-02
6 3 3 3 6 1 9.6456956565e-02
6 3 3 3 6 2 -9.6456956545e-02
6 3 3 3 6 3 -5.0770031823e-02
6 3 4 1 4 1 9.6740739528e-02
6 3 4 1 4 2 -1.2850030502e-01
6 3 4 1 4 3 9.6456954794e-02
6 3 4 1 6 1 -9.6456946935e-02
6 3 4 1 6 2 1.2850029545e-01
6 3 4 1 6 3 -9.6740768945e-02
6 3 4 2 4 1 -1.2850030502e-01
6 3 4 2 4 2 9.6740739509e-02
6 3 4 2 4 3 -9.6456954756e-02
6 3 4 2 6 1 1.2850029543e-01
6 3 4 2 6 2 -9.6456946872e-02
6 3 4 2 6 3 9.6740768906e-02
6 3 4 3 4 1 9.6456954794e-02
6 3 4 3 4 2 -9.6456954756e-02
6 3 4 3 4 3 5.0770030106e-02
6 3 4 3 6 1 -9.6456956541e-02
6 3 4 3 6 2 9.6456956565e-02
6 3 4 3 6 3 -5.0770031828e-02
6 3 6 1 1 1 9.6456946845e-02
6 3 6 1 1 2 1.2850029547e-01
6 3 6 1 1 3 -9.6456956555e-02
6 3 6 1 2 1 9.6456946891e-02
6 3 6 1 2 2 1.2850029545e-01
6 3 6 1 2 3 9.6456956526e-02
6 3 6 1 3 1 -9.6456946877e-02
6 3 6 1 3 2 1.2850029544e-01
6 3 6 1 3 3 9.6456956565e-02
6 3 6 1 4 1 -9.6456946935e-02
6 3 6 1 4 2 1.2850029543e-01
6 3 6 1 4 3 -9.6456956541e-02
6 3 6 1 6 2 -5.0186953733e-01
6 3 6 2 1 1 1.2850029545e-01
6 3 6 2 1 2 9.6456946862e-02
6 3 6 2 1 3 -9.6456956560e-02
6 3 6 2 2 1 1.2850029545e-01
6 3 6 2 2 2 9.6456946886e-02
6 3 6 2 2 3 9.6456956536e-02
6 3 6 2 3 1 1.2850029544e-01
6 3 6 2 3 2 -9.6456946867e-02
6 3 6 2 3 3 -9.6456956545e-02
6 3 6 2 4 1 1.2850029545e-01
6 3 6 2 4 2 -9.6456946872e-02
6 3 6 2 4 3 9.6456956565e-02
6 3 6 2 6 1 -5.0186953733e-01
6 3 6 2 6 3 -1.2091899799e-10
6 3 6 3 1 1 -9.6740768933e-02
6 3 6 3 1 2 -9.6740768921e-02
6 3 6 3 1 3 5.0770031848e-02
6 3 6 3 2 1 9.6740768921e-02
6 3 6 3 2 2 9.6740768921e-02
6 3 6 3 2 3 5.0770031838e-02
6 3 6 3 3 1 9.6740768897e-02
6 3 6 3 3 2 -9.6740768935e-02
6 3 6 3 3 3 -5.0770031823e-02
6 3 6 3 4 1 -9.6740768945e-02
6 3 6 3 4 2 9.6740768906e-02
6 3 6 3 4 3 -5.0770031828e-02
6 3 6 3 6 2 -1.2091899799e-10
6 3 6 3 6 3 1.0640871824e-10
7 1 1 1 1 1 5.0770030176e-02
7 1 1 1 1 2 -9.6456954833e-02
7 1 1 1 1 3 9.6456954802e-02
7 1 1 1 7 1 -5.0770031874e-02
7 1 1 1 7 2 9.6456956531e-02
7 1 1 1 7 3 -9.6456956562e-02
7 1 1 2 1 1 -9.6456954833e-02
7 1 1 2 1 2 9.6740739468e-02
7 1 1 2 1 3 -1.2850030498e-01
7 1 1 2 7 1 9.6740768977e-02
7 1 1 2 7 2 -9.6456946879e-02
7 1 1 2 7 3 1.2850029545e-01
7 1 1 3 1 1 9.6456954802e-02
7 1 1 3 1 2 -1.2850030498e-01
7 1 1 3 1 3 9.6740739521e-02
7 1 1 3 7 1 -9.6740768913e-02
7 1 1 3 7 2 1.2850029545e-01
7 1 1 3 7 3 -9.6456946925e-02
7 1 2 1 2 1 -5.0770030159e-02
7 1 2 1 2 2 9.6456954746e-02
7 1 2 1 2 3 9.6456954824e-02
7 1 2 1 7 1 5.0770031828e-02
7 1 2 1 7 2 -9.6456956570e-02
7 1 2 1 7 3 -9.6456956555e-02
7 1 2 2 2 1 9.6456954746e-02
7 1 2 2 2 2 -9.6740739468e-02
7 1 2 2 2 3 -1.2850030502e-01
7 1 2 2 7 1 -9.6740768969e-02
7 1 2 2 7 2 9.6456946886e-02
7 1 2 2 7 3 1.2850029543e-01
7 1 2 3 2 1 9.6456954824e-02
7 1 2 3 2 2 -1.2850030502e-01
7 1 2 3 2 3 -9.6740739472e-02
7 1 2 3 7 1 -9.6740768912e-02
7 1 2 3 7 2 1.2850029545e-01
7 1 2 3 7 3 9.6456946845e-02
7 1 3 1 3 1 -5.0770030186e-02
7 1 3 1 3 2 -9.6456954867e-02
7 1 3 1 3 3 -9.6456954865e-02
7 1 3 1 7 1 5.0770031835e-02
7 1 3 1 7 2 9.6456956521e-02
7 1 3 1 7 3 9.6456956528e-02
7 1 3 2 3 1 -9.6456954867e-02
7 1 3 2 3 2 -9.6740739480e-02
7 1 3 2 3 3 -1.2850030506e-01
7 1 3 2 7 1 9.6740768928e-02
7 1 3 2 7 2 9.6456946879e-02
7 1 3 2 7 3 1.2850029544e-01
7 1 3 3 3 1 -9.6456954865e-02
7 1 3 3 3 2 -1.2850030506e-01
7 1 3 3 3 3 -9.6740739513e-02
7 1 3 3 7 1 9.6740768931e-02
7 1 3 3 7 2 1.2850029543e-01
7 1 3 3 7 3 9.6456946891e-02
7 1 4 1 4 1 5.0770030126e-02
7 1 4 1 4 2 9.6456954804e-02
7 1 4 1 4 3 -9.6456954828e-02
7 1 4 1 7 1 -5.0770031814e-02
7 1 4 1 7 2 -9.6456956548e-02
7 1 4 1 7 3 9.6456956557e-02
7 1 4 2 4 1 9.6456954804e-02
7 1 4 2 4 2 9.6740739472e-02
7 1 4 2 4 3 -1.2850030499e-01
7 1 4 2 7 1 -9.6740768933e-02
7 1 4 2 7 2 -9.6456946889e-02
7 1 4 2 7 3 1.2850029552e-01
7 1 4 3 4 1 -9.6456954828e-02
7 1 4 3 4 2 -1.2850030499e-01
7 1 4 3 4 3 9.6740739513e-02
7 1 4 3 7 1 9.6740768965e-02
7 1 4 3 7 2 1.2850029547e-01
7 1 4 3 7 3 -9.6456946886e-02
7 1 7 1 1 1 -5.0770031874e-02
7 1 7 1 1 2 9.6740768977e-02
7 1 7 1 1 3 -9.6740768913e-02
7 1 7 1 2 1 5.0770031828e-02
7 1 7 1 2 2 -9.6740768969e-02
7 1 7 1 2 3 -9.6740768912e-02
7 1 7 1 3 1 5.0770031835e-02
7 1 7 1 3 2 9.6740768928e-02
7 1 7 1 3 3 9.6740768931e-02
7 1 7 1 4 1 -5.0770031814e-02
7 1 7 1 4 2 -9.6740768933e-02
7 1 7 1 4 3 9.6740768965e-02
7 1 7 1 7 1 2.0556229659e-10
7 1 7 2 1 1 9.6456956531e-02
7 1 7 2 1 2 -9.6456946879e-02
7 1 7 2 1 3 1.2850029545e-01
7 1 7 2 2 1 -9.6456956570e-02
7 1 7 2 2 2 9.6456946886e-02
7 1 7 2 2 3 1.2850029545e-01
7 1 7 2 3 1 9.6456956521e-02
7 1 7 2 3 2 9.6456946879e-02
7 1 7 2 3 3 1.2850029543e-01
7 1 7 2 4 1 -9.6456956548e-02
7 1 7 2 4 2 -9.6456946889e-02
7 1 7 2 4 3 1.2850029547e-01
7 1 7 2 7 3 -5.0186953732e-01
7 1 7 3 1 1 -9.6456956562e-02
7 1 7 3 1 2 1.2850029545e-01
7 1 7 3 1 3 -9.6456946925e-02
7 1 7 3 2 1 -9.6456956555e-02
7 1 7 3 2 2 1.2850029543e-01
7 1 7 3 2 3 9.6456946845e-02
7 1 7 3 3 1 9.6456956528e-02
7 1 7 3 3 2 1.2850029544e-01
7 1 7 3 3 3 9.6456946891e-02
7 1 7 3 4 1 9.6456956557e-02
7 1 7 3 4 2 1.2850029552e-01
7 1 7 3 4 3 -9.6456946886e-02
7 1 7 3 7 2 -5.0186953732e-01
7 2 1 1 1 1 -9.6740739530e-02
7 2 1 1 1 2 9.6456954828e-02
7 2 1 1 1 3 -1.2850030500e-01
7 2 1 1 7 1 9.6456946935e-02
7 2 1 1 7 2 -9.6740768921e-02
7 2 1 1 7 3 1.2850029547e-01
7 2 1 2 1 1 9.6456954828e-02
7 2 1 2 1 2 -5.0770030101e-02
7 2 1 2 1 3 9.6456954770e-02
7 2 1 2 7 1 -9.6456956584e-02
7 2 1 2 7 2 5.0770031877e-02
7 2 1 2 7 3 -9.6456956589e-02
7 2 1 3 1 1 -1.2850030500e-01
7 2 1 3 1 2 9.6456954770e-02
7 2 1 3 1 3 -9.6740739533e-02
7 2 1 3 7 1 1.2850029544e-01
7 2 1 3 7 2 -9.6740768916e-02
7 2 1 3 7 3 9.6456946940e-02
7 2 2 1 2 1 9.6740739538e-02
7 2 2 1 2 2 -9.6456954746e-02
7 2 2 1 2 3 -1.2850030505e-01
7 2 2 1 7 1 -9.6456946925e-02
7 2 2 1 7 2 9.6740768935e-02
7 2 2 1 7 3 1.2850029546e-01
7 2 2 2 2 1 -9.6456954746e-02
7 2 2 2 2 2 5.0770030106e-02
7 2 2 2 2 3 9.6456954790e-02
7 2 2 2 7 1 9.6456956603e-02
7 2 2 2 7 2 -5.0770031843e-02
7 2 2 2 7 3 -9.6456956550e-02
7 2 2 3 2 1 -1.2850030505e-01
7 2 2 3 2 2 9.6456954790e-02
7 2 2 3 2 3 9.6740739489e-02
7 2 2 3 7 1 1.2850029543e-01
7 2 2 3 7 2 -9.6740768940e-02
7 2 2 3 7 3 -9.6456946862e-02
7 2 3 1 3 1 -9.6740739533e-02
7 2 3 1 3 2 -9.6456954872e-02
7 2 3 1 3 3 -1.2850030505e-01
7 2 3 1 7 1 9.6456946930e-02
7 2 3 1 7 2 9.6740768911e-02
7 2 3 1 7 3 1.2850029541e-01
7 2 3 2 3 1 -9.6456954872e-02
7 2 3 2 3 2 -5.0770030106e-02
7 2 3 2 3 3 -9.6456954882e-02
7 2 3 2 7 1 9.6456956565e-02
7 2 3 2 7 2 5.0770031881e-02
7 2 3 2 7 3 9.6456956555e-02
7 2 3 3 3 1 -1.2850030505e-01
7 2 3 3 3 2 -9.6456954882e-02
7 2 3 3 3 3 -9.6740739523e-02
7 2 3 3 7 1 1.2850029543e-01
7 2 3 3 7 2 9.6740768911e-02
7 2 3 3 7 3 9.6456946911e-02
7 2 4 1 4 1 9.6740739482e-02
7 2 4 1 4 2 9.6456954828e-02
7 2 4 1 4 3 -1.2850030504e-01
7 2 4 1 7 1 -9.6456946865e-02
7 2 4 1 7 2 -9.6740768945e-02
7 2 4 1 7 3 1.2850029549e-01
7 2 4 2 4 1 9.6456954828e-02
7 2 4 2 4 2 5.0770030106e-02
7 2 4 2 4 3 -9.6456954765e-02
7 2 4 2 7 1 -9.6456956550e-02
7 2 4 2 7 2 -5.0770031852e-02
7 2 4 2 7 3 9.6456956652e-02
7 2 4 3 4 1 -1.2850030504e-01
7 2 4 3 4 2 -9.6456954765e-02
7 2 4 3 4 3 9.6740739538e-02
7 2 4 3 7 1 1.2850029546e-01
7 2 4 3 7 2 9.6740768935e-02
7 2 4 3 7 3 -9.6456946920e-02
7 2 7 1 1 1 9.6456946935e-02
7 2 7 1 1 2 -9.6456956584e-02
7 2 7 1 1 3 1.2850029544e-01
7 2 7 1 2 1 -9.6456946925e-02
7 2 7 1 2 2 9.6456956603e-02
7 2 7 1 2 3 1.2850029543e-01
7 2 7 1 3 1 9.6456946930e-02
7 2 7 1 3 2 9.6456956565e-02
7 2 7 1 3 3 1.2850029543e-01
7 2 7 1 4 1 -9.6456946865e-02
7 2 7 1 4 2 -9.6456956550e-02
7 2 7 1 4 3 1.2850029546e-01
7 2 7 1 7 3 -5.0186953738e-01
7 2 7 2 1 1 -9.6740768921e-02
7 2 7 2 1 2 5.0770031877e-02
7 2 7 2 1 3 -9.6740768916e-02
7 2 7 2 2 1 9.6740768935e-02
7 2 7 2 2 2 -5.0770031843e-02
7 2 7 2 2 3 -9.6740768940e-02
7 2 7 2 3 1 9.6740768911e-02
7 2 7 2 3 2 5.0770031881e-02
7 2 7 2 3 3 9.6740768911e-02
7 2 7 2 4 1 -9.6740768945e-02
7 2 7 2 4 2 -5.0770031852e-02
7 2 7 2 4 3 9.6740768935e-02
7 2 7 2 7 2 1.2575575791e-10
7 2 7 3 1 1 1.2850029547e-01
7 2 7 3 1 2 -9.6456956589e-02
7 2 7 3 1 3 9.6456946940e-02
7 2 7 3 2 1 1.2850029546e-01
7 2 7 3 2 2 -9.6456956550e-02
7 2 7 3 2 3 -9.6456946862e-02
7 2 7 3 3 1 1.2850029541e-01
7 2 7 3 3 2 9.6456956555e-02
7 2 7 3 3 3 9.6456946911e-02
7 2 7 3 4 1 1.2850029549e-01
7 2 7 3 4 2 9.6456956652e-02
7 2 7 3 4 3 -9.6456946920e-02
7 2 7 3 7 1 -5.0186953738e-01
7 3 1 1 1 1 9.6740739528e-02
7 3 1 1 1 2 -1.2850030503e-01
7 3 1 1 1 3 9.6456954802e-02
7 3 1 1 7 1 -9.6456946930e-02
7 3 1 1 7 2 1.2850029544e-01
7 3 1 1 7 3 -9.6740768972e-02
7 3 1 2 1 1 -1.2850030503e-01
7 3 1 2 1 2 9.6740739460e-02
7 3 1 2 1 3 -9.6456954756e-02
7 3 1 2 7 1 1.2850029544e-01
7 3 1 2 7 2 -9.6456946877e-02
7 3 1 2 7 3 9.6740768974e-02
7 3 1 3 1 1 9.6456954802e-02
7 3 1 3 1 2 -9.6456954756e-02
7 3 1 3 1 3 5.0770030179e-02
7 3 1 3 7 1 -9.6456956507e-02
7 3 1 3 7 2 9.6456956531e-02
7 3 1 3 7 3 -5.0770031867e-02
7 3 2 1 2 1 9.6740739513e-02
7 3 2 1 2 2 -1.2850030498e-01
7 3 2 1 2 3 -9.6456954804e-02
7 3 2 1 7 1 -9.6456946877e-02
7 3 2 1 7 2 1.2850029547e-01
7 3 2 1 7 3 9.6740768965e-02
7 3 2 2 2 1 -1.2850030498e-01
7 3 2 2 2 2 9.6740739475e-02
7 3 2 2 2 3 9.6456954790e-02
7 3 2 2 7 1 1.2850029547e-01
7 3 2 2 7 2 -9.6456946901e-02
7 3 2 2 7 3 -9.6740768940e-02
7 3 2 3 2 1 -9.6456954804e-02
7 3 2 3 2 2 9.6456954790e-02
7 3 2 3 2 3 5.0770030121e-02
7 3 2 3 7 1 9.6456956512e-02
7 3 2 3 7 2 -9.6456956550e-02
7 3 2 3 7 3 -5.0770031789e-02
7 3 3 1 3 1 -9.6740739504e-02
7 3 3 1 3 2 -1.2850030507e-01
7 3 3 1 3 3 -9.6456954857e-02
7 3 3 1 7 1 9.6456946891e-02
7 3 3 1 7 2 1.2850029543e-01
7 3 3 1 7 3 9.6740768902e-02
7 3 3 2 3 1 -1.2850030507e-01
7 3 3 2 3 2 -9.6740739475e-02
7 3 3 2 3 3 -9.6456954867e-02
7 3 3 2 7 1 1.2850029545e-01
7 3 3 2 7 2 9.6456946877e-02
7 3 3 2 7 3 9.6740768921e-02
7 3 3 3 3 1 -9.6456954857e-02
7 3 3 3 3 2 -9.6456954867e-02
7 3 3 3 3 3 -5.0770030169e-02
7 3 3 3 7 1 9.6456956526e-02
7 3 3 3 7 2 9.6456956516e-02
7 3 3 3 7 3 5.0770031848e-02
7 3 4 1 4 1 -9.6740739458e-02
7 3 4 1 4 2 -1.2850030503e-01
7 3 4 1 4 3 9.6456954819e-02
7 3 4 1 7 1 9.6456946845e-02
7 3 4 1 7 2 1.2850029545e-01
7 3 4 1 7 3 -9.6740768962e-02
7 3 4 2 4 1 -1.2850030503e-01
7 3 4 2 4 2 -9.6740739460e-02
7 3 4 2 4 3 9.6456954751e-02
7 3 4 2 7 1 1.2850029544e-01
7 3 4 2 7 2 9.6456946896e-02
7 3 4 2 7 3 -9.6740769008e-02
7 3 4 3 4 1 9.6456954819e-02
7 3 4 3 4 2 9.6456954751e-02
7 3 4 3 4 3 -5.0770030155e-02
7 3 4 3 7 1 -9.6456956545e-02
7 3 4 3 7 2 -9.6456956574e-02
7 3 4 3 7 3 5.0770031838e-02
7 3 7 1 1 1 -9.6456946930e-02
7 3 7 1 1 2 1.2850029544e-01
7 3 7 1 1 3 -9.6456956507e-02
7 3 7 1 2 1 -9.6456946877e-02
7 3 7 1 2 2 1.2850029547e-01
7 3 7 1 2 3 9.6456956512e-02
7 3 7 1 3 1 9.6456946891e-02
7 3 7 1 3 2 1.2850029545e-01
7 3 7 1 3 3 9.6456956526e-02
7 3 7 1 4 1 9.6456946845e-02
7 3 7 1 4 2 1.2850029544e-01
7 3 7 1 4 3 -9.6456956545e-02
7 3 7 1 7 2 -5.0186953731e-01
7 3 7 2 1 1 1.2850029544e-01
7 3 7 2 1 2 -9.6456946877e-02
7 3 7 2 1 3 9.6456956531e-02
7 3 7 2 2 1 1.2850029547e-01
7 3 7 2 2 2 -9.6456946901e-02
7 3 7 2 2 3 -9.6456956550e-02
7 3 7 2 3 1 1.2850029543e-01
7 3 7 2 3 2 9.6456946877e-02
7 3 7 2 3 3 9.6456956516e-02
7 3 7 2 4 1 1.2850029545e-01
7 3 7 2 4 2 9.6456946896e-02
7 3 7 2 4 3 -9.6456956574e-02
7 3 7 2 7 1 -5.0186953731e-01
7 3 7 3 1 1 -9.6740768972e-02
7 3 7 3 1 2 9.6740768974e-02
7 3 7 3 1 3 -5.0770031867e-02
7 3 7 3 2 1 9.6740768965e-02
7 3 7 3 2 2 -9.6740768940e-02
7 3 7 3 2 3 -5.0770031789e-02
7 3 7 3 3 1 9.6740768902e-02
7 3 7 3 3 2 9.6740768921e-02
7 3 7 3 3 3 5.0770031848e-02
7 3 7 3 4 1 -9.6740768962e-02
7 3 7 3 4 2 -9.6740769008e-02
7 3 7 3 4 3 5.0770031838e-02
7 3 7 3 7 3 2.5151151583e-10
8 1 1 1 1 1 -5.0770030109e-02
8 1 1 1 1 2 9.6456954816e-02
8 1 1 1 1 3 9.6456954828e-02
8 1 1 1 8 1 5.0770031848e-02
8 1 1 1 8 2 -9.6456956562e-02
8 1 1 1 8 3 -9.6456956560e-02
8 1 1 2 1 1 9.6456954816e-02
8 1 1 2 1 2 -9.6740739470e-02
8 1 1 2 1 3 -1.2850030503e-01
8 1 1 2 8 1 -9.6740768933e-02
8 1 1 2 8 2 9.6456946860e-02
8 1 1 2 8 3 1.2850029546e-01
8 1 1 3 1 1 9.6456954828e-02
8 1 1 3 1 2 -1.2850030503e-01
8 1 1 3 1 3 -9.6740739468e-02
8 1 1 3 8 1 -9.6740768942e-02
8 1 1 3 8 2 1.2850029547e-01
8 1 1 3 8 3 9.6456946848e-02
8 1 2 1 2 1 5.0770030104e-02
8 1 2 1 2 2 -9.6456954773e-02
8 1 2 1 2 3 9.6456954862e-02
8 1 2 1 8 1 -5.0770031833e-02
8 1 2 1 8 2 9.6456956572e-02
8 1 2 1 8 3 -9.6456956533e-02
8 1 2 2 2 1 -9.6456954773e-02
8 1 2 2 2 2 9.6740739504e-02
8 1 2 2 2 3 -1.2850030499e-01
8 1 2 2 8 1 9.6740768960e-02
8 1 2 2 8 2 -9.6456946884e-02
8 1 2 2 8 3 1.2850029544e-01
8 1 2 3 2 1 9.6456954862e-02
8 1 2 3 2 2 -1.2850030499e-01
8 1 2 3 2 3 9.6740739516e-02
8 1 2 3 8 1 -9.6740768882e-02
8 1 2 3 8 2 1.2850029549e-01
8 1 2 3 8 3 -9.6456946927e-02
8 1 3 1 3 1 5.0770030109e-02
8 1 3 1 3 2 9.6456954809e-02
8 1 3 1 3 3 -9.6456954765e-02
8 1 3 1 8 1 -5.0770031828e-02
8 1 3 1 8 2 -9.6456956533e-02
8 1 3 1 8 3 9.6456956601e-02
8 1 3 2 3 1 9.6456954809e-02
8 1 3 2 3 2 9.6740739470e-02
8 1 3 2 3 3 -1.2850030505e-01
8 1 3 2 8 1 -9.6740768948e-02
8 1 3 2 8 2 -9.6456946855e-02
8 1 3 2 8 3 1.2850029546e-01
8 1 3 3 3 1 -9.6456954765e-02
8 1 3 3 3 2 -1.2850030505e-01
8 1 3 3 3 3 9.6740739513e-02
8 1 3 3 8 1 9.6740768957e-02
8 1 3 3 8 2 1.2850029544e-01
8 1 3 3 8 3 -9.6456946886e-02
8 1 4 1 4 1 -5.0770030123e-02
8 1 4 1 4 2 -9.6456954869e-02
8 1 4 1 4 3 -9.6456954869e-02
8 1 4 1 8 1 5.0770031831e-02
8 1 4 1 8 2 9.6456956526e-02
8 1 4 1 8 3 9.6456956521e-02
8 1 4 2 4 1 -9.6456954869e-02
8 1 4 2 4 2 -9.6740739518e-02
8 1 4 2 4 3 -1.2850030506e-01
8 1 4 2 8 1 9.6740768928e-02
8 1 4 2 8 2 9.6456946889e-02
8 1 4 2 8 3 1.2850029544e-01
8 1 4 3 4 1 -9.6456954869e-02
8 1 4 3 4 2 -1.2850030506e-01
8 1 4 3 4 3 -9.6740739513e-02
8 1 4 3 8 1 9.6740768926e-02
8 1 4 3 8 2 1.2850029545e-01
8 1 4 3 8 3 9.6456946891e-02
8 1 8 1 1 1 5.0770031848e-02
8 1 8 1 1 2 -9.6740768933e-02
8 1 8 1 1 3 -9.6740768942e-02
8 1 8 1 2 1 -5.0770031833e-02
8 1 8 1 2 2 9.6740768960e-02
8 1 8 1 2 3 -9.6740768882e-02
8 1 8 1 3 1 -5.0770031828e-02
8 1 8 1 3 2 -9.6740768948e-02
8 1 8 1 3 3 9.6740768957e-02
8 1 8 1 4 1 5.0770031831e-02
8 1 8 1 4 2 9.6740768928e-02
8 1 8 1 4 3 9.6740768926e-02
8 1 8 2 1 1 -9.6456956562e-02
8 1 8 2 1 2 9.6456946860e-02
8 1 8 2 1 3 1.2850029547e-01
8 1 8 2 2 1 9.6456956572e-02
8 1 8 2 2 2 -9.6456946884e-02
8 1 8 2 2 3 1.2850029549e-01
8 1 8 2 3 1 -9.6456956533e-02
8 1 8 2 3 2 -9.6456946855e-02
8 1 8 2 3 3 1.2850029544e-01
8 1 8 2 4 1 9.6456956526e-02
8 1 8 2 4 2 9.6456946889e-02
8 1 8 2 4 3 1.2850029545e-01
8 1 8 2 8 3 -5.0186953736e-01
8 1 8 3 1 1 -9.6456956560e-02
8 1 8 3 1 2 1.2850029546e-01
8 1 8 3 1 3 9.6456946848e-02
8 1 8 3 2 1 -9.6456956533e-02
8 1 8 3 2 2 1.2850029544e-01
8 1 8 3 2 3 -9.6456946927e-02
8 1 8 3 3 1 9.6456956601e-02
8 1 8 3 3 2 1.2850029546e-01
8 1 8 3 3 3 -9.6456946886e-02
8 1 8 3 4 1 9.6456956521e-02
8 1 8 3 4 2 1.2850029544e-01
8 1 8 3 4 3 9.6456946891e-02
8 1 8 3 8 2 -5.0186953736e-01
8 2 1 1 1 1 9.6740739470e-02
8 2 1 1 1 2 -9.6456954838e-02
8 2 1 1 1 3 -1.2850030505e-01
8 2 1 1 8 1 -9.6456946903e-02
8 2 1 1 8 2 9.6740768972e-02
8 2 1 1 8 3 1.2850029547e-01
8 2 1 2 1 1 -9.6456954838e-02
8 2 1 2 1 2 5.0770030133e-02
8 2 1 2 1 3 9.6456954809e-02
8 2 1 2 8 1 9.6456956550e-02
8 2 1 2 8 2 -5.0770031773e-02
8 2 1 2 8 3 -9.6456956591e-02
8 2 1 3 1 1 -1.2850030505e-01
8 2 1 3 1 2 9.6456954809e-02
8 2 1 3 1 3 9.6740739484e-02
8 2 1 3 8 1 1.2850029543e-01
8 2 1 3 8 2 -9.6740768950e-02
8 2 1 3 8 3 -9.6456946843e-02
8 2 2 1 2 1 -9.6740739465e-02
8 2 2 1 2 2 9.6456954765e-02
8 2 2 1 2 3 -1.2850030506e-01
8 2 2 1 8 1 9.6456946901e-02
8 2 2 1 8 2 -9.6740768931e-02
8 2 2 1 8 3 1.2850029544e-01
8 2 2 2 2 1 9.6456954765e-02
8 2 2 2 2 2 -5.0770030159e-02
8 2 2 2 2 3 9.6456954756e-02
8 2 2 2 8 1 -9.6456956584e-02
8 2 2 2 8 2 5.0770031867e-02
8 2 2 2 8 3 -9.6456956565e-02
8 2 2 3 2 1 -1.2850030506e-01
8 2 2 3 2 2 9.6456954756e-02
8 2 2 3 2 3 -9.6740739533e-02
8 2 2 3 8 1 1.2850029537e-01
8 2 2 3 8 2 -9.6740768931e-02
8 2 2 3 8 3 9.6456946920e-02
8 2 3 1 3 1 9.6740739480e-02
8 2 3 1 3 2 9.6456954824e-02
8 2 3 1 3 3 -1.2850030500e-01
8 2 3 1 8 1 -9.6456946896e-02
8 2 3 1 8 2 -9.6740768911e-02
8 2 3 1 8 3 1.2850029553e-01
8 2 3 2 3 1 9.6456954824e-02
8 2 3 2 3 2 5.0770030128e-02
8 2 3 2 3 3 -9.6456954838e-02
8 2 3 2 8 1 -9.6456956557e-02
8 2 3 2 8 2 -5.0770031782e-02
8 2 3 2 8 3 9.6456956565e-02
8 2 3 3 3 1 -1.2850030500e-01
8 2 3 3 3 2 -9.6456954838e-02
8 2 3 3 3 3 9.6740739533e-02
8 2 3 3 8 1 1.2850029545e-01
8 2 3 3 8 2 9.6740768945e-02
8 2 3 3 8 3 -9.6456946920e-02
8 2 4 1 4 1 -9.6740739472e-02
8 2 4 1 4 2 -9.6456954882e-02
8 2 4 1 4 3 -1.2850030505e-01
8 2 4 1 8 1 9.6456946882e-02
8 2 4 1 8 2 9.6740768909e-02
8 2 4 1 8 3 1.2850029541e-01
8 2 4 2 4 1 -9.6456954882e-02
8 2 4 2 4 2 -5.0770030184e-02
8 2 4 2 4 3 -9.6456954891e-02
8 2 4 2 8 1 9.6456956536e-02
8 2 4 2 8 2 5.0770031857e-02
8 2 4 2 8 3 9.6456956555e-02
8 2 4 3 4 1 -1.2850030505e-01
8 2 4 3 4 2 -9.6456954891e-02
8 2 4 3 4 3 -9.6740739523e-02
8 2 4 3 8 1 1.2850029541e-01
8 2 4 3 8 2 9.6740768911e-02
8 2 4 3 8 3 9.6456946911e-02
8 2 8 1 1 1 -9.6456946903e-02
8 2 8 1 1 2 9.6456956550e-02
8 2 8 1 1 3 1.2850029543e-01
8 2 8 1 2 1 9.6456946901e-02
8 2 8 1 2 2 -9.6456956584e-02
8 2 8 1 2 3 1.2850029537e-01
8 2 8 1 3 1 -9.6456946896e-02
8 2 8 1 3 2 -9.6456956557e-02
8 2 8 1 3 3 1.2850029545e-01
8 2 8 1 4 1 9.6456946882e-02
8 2 8 1 4 2 9.6456956536e-02
8 2 8 1 4 3 1.2850029541e-01
8 2 8 1 8 3 -5.0186953730e-01
8 2 8 2 1 1 9.6740768972e-02
8 2 8 2 1 2 -5.0770031773e-02
8 2 8 2 1 3 -9.6740768950e-02
8 2 8 2 2 1 -9.6740768931e-02
8 2 8 2 2 2 5.0770031867e-02
8 2 8 2 2 3 -9.6740768931e-02
8 2 8 2 3 1 -9.6740768911e-02
8 2 8 2 3 2 -5.0770031782e-02
8 2 8 2 3 3 9.6740768945e-02
8 2 8 2 4 1 9.6740768909e-02
8 2 8 2 4 2 5.0770031857e-02
8 2 8 2 4 3 9.6740768911e-02
8 2 8 2 8 2 2.5151151583e-10
8 2 8 3 1 1 1.2850029547e-01
8 2 8 3 1 2 -9.6456956591e-02
8 2 8 3 1 3 -9.6456946843e-02
8 2 8 3 2 1 1.2850029544e-01
8 2 8 3 2 2 -9.6456956565e-02
8 2 8 3 2 3 9.6456946920e-02
8 2 8 3 3 1 1.2850029553e-01
8 2 8 3 3 2 9.6456956565e-02
8 2 8 3 3 3 -9.6456946920e-02
8 2 8 3 4 1 1.2850029541e-01
8 2 8 3 4 2 9.6456956555e-02
8 2 8 3 4 3 9.6456946911e-02
8 2 8 3 8 1 -5.0186953730e-01
8 3 1 1 1 1 9.6740739465e-02
8 3 1 1 1 2 -1.2850030503e-01
8 3 1 1 1 3 -9.6456954824e-02
8 3 1 1 8 1 -9.6456946915e-02
8 3 1 1 8 2 1.2850029545e-01
8 3 1 1 8 3 9.6740768967e-02
8 3 1 2 1 1 -1.2850030503e-01
8 3 1 2 1 2 9.6740739470e-02
8 3 1 2 1 3 9.6456954816e-02
8 3 1 2 8 1 1.2850029543e-01
8 3 1 2 8 2 -9.6456946867e-02
8 3 1 2 8 3 -9.6740768977e-02
8 3 1 3 1 1 -9.6456954824e-02
8 3 1 3 1 2 9.6456954816e-02
8 3 1 3 1 3 5.0770030123e-02
8 3 1 3 8 1 9.6456956532e-02
8 3 1 3 8 2 -9.6456956577e-02
8 3 1 3 8 3 -5.0770031805e-02
8 3 2 1 2 1 9.6740739470e-02
8 3 2 1 2 2 -1.2850030498e-01
8 3 2 1 2 3 9.6456954854e-02
8 3 2 1 8 1 -9.6456946889e-02
8 3 2 1 8 2 1.2850029548e-01
8 3 2 1 8 3 -9.6740768935e-02
8 3 2 2 2 1 -1.2850030498e-01
8 3 2 2 2 2 9.6740739506e-02
8 3 2 2 2 3 -9.6456954754e-02
8 3 2 2 8 1 1.2850029548e-01
8 3 2 2 8 2 -9.6456946867e-02
8 3 2 2 8 3 9.6740768962e-02
8 3 2 3 2 1 9.6456954854e-02
8 3 2 3 2 2 -9.6456954754e-02
8 3 2 3 2 3 5.0770030179e-02
8 3 2 3 8 1 -9.6456956486e-02
8 3 2 3 8 2 9.6456956572e-02
8 3 2 3 8 3 -5.0770031865e-02
8 3 3 1 3 1 -9.6740739460e-02
8 3 3 1 3 2 -1.2850030503e-01
8 3 3 1 3 3 9.6456954756e-02
8 3 3 1 8 1 9.6456946882e-02
8 3 3 1 8 2 1.2850029543e-01
8 3 3 1 8 3 -9.6740769001e-02
8 3 3 2 3 1 -1.2850030503e-01
8 3 3 2 3 2 -9.6740739455e-02
8 3 3 2 3 3 9.6456954816e-02
8 3 3 2 8 1 1.2850029545e-01
8 3 3 2 8 2 9.6456946848e-02
8 3 3 2 8 3 -9.6740768969e-02
8 3 3 3 3 1 9.6456954756e-02
8 3 3 3 3 2 9.6456954816e-02
8 3 3 3 3 3 -5.0770030152e-02
8 3 3 3 8 1 -9.6456956565e-02
8 3 3 3 8 2 -9.6456956565e-02
8 3 3 3 8 3 5.0770031835e-02
8 3 4 1 4 1 -9.6740739470e-02
8 3 4 1 4 2 -1.2850030507e-01
8 3 4 1 4 3 -9.6456954855e-02
8 3 4 1 8 1 9.6456946896e-02
8 3 4 1 8 2 1.2850029545e-01
8 3 4 1 8 3 9.6740768919e-02
8 3 4 2 4 1 -1.2850030507e-01
8 3 4 2 4 2 -9.6740739506e-02
8 3 4 2 4 3 -9.6456954860e-02
8 3 4 2 8 1 1.2850029542e-01
8 3 4 2 8 2 9.6456946882e-02
8 3 4 2 8 3 9.6740768909e-02
8 3 4 3 4 1 -9.6456954855e-02
8 3 4 3 4 2 -9.6456954860e-02
8 3 4 3 4 3 -5.0770030167e-02
8 3 4 3 8 1 9.6456956516e-02
8 3 4 3 8 2 9.6456956533e-02
8 3 4 3 8 3 5.0770031848e-02
8 3 8 1 1 1 -9.6456946915e-02
8 3 8 1 1 2 1.2850029543e-01
8 3 8 1 1 3 9.6456956532e-02
8 3 8 1 2 1 -9.6456946889e-02
8 3 8 1 2 2 1.2850029548e-01
8 3 8 1 2 3 -9.6456956486e-02
8 3 8 1 3 1 9.6456946882e-02
8 3 8 1 3 2 1.2850029545e-01
8 3 8 1 3 3 -9.6456956565e-02
8 3 8 1 4 1 9.6456946896e-02
8 3 8 1 4 2 1.2850029542e-01
8 3 8 1 4 3 9.6456956516e-02
8 3 8 1 8 2 -5.0186953732e-01
8 3 8 2 1 1 1.2850029545e-01
8 3 8 2 1 2 -9.6456946867e-02
8 3 8 2 1 3 -9.6456956577e-02
8 3 8 2 2 1 1.2850029548e-01
8 3 8 2 2 2 -9.6456946867e-02
8 3 8 2 2 3 9.6456956572e-02
8 3 8 2 3 1 1.2850029543e-01
8 3 8 2 3 2 9.6456946848e-02
8 3 8 2 3 3 -9.6456956565e-02
8 3 8 2 4 1 1.2850029545e-01
8 3 8 2 4 2 9.6456946882e-02
8 3 8 2 4 3 9.6456956533e-02
8 3 8 2 8 1 -5.0186953732e-01
8 3 8 3 1 1 9.6740768967e-02
8 3 8 3 1 2 -9.6740768977e-02
8 3 8 3 1 3 -5.0770031805e-02
8 3 8 3 2 1 -9.6740768935e-02
8 3 8 3 2 2 9.6740768962e-02
8 3 8 3 2 3 -5.0770031865e-02
8 3 8 3 3 1 -9.6740769001e-02
8 3 8 3 3 2 -9.6740768969e-02
8 3 8 3 3 3 5.0770031835e-02
8 3 8 3 4 1 9.6740768919e-02
8 3 8 3 4 2 9.6740768909e-02
8 3 8 3 4 3 5.0770031848e-02
8 3 8 3 8 3 2.5151151583e-10
